chair 0.9992 127 207 247 375
chair 0.9937 253 212 368 370
chair 0.0864 276 188 306 232
chair 0.0738 295 194 329 247
chair 0.0333 239 192 323 347
chair 0.0048 176 217 258 367
chair 0.0041 277 190 318 247
chair 0.0034 143 190 264 314
chair 0.0032 244 186 310 235
chair 0.0026 197 199 277 339
chair 0.0023 0 174 12 358
chair 0.0021 0 199 6 327
chair 0.0016 153 181 204 212
chair 0.0014 192 199 290 240
chair 0.0013 0 242 15 377
chair 0.0012 451 305 497 374
chair 0.0012 477 273 500 374
chair 0.0011 210 218 310 369
diningtable 0.9811 129 211 377 379
diningtable 0.0016 192 221 281 365
diningtable 0.0011 210 267 374 373
pottedplant 0.0024 206 188 309 236
tvmonitor 0.0050 480 217 499 373
