bicycle 0.0010 293 132 330 163
bottle 0.0071 470 341 499 374
bottle 0.0025 453 352 499 374
bottle 0.0011 488 324 500 376
car 0.0011 309 133 331 147
chair 0.9982 337 153 388 231
chair 0.9978 289 175 342 272
chair 0.9910 136 175 195 277
chair 0.9760 230 189 288 305
chair 0.5004 1 274 136 374
chair 0.4443 222 164 262 183
chair 0.1844 279 165 329 252
chair 0.1030 281 162 323 186
chair 0.0139 219 172 258 248
chair 0.0047 278 158 328 210
chair 0.0027 207 182 242 264
chair 0.0027 209 176 280 278
chair 0.0023 277 163 292 184
chair 0.0014 231 179 283 243
chair 0.0013 1 327 133 375
chair 0.0012 0 270 23 376
chair 0.0012 157 176 237 275
chair 0.0012 472 299 499 376
chair 0.0011 307 132 331 162
chair 0.0011 278 139 326 193
diningtable 0.5295 163 185 339 286
diningtable 0.0953 227 185 315 294
diningtable 0.0022 223 190 294 259
tvmonitor 0.0018 491 178 499 204
