cat 0.9878 67 73 336 164
cat 0.0104 341 177 359 248
cat 0.0088 30 42 381 188
cat 0.0041 345 117 359 246
cat 0.0022 343 208 359 243
cat 0.0021 320 92 360 251
cat 0.0011 268 10 360 258
chair 0.0266 269 0 356 32
chair 0.0116 225 1 360 97
chair 0.0108 192 1 292 28
chair 0.0085 173 0 358 58
chair 0.0083 172 1 257 25
chair 0.0048 117 -2 353 31
chair 0.0041 95 0 163 12
chair 0.0035 56 0 356 103
chair 0.0034 0 -4 5 39
chair 0.0017 262 -7 359 189
chair 0.0014 284 -2 361 115
chair 0.0014 322 0 358 35
chair 0.0013 318 34 360 245
chair 0.0012 171 0 224 14
chair 0.0012 0 0 5 15
chair 0.0011 288 -8 359 62
chair 0.0011 130 0 194 14
chair 0.0011 281 -2 366 19
chair 0.0011 339 0 359 4
chair 0.0011 82 0 160 6
pottedplant 0.0046 188 0 232 13
pottedplant 0.0028 180 0 228 7
pottedplant 0.0023 111 0 171 7
pottedplant 0.0013 0 0 6 7
pottedplant 0.0012 117 0 178 12
sofa 0.1917 60 0 169 30
sofa 0.0189 57 0 192 50
sofa 0.0082 72 -3 341 31
sofa 0.0066 61 0 197 16
sofa 0.0034 104 0 165 12
sofa 0.0016 72 0 155 6
sofa 0.0011 19 55 346 257
tvmonitor 0.0066 78 0 210 15
tvmonitor 0.0051 104 0 165 7
tvmonitor 0.0050 118 0 227 25
