bird 0.9974 178 228 232 371
bird 0.9960 307 187 407 286
bird 0.9517 223 203 346 348
bird 0.0197 328 155 428 267
bird 0.0102 157 226 350 368
bird 0.0101 296 149 428 348
bird 0.0096 487 201 499 252
bird 0.0045 321 226 344 255
bird 0.0032 336 159 423 207
bird 0.0026 317 237 342 276
bird 0.0026 490 213 498 240
bird 0.0025 444 76 500 369
bird 0.0014 346 72 396 146
bird 0.0014 491 163 499 247
bird 0.0012 485 125 500 322
bird 0.0012 322 35 479 333
chair 0.0087 1 207 93 381
chair 0.0043 0 185 54 348
chair 0.0012 0 211 16 379
person 0.9970 61 7 363 371
pottedplant 0.0290 -1 64 53 349
pottedplant 0.0015 -4 4 121 375
pottedplant 0.0013 0 98 20 316
pottedplant 0.0011 2 68 90 293
