bus 0.9966 87 88 494 206
bus 0.0016 91 90 328 172
car 0.9949 398 149 500 218
car 0.9880 -2 141 140 200
car 0.0408 3 116 67 200
car 0.0321 -2 133 89 185
car 0.0067 0 140 50 193
car 0.0024 0 145 5 162
car 0.0021 1 143 22 192
car 0.0021 62 141 138 195
car 0.0019 407 143 501 175
car 0.0012 473 146 499 172
car 0.0010 0 136 8 173
person 0.9530 28 110 66 206
person 0.0128 1 132 12 157
person 0.0061 3 132 11 148
person 0.0035 0 140 7 158
person 0.0033 3 136 93 210
person 0.0029 0 142 5 197
person 0.0015 -1 150 49 200
person 0.0013 0 138 23 159
person 0.0013 4 133 16 147
person 0.0010 0 156 3 183
