car 0.0041 452 172 500 254
car 0.0030 475 198 494 211
horse 0.9991 38 152 240 330
horse 0.3376 453 197 500 255
horse 0.0984 229 189 301 308
horse 0.0086 471 209 499 257
horse 0.0028 221 187 251 257
horse 0.0026 449 186 498 320
horse 0.0021 454 202 479 249
horse 0.0020 65 149 182 306
horse 0.0016 463 207 489 259
horse 0.0013 487 193 499 261
horse 0.0010 469 202 499 297
person 0.9991 64 115 160 244
person 0.9891 0 173 26 268
person 0.9835 323 169 351 287
person 0.8703 25 178 45 228
person 0.1894 233 181 299 298
person 0.0945 35 177 50 222
person 0.0714 242 181 290 232
person 0.0650 39 178 51 199
person 0.0291 8 175 38 265
person 0.0125 223 204 244 234
person 0.0078 495 228 500 256
person 0.0056 219 189 247 223
person 0.0051 41 175 56 232
person 0.0050 1 196 22 305
person 0.0043 0 166 10 273
person 0.0034 1 171 23 222
person 0.0033 326 170 351 223
person 0.0027 256 181 289 219
person 0.0024 222 189 251 284
person 0.0023 226 214 240 235
person 0.0021 494 192 499 217
person 0.0021 221 182 253 238
person 0.0021 489 184 499 241
person 0.0021 239 201 247 224
person 0.0020 489 201 499 266
person 0.0020 10 213 32 254
person 0.0019 14 174 35 224
person 0.0019 52 97 204 291
person 0.0018 239 207 249 231
person 0.0016 0 165 9 187
person 0.0015 28 178 41 202
person 0.0014 39 182 49 211
person 0.0014 493 212 500 299
person 0.0014 335 176 364 274
person 0.0013 277 190 311 288
person 0.0013 350 220 364 264
person 0.0010 492 147 500 221
