bicycle 0.0158 329 73 386 141
car 0.0021 31 38 68 61
motorbike 0.9945 254 128 382 314
motorbike 0.2155 330 65 386 134
motorbike 0.0107 348 52 387 123
person 0.9968 270 77 387 227
person 0.7754 180 70 223 118
person 0.5646 331 24 374 117
person 0.1722 410 44 424 64
person 0.1499 424 45 434 64
person 0.1131 449 43 468 66
person 0.1129 382 36 408 64
person 0.0925 319 28 365 90
person 0.0777 431 42 450 65
person 0.0771 465 42 485 66
person 0.0257 330 28 369 71
person 0.0187 366 43 386 66
person 0.0150 300 38 320 62
person 0.0133 260 45 272 62
person 0.0104 380 31 407 88
person 0.0101 191 69 219 100
person 0.0085 457 43 490 96
person 0.0081 381 24 402 63
person 0.0079 272 40 291 62
person 0.0074 479 41 490 59
person 0.0073 473 42 492 66
person 0.0072 409 46 424 91
person 0.0069 350 31 386 112
person 0.0067 402 42 419 66
person 0.0056 449 46 466 90
person 0.0055 456 43 469 59
person 0.0050 456 44 472 94
person 0.0042 212 42 236 68
person 0.0036 422 45 434 91
person 0.0031 387 44 406 64
person 0.0030 319 44 364 125
person 0.0030 345 30 371 66
person 0.0026 493 44 500 66
person 0.0025 264 46 279 62
person 0.0022 382 23 398 50
person 0.0021 424 52 433 69
person 0.0021 235 37 252 63
person 0.0019 430 46 447 91
person 0.0018 357 35 385 65
person 0.0017 228 46 241 63
person 0.0016 287 46 302 62
person 0.0015 237 47 250 63
person 0.0015 292 38 314 62
person 0.0015 284 39 304 62
person 0.0013 399 45 428 96
person 0.0013 402 47 415 91
person 0.0012 437 47 451 90
person 0.0012 432 53 446 68
person 0.0010 453 39 474 64
person 0.0010 435 45 468 96
person 0.0010 319 42 344 82
