bottle 0.0010 461 188 475 229
chair 0.5187 7 248 182 331
chair 0.0802 0 192 102 332
chair 0.0605 445 269 500 332
chair 0.0130 4 200 243 331
chair 0.0102 470 247 500 328
chair 0.0061 21 287 231 331
chair 0.0059 452 229 499 323
chair 0.0049 369 247 502 333
chair 0.0039 410 288 497 333
chair 0.0039 41 254 288 333
chair 0.0031 0 188 19 335
chair 0.0027 490 265 500 330
chair 0.0017 0 272 48 332
chair 0.0016 1 291 91 333
chair 0.0013 474 290 501 330
diningtable 0.5556 104 189 465 334
diningtable 0.0067 97 250 406 336
diningtable 0.0028 122 186 298 306
diningtable 0.0022 33 97 475 344
diningtable 0.0017 83 295 420 335
diningtable 0.0011 272 214 475 332
horse 0.0036 9 86 163 196
person 0.9945 0 89 183 335
person 0.9722 240 98 285 176
person 0.9188 251 138 303 189
person 0.7993 0 107 28 160
person 0.7821 257 95 338 193
person 0.6914 144 139 208 203
person 0.6330 326 112 456 217
person 0.6259 465 125 500 223
person 0.6021 319 57 356 130
person 0.5104 436 49 501 192
person 0.3677 433 112 453 139
person 0.2965 349 64 388 123
person 0.2450 435 124 501 322
person 0.1817 446 123 498 248
person 0.1735 319 62 389 156
person 0.1289 0 117 23 201
person 0.1186 409 192 500 334
person 0.1109 114 122 209 320
person 0.0948 0 136 13 186
person 0.0935 320 83 395 210
person 0.0924 248 141 338 197
person 0.0852 0 102 52 321
person 0.0644 336 58 379 112
person 0.0615 267 133 322 190
person 0.0610 327 58 354 99
person 0.0474 370 109 507 336
person 0.0460 430 108 466 163
person 0.0450 0 112 21 309
person 0.0358 315 76 361 163
person 0.0345 431 113 470 205
person 0.0328 0 129 93 344
person 0.0311 88 90 163 331
person 0.0287 29 117 58 146
person 0.0268 352 64 380 97
person 0.0239 464 107 503 312
person 0.0188 477 127 500 292
person 0.0168 319 90 474 297
person 0.0134 344 83 393 156
person 0.0132 327 94 383 169
person 0.0130 0 117 13 169
person 0.0124 72 150 269 337
person 0.0120 177 103 196 130
person 0.0113 287 116 338 196
person 0.0093 0 105 16 146
person 0.0088 478 200 500 323
person 0.0088 139 139 214 260
person 0.0085 476 88 500 204
person 0.0073 1 112 42 178
person 0.0070 477 47 500 168
person 0.0068 461 37 504 230
person 0.0067 0 142 10 221
person 0.0063 239 114 323 181
person 0.0063 25 113 64 156
person 0.0055 270 141 298 183
person 0.0051 315 212 500 334
person 0.0051 419 115 455 202
person 0.0051 248 155 494 336
person 0.0050 113 66 305 325
person 0.0041 142 139 192 172
person 0.0041 71 96 147 248
person 0.0040 336 171 452 224
person 0.0040 388 115 473 228
person 0.0037 0 128 23 170
person 0.0036 171 103 189 130
person 0.0032 491 247 499 321
person 0.0030 -24 87 374 341
person 0.0029 206 76 458 309
person 0.0027 412 7 500 163
person 0.0026 422 86 490 210
person 0.0024 1 99 41 152
person 0.0024 175 163 203 189
person 0.0022 452 210 497 314
person 0.0022 0 136 9 163
person 0.0022 490 130 500 222
person 0.0021 95 118 197 231
person 0.0021 105 178 182 323
person 0.0021 178 168 198 182
person 0.0021 1 130 44 210
person 0.0020 325 17 478 211
person 0.0020 434 113 476 148
person 0.0019 278 136 304 179
person 0.0019 122 45 527 341
person 0.0019 0 147 31 348
person 0.0015 390 159 482 316
person 0.0015 11 122 31 164
person 0.0014 248 93 294 156
person 0.0014 489 82 500 154
person 0.0013 165 165 205 198
person 0.0012 251 88 400 200
person 0.0012 0 147 9 176
person 0.0011 1 104 22 133
person 0.0011 186 99 199 127
person 0.0011 348 90 387 120
person 0.0011 303 58 373 111
person 0.0011 313 122 403 245
person 0.0011 249 137 279 177
person 0.0010 5 136 41 283
person 0.0010 453 166 496 278
person 0.0010 324 126 425 194
person 0.0010 331 97 387 124
person 0.0010 32 87 142 205
person 0.0010 0 125 9 149
person 0.0010 449 39 498 129
person 0.0010 0 103 94 242
person 0.0010 320 81 344 129
person 0.0010 0 153 23 209
person 0.0010 -4 112 59 156
pottedplant 0.0023 491 243 500 313
