bottle 0.9962 414 105 498 340
bottle 0.0325 481 99 499 318
bottle 0.0294 473 98 499 204
bottle 0.0175 490 113 499 197
bottle 0.0081 492 158 499 265
bottle 0.0067 0 304 52 375
bottle 0.0067 476 126 499 182
bottle 0.0055 487 145 499 359
bottle 0.0047 421 95 453 154
bottle 0.0045 492 125 500 227
bottle 0.0031 112 84 140 109
bottle 0.0031 438 88 500 274
bottle 0.0015 263 48 270 69
bottle 0.0014 474 110 499 155
bottle 0.0013 185 321 225 375
bottle 0.0012 493 189 499 307
bottle 0.0012 245 142 349 194
bottle 0.0010 467 123 488 170
bottle 0.0010 488 97 500 153
bottle 0.0010 495 167 500 199
chair 0.0094 4 63 190 367
chair 0.0020 5 282 193 375
chair 0.0013 0 229 266 374
diningtable 0.0047 225 169 497 382
diningtable 0.0020 14 281 249 376
diningtable 0.0011 13 228 325 374
person 0.9974 8 7 271 354
person 0.6727 211 85 444 360
person 0.0096 0 13 121 360
person 0.0094 183 94 332 350
person 0.0086 297 76 504 368
person 0.0047 470 73 501 286
person 0.0039 0 23 58 335
person 0.0029 188 144 323 274
person 0.0028 0 102 14 344
person 0.0027 476 1 500 128
person 0.0024 29 70 464 370
person 0.0020 -1 173 57 387
person 0.0015 -1 22 28 334
pottedplant 0.2058 474 91 500 131
pottedplant 0.0235 473 82 499 159
pottedplant 0.0200 485 81 499 129
pottedplant 0.0057 477 28 500 130
pottedplant 0.0023 492 96 500 127
pottedplant 0.0021 488 54 500 127
