bottle 0.0038 223 350 274 368
cat 0.0885 338 60 375 105
cat 0.0061 324 60 362 104
cat 0.0031 364 55 375 105
cat 0.0027 336 27 377 112
cat 0.0025 351 46 374 123
cat 0.0016 336 55 375 149
cat 0.0016 310 58 373 113
cat 0.0014 339 58 360 92
chair 0.9924 1 152 124 322
chair 0.0034 302 160 374 359
chair 0.0028 0 135 15 306
chair 0.0019 0 165 5 305
chair 0.0011 0 243 4 399
person 0.9970 122 99 262 398
person 0.9208 142 137 224 386
person 0.0252 89 42 248 324
person 0.0075 13 8 303 414
person 0.0027 172 32 310 385
person 0.0011 283 34 375 384
pottedplant 0.0031 215 -3 323 347
pottedplant 0.0016 117 12 304 269
tvmonitor 0.0011 365 46 375 100
