car 0.0173 472 172 500 203
car 0.0029 459 171 498 194
car 0.0022 451 158 499 212
car 0.0019 473 159 499 193
horse 0.9929 122 114 358 315
horse 0.0074 395 186 416 229
horse 0.0020 319 162 361 228
horse 0.0017 68 106 513 324
horse 0.0016 101 108 318 216
horse 0.0011 195 142 362 285
person 0.9832 204 53 282 210
person 0.1296 77 116 104 155
person 0.0854 486 169 500 205
person 0.0179 488 150 500 201
person 0.0102 479 150 500 218
person 0.0093 482 160 500 259
person 0.0066 476 175 499 210
person 0.0048 488 181 498 206
person 0.0044 149 174 169 213
person 0.0028 12 114 32 149
person 0.0028 490 169 499 195
person 0.0019 0 104 9 157
person 0.0016 427 181 447 208
person 0.0012 479 180 500 316
person 0.0011 474 242 499 329
person 0.0010 490 166 500 259
person 0.0010 489 127 499 184
pottedplant 0.0022 149 172 169 204
