motorbike 0.9994 56 48 452 366
motorbike 0.7387 107 40 150 83
motorbike 0.3192 146 52 187 85
motorbike 0.2554 39 46 85 75
motorbike 0.1327 28 31 101 77
motorbike 0.0915 120 49 153 85
motorbike 0.0612 59 47 99 75
motorbike 0.0426 125 43 198 86
motorbike 0.0225 104 49 133 83
motorbike 0.0190 31 37 74 73
motorbike 0.0155 100 42 124 79
motorbike 0.0140 66 31 104 76
motorbike 0.0104 86 37 112 72
motorbike 0.0077 142 30 185 79
motorbike 0.0077 183 36 222 93
motorbike 0.0068 143 41 172 82
motorbike 0.0066 117 30 160 80
motorbike 0.0047 103 33 183 78
motorbike 0.0035 185 54 205 94
motorbike 0.0028 175 50 199 87
motorbike 0.0021 88 37 127 84
motorbike 0.0020 135 50 162 86
motorbike 0.0017 65 33 150 75
motorbike 0.0016 153 44 197 80
motorbike 0.0015 57 37 87 72
motorbike 0.0011 98 35 143 60
person 0.0080 124 38 148 72
person 0.0025 129 39 146 55
person 0.0011 134 39 161 84
person 0.0011 144 36 169 73
