chair 0.9970 29 250 184 376
chair 0.9946 340 247 485 377
chair 0.9740 256 151 298 232
chair 0.7173 184 191 254 339
chair 0.1168 127 165 170 186
chair 0.0851 102 179 185 292
chair 0.0039 474 325 500 375
chair 0.0021 193 159 238 181
chair 0.0018 160 169 192 224
chair 0.0016 480 236 500 383
chair 0.0012 256 168 294 212
chair 0.0011 275 151 303 236
chair 0.0011 188 156 247 203
chair 0.0010 161 162 247 293
diningtable 0.5328 78 182 276 357
diningtable 0.0416 24 228 215 379
diningtable 0.0048 120 187 245 318
dog 0.0010 474 350 501 376
pottedplant 0.0409 159 182 190 218
pottedplant 0.0020 492 271 499 371
tvmonitor 0.0010 483 185 500 379
