chair 0.0429 0 264 90 375
chair 0.0081 402 201 501 363
chair 0.0061 0 304 51 373
chair 0.0054 -2 331 96 375
chair 0.0025 -12 353 145 375
chair 0.0022 0 250 29 287
chair 0.0019 0 301 27 376
chair 0.0010 451 300 497 374
person 0.1955 -3 251 134 371
person 0.0668 0 253 64 369
person 0.0018 0 256 25 366
person 0.0011 0 248 51 314
person 0.0010 0 236 22 324
pottedplant 0.9308 34 253 86 301
pottedplant 0.5583 456 205 499 264
pottedplant 0.0068 453 167 500 257
pottedplant 0.0032 485 204 500 262
pottedplant 0.0026 444 187 499 317
pottedplant 0.0026 443 117 501 269
pottedplant 0.0023 38 266 69 297
pottedplant 0.0021 475 201 499 330
pottedplant 0.0018 18 220 104 315
pottedplant 0.0015 405 208 502 262
pottedplant 0.0014 476 133 499 255
pottedplant 0.0011 402 182 502 325
sofa 0.0315 -1 273 133 372
sofa 0.0028 194 191 333 225
sofa 0.0020 -2 284 252 374
sofa 0.0011 82 201 346 299
