chair 0.0012 152 0 183 7
chair 0.0012 0 57 8 140
dog 0.9508 33 18 476 418
dog 0.0380 76 101 343 400
dog 0.0227 7 36 264 392
person 0.6641 0 22 352 360
person 0.5969 78 0 489 390
person 0.2424 0 1 177 315
person 0.0482 288 -1 348 94
person 0.0352 304 -15 501 397
person 0.0303 307 0 491 108
person 0.0196 215 0 304 53
person 0.0148 441 -1 500 87
person 0.0122 128 0 365 103
person 0.0111 -1 3 96 248
person 0.0098 241 0 291 42
person 0.0081 230 0 430 105
person 0.0078 91 0 149 28
person 0.0070 101 0 150 56
person 0.0057 293 0 350 26
person 0.0054 487 0 499 22
person 0.0053 474 0 499 11
person 0.0053 448 0 501 23
person 0.0051 87 -12 338 246
person 0.0049 231 -1 328 81
person 0.0039 277 0 355 55
person 0.0037 183 0 209 10
person 0.0031 6 -2 167 169
person 0.0029 162 0 191 9
person 0.0026 109 0 164 25
person 0.0025 158 0 215 12
person 0.0024 170 0 201 9
person 0.0024 473 0 500 25
person 0.0023 445 0 503 12
person 0.0022 268 -4 480 179
person 0.0020 0 32 14 292
person 0.0018 192 0 217 9
person 0.0018 273 0 332 24
person 0.0017 0 24 7 137
person 0.0016 293 -5 374 152
person 0.0016 470 27 501 398
person 0.0016 374 76 503 440
person 0.0016 0 0 18 152
person 0.0016 97 0 160 11
person 0.0014 438 -9 500 166
person 0.0014 84 -1 130 57
person 0.0013 77 0 124 27
person 0.0013 443 12 500 381
person 0.0012 103 6 183 70
person 0.0011 487 -6 499 48
person 0.0011 101 0 219 50
person 0.0011 121 0 156 7
person 0.0011 275 5 330 104
person 0.0011 289 0 354 12
person 0.0010 143 -6 430 181
person 0.0010 484 64 499 364
