bird 0.0015 55 256 92 304
boat 0.6670 308 106 496 297
boat 0.5787 0 143 172 256
boat 0.4622 17 124 313 285
boat 0.3146 162 59 319 296
boat 0.1066 17 74 496 326
boat 0.0130 94 134 396 318
boat 0.0125 44 271 464 352
boat 0.0056 94 255 323 330
boat 0.0045 -1 126 142 337
boat 0.0041 20 265 172 355
boat 0.0026 306 278 499 355
boat 0.0024 131 117 310 251
boat 0.0020 146 172 499 343
boat 0.0016 119 262 320 302
boat 0.0015 60 315 445 358
boat 0.0013 262 178 488 285
boat 0.0011 110 174 315 286
boat 0.0011 9 118 122 232
boat 0.0011 -3 156 286 356
boat 0.0011 369 297 501 350
boat 0.0010 5 180 267 272
