car 0.8882 0 166 498 377
car 0.0304 303 177 500 372
car 0.0106 3 156 84 204
car 0.0052 144 87 585 397
car 0.0049 48 156 84 205
car 0.0021 405 179 499 380
car 0.0020 87 204 408 286
car 0.0019 257 214 477 325
car 0.0019 56 130 128 198
car 0.0018 0 252 6 360
car 0.0017 49 161 75 190
car 0.0010 0 161 133 268
person 0.9981 286 195 390 283
person 0.9975 295 93 345 218
person 0.9930 72 104 123 191
person 0.9918 17 171 71 274
person 0.9900 61 161 119 258
person 0.8370 260 155 304 226
person 0.8065 111 153 163 235
person 0.7079 188 45 279 255
person 0.6559 8 130 44 198
person 0.6132 0 209 20 298
person 0.4653 1 140 23 197
person 0.3554 386 183 409 217
person 0.2000 159 168 192 219
person 0.1485 383 169 486 279
person 0.1264 0 159 25 258
person 0.1033 273 175 450 277
person 0.0818 7 161 54 260
person 0.0676 139 34 288 327
person 0.0544 312 193 494 294
person 0.0541 0 145 7 207
person 0.0498 16 130 45 169
person 0.0410 1 134 23 164
person 0.0363 375 191 451 308
person 0.0348 0 136 10 187
person 0.0345 384 183 438 260
person 0.0318 0 171 9 240
person 0.0305 19 166 71 226
person 0.0298 0 213 17 373
person 0.0292 260 154 466 342
person 0.0224 383 182 416 236
person 0.0201 474 184 499 261
person 0.0201 0 158 4 193
person 0.0152 0 208 11 314
person 0.0149 387 186 426 220
person 0.0140 402 182 499 321
person 0.0137 399 180 498 241
person 0.0134 4 138 20 159
person 0.0129 70 112 131 246
person 0.0110 449 185 499 257
person 0.0109 0 140 7 168
person 0.0095 25 55 411 379
person 0.0084 1 176 22 234
person 0.0078 0 215 6 339
person 0.0070 0 146 5 177
person 0.0069 0 173 4 207
person 0.0062 0 128 7 152
person 0.0060 0 119 10 161
person 0.0058 12 160 173 261
person 0.0052 368 145 506 356
person 0.0045 -1 124 59 239
person 0.0041 80 156 165 278
person 0.0040 0 199 21 253
person 0.0040 141 161 191 250
person 0.0039 0 120 6 146
person 0.0039 0 188 5 221
person 0.0038 64 143 115 219
person 0.0035 400 182 459 262
person 0.0033 430 171 502 278
person 0.0032 293 152 339 230
person 0.0032 400 132 500 261
person 0.0030 422 185 484 259
person 0.0030 390 187 405 211
person 0.0030 18 148 43 202
person 0.0026 -6 149 67 209
person 0.0025 247 157 286 232
person 0.0025 479 182 499 318
person 0.0024 3 133 20 150
person 0.0023 267 159 298 207
person 0.0020 -2 132 60 178
person 0.0019 374 192 421 282
person 0.0018 0 114 5 138
person 0.0015 489 180 499 244
person 0.0014 -5 136 34 284
person 0.0013 166 44 247 229
person 0.0012 30 109 231 327
person 0.0012 48 146 205 236
person 0.0011 439 195 491 230
person 0.0011 11 129 37 155
person 0.0011 488 197 499 272
person 0.0010 4 212 42 289
person 0.0010 0 98 8 154
