bus 0.9991 -4 53 502 334
bus 0.1326 0 154 16 265
bus 0.0206 0 148 7 275
bus 0.0047 4 161 39 257
bus 0.0034 493 163 499 232
car 0.0063 0 187 8 280
person 0.7374 471 226 500 368
person 0.5515 474 209 499 294
person 0.0760 489 215 499 281
person 0.0419 451 205 498 361
person 0.0172 477 208 496 260
person 0.0061 0 168 7 285
person 0.0060 491 195 499 257
person 0.0058 462 201 493 303
person 0.0032 495 218 500 249
person 0.0030 494 239 500 272
person 0.0023 457 267 497 377
person 0.0022 495 199 499 225
person 0.0017 495 191 500 219
person 0.0015 0 172 14 331
person 0.0012 488 237 499 358
