cat 0.0182 238 378 369 497
chair 0.0122 1 117 95 464
chair 0.0101 1 97 201 480
chair 0.0040 0 322 142 491
chair 0.0030 -6 381 261 503
chair 0.0024 0 211 77 424
chair 0.0016 3 205 125 372
chair 0.0014 0 440 313 500
diningtable 0.0014 11 441 357 499
dog 0.0025 270 376 373 498
dog 0.0018 129 389 369 499
person 0.9926 2 -14 260 446
person 0.9406 83 1 292 363
person 0.2813 336 83 374 435
person 0.1406 -7 144 326 505
person 0.0110 103 21 376 479
person 0.0056 349 180 375 487
person 0.0052 357 116 374 438
person 0.0042 303 104 375 375
person 0.0036 -10 316 378 506
person 0.0020 342 158 369 394
person 0.0019 360 235 375 473
person 0.0011 334 268 374 478
person 0.0010 0 88 9 430
tvmonitor 0.0253 232 81 304 161
