sheep 0.9359 72 286 109 313
sheep 0.6597 116 291 136 311
sheep 0.6463 404 270 419 282
sheep 0.3768 264 265 277 274
sheep 0.2079 460 274 487 284
sheep 0.1504 69 292 94 315
sheep 0.1237 330 272 353 280
sheep 0.1154 391 271 403 280
sheep 0.0859 368 269 383 280
sheep 0.0820 174 266 203 275
sheep 0.0539 310 271 328 280
sheep 0.0482 93 287 109 311
sheep 0.0290 439 276 452 283
sheep 0.0225 94 297 111 312
sheep 0.0185 441 231 451 239
sheep 0.0179 69 298 80 313
sheep 0.0137 489 192 498 200
sheep 0.0095 405 195 417 202
sheep 0.0085 78 290 104 309
sheep 0.0079 496 248 500 264
sheep 0.0071 475 225 489 232
sheep 0.0061 189 214 198 221
sheep 0.0049 318 272 344 280
sheep 0.0043 362 202 373 211
sheep 0.0041 380 271 401 280
sheep 0.0038 328 211 336 217
sheep 0.0036 399 267 421 286
sheep 0.0033 227 200 236 207
sheep 0.0030 355 201 364 208
sheep 0.0028 212 212 221 221
sheep 0.0026 475 278 491 286
sheep 0.0025 472 276 492 283
sheep 0.0023 91 286 109 300
sheep 0.0022 493 271 500 284
sheep 0.0022 490 187 499 198
sheep 0.0022 456 277 480 286
sheep 0.0020 429 275 448 283
sheep 0.0020 168 261 180 267
sheep 0.0019 340 200 348 208
sheep 0.0019 87 288 134 311
sheep 0.0019 444 276 468 283
sheep 0.0016 78 287 104 299
sheep 0.0015 319 272 362 281
sheep 0.0015 386 196 396 203
sheep 0.0015 495 259 500 280
sheep 0.0014 270 267 293 274
sheep 0.0014 234 268 255 275
sheep 0.0013 219 269 251 275
sheep 0.0012 300 246 311 254
sheep 0.0011 243 268 264 274
sheep 0.0011 281 272 303 279
sheep 0.0010 170 202 177 209
sheep 0.0010 100 291 114 308
sheep 0.0010 74 288 90 298
