boat 0.0016 0 69 22 205
car 0.9926 286 173 499 282
car 0.3208 3 144 50 277
car 0.2715 373 172 494 219
car 0.1121 139 167 177 244
car 0.0835 0 183 9 242
car 0.0657 0 171 25 247
car 0.0653 490 173 500 234
car 0.0571 169 158 273 262
car 0.0566 26 154 111 284
car 0.0337 3 157 175 276
car 0.0323 -1 177 103 237
car 0.0281 164 175 245 239
car 0.0182 0 100 21 232
car 0.0169 481 165 500 280
car 0.0151 102 163 172 280
car 0.0114 6 138 44 229
car 0.0093 492 191 500 276
car 0.0068 493 187 499 221
car 0.0067 -10 164 64 230
car 0.0038 -11 187 65 257
car 0.0038 0 194 6 257
car 0.0028 479 179 499 229
car 0.0025 313 164 498 232
car 0.0024 496 208 500 244
car 0.0023 50 162 91 258
car 0.0022 495 194 499 230
car 0.0020 19 166 68 250
car 0.0016 0 217 4 250
car 0.0016 47 172 124 249
car 0.0015 0 198 4 239
car 0.0014 -3 105 33 255
car 0.0014 0 156 9 226
car 0.0010 494 156 499 184
person 0.9989 315 135 365 194
person 0.9874 220 149 263 275
person 0.9841 63 149 111 287
person 0.9803 107 155 144 292
person 0.9723 9 146 44 272
person 0.8903 268 140 326 270
person 0.8449 258 141 287 269
person 0.0692 491 171 500 225
person 0.0332 276 138 328 203
person 0.0223 494 174 500 207
person 0.0097 492 156 499 212
person 0.0047 495 162 500 192
person 0.0024 270 135 369 197
person 0.0022 54 162 91 279
person 0.0018 0 143 7 223
person 0.0015 297 134 337 202
person 0.0015 203 177 279 262
person 0.0010 91 154 125 291
