dog 0.8919 33 192 472 332
person 0.8095 164 26 354 202
person 0.1397 1 107 494 331
person 0.0211 20 12 332 211
person 0.0119 5 1 178 221
person 0.0018 158 24 411 303
pottedplant 0.7710 116 0 299 66
pottedplant 0.0500 87 1 344 186
pottedplant 0.0180 116 0 252 43
pottedplant 0.0175 126 13 238 67
pottedplant 0.0118 33 0 252 71
pottedplant 0.0068 154 7 337 106
pottedplant 0.0055 86 8 279 100
pottedplant 0.0039 177 2 384 74
pottedplant 0.0032 161 0 320 41
pottedplant 0.0019 190 -7 449 194
pottedplant 0.0017 101 0 299 22
pottedplant 0.0015 72 0 219 37
pottedplant 0.0010 119 -2 220 88
