bottle 0.0039 383 209 485 263
bottle 0.0020 381 146 489 298
chair 0.3998 319 66 499 362
chair 0.1271 4 122 280 307
chair 0.0934 126 146 286 288
chair 0.0192 326 154 493 280
chair 0.0034 326 144 424 328
chair 0.0032 141 121 343 319
chair 0.0017 10 145 178 283
chair 0.0016 250 133 341 317
chair 0.0016 -4 80 140 345
chair 0.0016 356 166 507 375
chair 0.0012 0 124 15 322
chair 0.0011 93 149 319 382
person 0.9957 10 24 162 297
person 0.9702 322 32 495 290
person 0.0281 442 35 500 350
person 0.0128 398 113 502 331
person 0.0110 482 28 499 186
person 0.0092 470 25 501 332
person 0.0074 484 44 500 285
person 0.0045 12 30 161 162
person 0.0026 409 25 499 274
person 0.0021 32 17 299 301
person 0.0015 324 241 489 373
person 0.0014 440 180 500 380
person 0.0014 1 0 58 273
person 0.0013 365 -16 502 228
person 0.0012 483 144 500 359
person 0.0011 490 73 500 177
person 0.0010 472 -24 500 207
tvmonitor 0.0014 3 287 282 370
