bottle 0.0032 199 365 250 375
bottle 0.0031 192 338 241 374
bottle 0.0018 178 364 235 374
bottle 0.0018 185 355 230 374
bottle 0.0010 190 365 223 374
chair 0.6554 25 62 255 370
chair 0.0393 -1 38 123 339
chair 0.0202 9 51 189 273
chair 0.0059 0 51 58 278
chair 0.0030 90 115 406 375
chair 0.0027 80 175 253 314
chair 0.0026 243 14 486 364
chair 0.0020 131 41 169 67
chair 0.0017 134 15 284 132
chair 0.0016 0 43 94 171
chair 0.0016 62 60 116 149
chair 0.0012 379 50 490 219
chair 0.0012 373 28 500 348
chair 0.0010 0 72 19 257
person 0.9678 138 17 419 366
person 0.7974 59 65 263 368
person 0.4334 106 68 213 203
person 0.0696 87 55 245 265
person 0.0581 107 66 192 143
person 0.0177 -17 33 365 348
person 0.0119 73 57 211 155
person 0.0067 139 129 262 289
person 0.0023 113 108 215 279
person 0.0015 118 63 281 189
person 0.0012 484 73 500 285
person 0.0012 0 183 14 380
person 0.0012 63 51 114 140
sofa 0.1513 104 8 461 327
