bottle 0.0054 84 4 133 64
bottle 0.0018 117 0 325 264
cat 0.0037 0 -5 35 289
cat 0.0027 0 1 32 131
cat 0.0011 0 21 13 265
person 0.9982 3 94 329 496
person 0.0057 292 86 333 467
person 0.0053 202 90 332 491
person 0.0043 0 19 85 478
person 0.0038 295 34 332 291
person 0.0037 0 13 17 462
person 0.0037 0 34 40 481
person 0.0031 0 43 8 436
person 0.0021 323 149 332 445
person 0.0016 270 183 334 448
person 0.0014 2 34 173 472
person 0.0012 312 73 334 480
person 0.0010 246 6 334 424
sheep 0.0011 0 27 12 296
