chair 0.9479 337 193 455 366
chair 0.2880 442 147 500 329
chair 0.2774 453 148 499 216
chair 0.0188 316 166 400 341
chair 0.0181 274 167 348 327
chair 0.0151 476 273 500 375
chair 0.0140 452 162 497 280
chair 0.0095 325 99 477 354
chair 0.0090 392 136 481 341
chair 0.0072 475 338 499 374
chair 0.0052 228 167 439 375
chair 0.0048 479 199 500 361
chair 0.0048 475 157 500 315
chair 0.0035 490 135 499 217
chair 0.0031 452 273 499 374
chair 0.0025 231 177 328 317
chair 0.0024 492 170 500 224
chair 0.0014 495 190 500 218
chair 0.0014 493 168 500 272
chair 0.0013 8 283 175 375
chair 0.0012 471 120 499 214
chair 0.0011 493 258 500 368
chair 0.0010 453 322 498 376
diningtable 0.4296 431 170 500 361
diningtable 0.3217 314 206 489 376
diningtable 0.0403 411 241 501 374
diningtable 0.0081 372 141 503 364
diningtable 0.0043 451 254 497 365
diningtable 0.0013 461 186 504 373
person 0.9751 146 47 253 367
person 0.8654 273 162 334 310
person 0.0043 288 161 383 318
person 0.0017 288 109 454 346
person 0.0012 0 275 26 374
pottedplant 0.0017 425 31 447 63
pottedplant 0.0011 0 -4 14 53
tvmonitor 0.0577 75 45 141 147
tvmonitor 0.0066 0 67 27 125
tvmonitor 0.0044 2 28 83 160
tvmonitor 0.0015 0 72 50 140
