bottle 0.9918 28 155 118 371
bottle 0.4397 343 168 363 208
bottle 0.0402 335 165 353 203
bottle 0.0077 342 161 371 226
bottle 0.0022 95 145 143 210
bottle 0.0013 342 183 371 260
bottle 0.0013 350 171 364 199
diningtable 0.8530 1 170 498 375
diningtable 0.0063 236 138 495 366
diningtable 0.0011 17 278 482 379
person 0.9982 376 55 499 271
person 0.9973 -2 22 129 249
person 0.6270 154 126 213 205
person 0.6016 342 138 392 197
person 0.2738 112 123 135 155
person 0.2386 178 130 224 203
person 0.1786 213 145 268 194
person 0.1314 196 139 220 184
person 0.0786 9 156 129 373
person 0.0489 161 127 200 156
person 0.0376 0 80 17 308
person 0.0364 476 104 499 284
person 0.0276 235 180 495 376
person 0.0246 447 98 500 319
person 0.0238 98 123 137 183
person 0.0225 -1 77 29 338
person 0.0139 494 133 499 160
person 0.0115 0 160 20 343
person 0.0114 0 61 52 299
person 0.0111 196 138 235 197
person 0.0090 404 108 502 334
person 0.0081 492 114 500 208
person 0.0063 482 129 500 344
person 0.0060 319 79 502 351
person 0.0055 491 121 499 172
person 0.0055 468 104 501 367
person 0.0054 258 151 286 185
person 0.0049 468 32 501 272
person 0.0037 348 140 389 172
person 0.0027 339 137 405 226
person 0.0025 0 56 19 216
person 0.0022 16 15 486 364
person 0.0021 0 113 5 253
person 0.0021 479 44 499 230
person 0.0021 123 130 212 224
person 0.0020 334 163 353 194
person 0.0020 182 139 263 197
person 0.0018 159 115 206 167
person 0.0018 -2 149 53 353
person 0.0017 493 131 500 265
person 0.0013 200 142 215 166
person 0.0012 493 184 500 298
person 0.0012 347 142 375 194
person 0.0012 0 106 92 313
person 0.0012 372 132 410 225
person 0.0011 0 246 21 372
person 0.0010 88 105 132 175
person 0.0010 494 117 499 150
tvmonitor 0.0016 0 66 24 150
