bird 0.0017 351 5 375 86
bus 0.9492 86 319 271 428
bus 0.1822 268 341 290 383
bus 0.0491 361 110 374 369
bus 0.0167 354 49 375 390
bus 0.0108 335 183 374 409
bus 0.0081 268 351 313 387
bus 0.0030 367 189 374 321
bus 0.0025 338 4 375 400
bus 0.0023 351 168 375 459
bus 0.0019 358 209 373 299
bus 0.0017 292 274 327 392
bus 0.0015 270 348 287 372
bus 0.0012 361 241 375 428
car 0.9929 -2 377 86 434
car 0.0648 299 369 317 386
car 0.0455 43 361 91 394
car 0.0433 29 368 92 418
car 0.0310 269 367 298 388
car 0.0173 0 379 7 436
car 0.0071 0 384 17 431
car 0.0063 276 368 319 387
car 0.0060 0 364 3 392
car 0.0058 0 388 4 428
car 0.0043 0 373 4 405
car 0.0020 0 361 5 418
car 0.0017 0 410 4 503
car 0.0011 11 360 95 403
car 0.0011 305 360 338 395
car 0.0010 1 353 89 474
person 0.8596 332 356 355 433
person 0.5476 318 358 336 422
person 0.1709 352 358 374 415
person 0.0727 368 354 375 421
person 0.0151 370 357 375 401
person 0.0058 336 344 366 421
person 0.0042 0 357 3 384
person 0.0036 371 376 375 418
person 0.0031 165 382 177 399
person 0.0022 354 354 374 465
person 0.0021 369 313 374 409
person 0.0020 314 357 365 431
person 0.0019 371 342 374 379
person 0.0019 313 358 329 399
person 0.0015 153 384 180 449
