bottle 0.0707 267 166 278 202
bottle 0.0013 260 167 274 202
chair 0.4391 101 114 256 245
chair 0.0016 161 128 212 229
person 0.9986 276 97 356 205
person 0.9985 262 174 414 358
person 0.9938 211 102 277 194
person 0.9935 295 110 430 243
person 0.9919 158 109 234 220
person 0.4856 -2 134 58 344
person 0.0707 0 96 48 266
person 0.0348 0 118 26 297
person 0.0089 0 231 58 357
person 0.0050 0 129 6 251
person 0.0049 470 85 501 359
person 0.0034 0 77 25 227
person 0.0032 279 116 359 267
person 0.0028 -5 105 119 381
person 0.0028 4 167 46 306
person 0.0024 260 162 411 271
person 0.0022 310 101 362 175
person 0.0018 1 104 84 285
person 0.0016 140 102 281 179
person 0.0015 0 222 23 342
person 0.0014 0 108 7 201
person 0.0013 167 107 228 175
person 0.0012 0 179 9 274
person 0.0010 292 103 426 181
person 0.0010 -4 20 34 254
person 0.0010 301 128 421 200
pottedplant 0.0022 0 95 9 156
pottedplant 0.0013 0 119 6 147
sofa 0.2770 296 118 488 252
sofa 0.1392 103 111 293 245
sofa 0.0040 240 116 436 325
sofa 0.0016 187 107 389 208
sofa 0.0014 359 104 500 320
