aeroplane 0.9949 148 211 182 242
aeroplane 0.9948 174 242 206 273
aeroplane 0.9915 168 101 204 133
aeroplane 0.9897 211 179 246 211
aeroplane 0.9871 123 177 159 208
aeroplane 0.9866 192 210 226 241
aeroplane 0.9863 192 149 225 183
aeroplane 0.9817 143 140 180 172
aeroplane 0.9776 258 181 294 215
aeroplane 0.0309 168 148 184 165
aeroplane 0.0111 146 142 169 160
aeroplane 0.0065 260 186 286 206
aeroplane 0.0052 125 178 152 199
aeroplane 0.0028 148 181 161 196
aeroplane 0.0024 145 217 177 235
aeroplane 0.0023 199 217 231 234
aeroplane 0.0017 154 143 192 171
aeroplane 0.0017 235 187 249 203
aeroplane 0.0017 215 216 228 234
aeroplane 0.0017 217 156 227 173
aeroplane 0.0015 1 -2 27 40
aeroplane 0.0013 194 212 220 228
aeroplane 0.0013 213 182 237 197
aeroplane 0.0013 283 189 297 205
aeroplane 0.0011 173 104 199 121
aeroplane 0.0010 179 249 213 265
