bottle 0.0010 0 286 7 376
chair 0.1409 24 143 315 504
chair 0.0102 244 450 302 498
chair 0.0069 127 393 309 498
chair 0.0043 210 384 329 499
chair 0.0023 37 440 296 498
chair 0.0021 20 391 265 500
chair 0.0014 246 401 300 500
chair 0.0013 59 309 323 502
chair 0.0012 229 466 317 499
chair 0.0011 184 446 290 499
person 0.9998 61 2 317 503
person 0.0074 225 272 257 314
person 0.0012 219 271 277 331
person 0.0010 210 272 263 356
tvmonitor 0.6249 53 240 78 308
tvmonitor 0.0336 0 243 32 319
tvmonitor 0.0046 0 253 5 332
tvmonitor 0.0044 0 229 18 331
tvmonitor 0.0014 13 246 74 312
tvmonitor 0.0014 52 241 110 310
tvmonitor 0.0014 0 254 14 378
tvmonitor 0.0010 2 259 59 326
