boat 0.9912 1 -18 371 449
boat 0.0013 4 213 376 494
person 0.8381 99 301 141 378
person 0.7886 165 301 228 385
person 0.6862 276 302 308 346
person 0.3079 138 307 169 350
person 0.2639 48 301 85 379
person 0.1459 226 300 258 347
person 0.1156 50 301 131 383
person 0.0789 253 301 310 360
person 0.0336 160 305 190 341
person 0.0290 0 319 5 381
person 0.0266 136 303 192 372
person 0.0243 194 302 228 344
person 0.0163 104 302 143 345
person 0.0151 0 322 4 359
person 0.0149 252 314 290 348
person 0.0131 160 309 197 388
person 0.0105 234 298 300 349
person 0.0038 165 312 274 392
person 0.0034 179 306 220 353
person 0.0032 35 302 100 395
person 0.0031 181 311 198 348
person 0.0030 150 305 171 342
person 0.0023 273 320 309 355
person 0.0019 0 336 3 381
person 0.0019 200 301 277 361
person 0.0017 239 314 324 388
person 0.0017 122 323 139 376
person 0.0015 257 327 299 350
person 0.0015 168 306 185 323
person 0.0015 167 308 183 334
person 0.0013 135 310 172 387
person 0.0012 172 305 209 343
person 0.0010 154 305 168 322
