person 0.9960 302 0 406 123
person 0.9027 22 0 107 137
person 0.8792 173 -1 217 62
person 0.5183 0 3 25 183
person 0.1810 11 47 45 143
person 0.0630 0 4 51 151
person 0.0547 21 66 42 128
person 0.0140 20 0 109 68
person 0.0055 17 63 35 118
person 0.0038 24 15 70 138
person 0.0034 312 3 487 125
person 0.0033 0 62 21 238
person 0.0028 24 65 45 100
person 0.0025 -1 20 30 310
person 0.0024 352 6 400 118
person 0.0021 75 0 109 35
person 0.0017 9 27 88 180
person 0.0017 0 -2 26 74
person 0.0015 0 41 51 232
person 0.0015 148 -4 223 76
person 0.0011 401 82 429 123
person 0.0010 9 68 41 199
sheep 0.9862 30 3 474 374
sheep 0.8986 292 59 344 133
sheep 0.1204 439 -3 500 136
sheep 0.0089 309 115 500 377
sheep 0.0077 443 25 499 276
sheep 0.0023 294 22 385 130
sheep 0.0018 384 0 486 128
sheep 0.0015 472 100 498 137
sheep 0.0015 479 90 499 269
sheep 0.0013 494 112 500 139
sheep 0.0012 490 87 499 150
sheep 0.0011 474 10 500 142
sheep 0.0010 334 70 347 125
train 0.0017 314 0 486 102
tvmonitor 0.0012 424 0 507 9
