boat 0.0018 15 1 257 248
car 0.9978 102 182 473 322
car 0.4917 96 148 242 221
car 0.0103 142 153 247 202
car 0.0072 492 193 499 215
car 0.0027 490 174 499 219
car 0.0012 48 159 236 253
chair 0.1076 3 219 46 279
chair 0.0209 0 226 27 271
chair 0.0196 0 218 7 280
chair 0.0106 26 200 69 270
chair 0.0028 0 229 4 267
chair 0.0023 0 277 28 372
chair 0.0010 0 244 4 280
diningtable 0.0012 -6 205 66 271
person 0.4339 5 184 44 261
person 0.1747 101 160 116 177
person 0.1336 10 189 38 231
person 0.0365 0 179 29 245
person 0.0363 0 197 30 276
person 0.0183 0 195 9 258
person 0.0155 0 190 11 234
person 0.0060 0 194 8 217
person 0.0051 99 159 117 191
person 0.0043 19 195 43 241
person 0.0030 10 198 36 252
person 0.0029 -4 187 64 238
person 0.0028 0 204 7 234
person 0.0027 0 169 9 227
person 0.0022 -7 177 65 274
person 0.0019 0 215 4 251
person 0.0019 0 211 24 255
person 0.0018 26 197 40 215
person 0.0016 11 186 36 214
person 0.0013 1 207 47 244
person 0.0011 0 185 7 212
