bus 0.1513 2 2 179 123
bus 0.0031 69 63 354 228
bus 0.0016 -11 14 346 164
bus 0.0012 12 3 233 79
car 0.9929 336 4 417 40
car 0.1884 0 42 176 131
car 0.0592 332 2 490 39
car 0.0247 491 37 499 95
car 0.0078 16 74 162 121
car 0.0077 493 51 499 82
car 0.0068 279 0 326 20
car 0.0057 483 0 499 113
car 0.0031 400 0 500 59
car 0.0028 277 0 331 8
car 0.0022 279 0 308 5
car 0.0016 450 0 499 62
car 0.0012 495 37 499 71
car 0.0012 2 4 131 114
car 0.0012 476 -4 499 70
car 0.0011 50 47 164 89
person 0.9989 48 93 156 282
person 0.9813 183 151 285 248
person 0.9780 0 52 25 185
person 0.9346 114 49 141 88
person 0.0372 0 43 22 125
person 0.0353 0 94 18 223
person 0.0321 141 102 300 281
person 0.0318 0 78 7 197
person 0.0254 12 106 32 143
person 0.0220 3 67 37 172
person 0.0197 486 26 499 165
person 0.0155 492 46 500 137
person 0.0133 492 21 499 88
person 0.0080 0 42 11 102
person 0.0062 10 113 33 158
person 0.0049 45 2 91 58
person 0.0045 88 2 124 58
person 0.0044 6 101 26 159
person 0.0041 17 3 117 58
person 0.0038 88 47 164 90
person 0.0033 123 59 365 267
person 0.0026 0 111 13 285
person 0.0026 0 137 7 214
person 0.0023 473 4 500 286
person 0.0018 61 1 107 59
person 0.0018 17 113 30 135
person 0.0018 487 26 499 292
person 0.0015 2 1 46 61
person 0.0015 0 -1 25 66
person 0.0013 220 1 233 17
person 0.0012 0 23 9 71
person 0.0011 30 -1 138 91
person 0.0011 124 89 205 258
person 0.0010 68 0 94 5
pottedplant 0.0020 284 16 302 24
pottedplant 0.0018 282 5 322 25
pottedplant 0.0013 284 11 303 22
pottedplant 0.0010 323 16 342 25
