chair 0.9687 4 226 192 373
chair 0.9494 262 92 335 160
chair 0.9414 166 95 238 159
chair 0.6634 195 233 357 372
chair 0.6422 149 168 412 376
chair 0.2447 21 135 333 365
chair 0.1689 337 121 488 380
chair 0.0766 479 116 500 332
chair 0.0594 1 128 134 365
chair 0.0435 0 164 18 369
chair 0.0427 0 146 52 359
chair 0.0270 449 93 499 354
chair 0.0269 471 155 501 377
chair 0.0079 407 158 496 375
chair 0.0060 492 143 500 266
chair 0.0053 0 204 94 381
chair 0.0034 0 218 8 351
chair 0.0032 0 267 22 378
chair 0.0032 67 77 479 364
chair 0.0031 478 238 499 378
chair 0.0025 0 101 14 316
chair 0.0025 439 34 500 183
chair 0.0024 442 209 500 375
chair 0.0021 -1 199 31 385
chair 0.0018 363 231 497 375
chair 0.0014 0 169 7 299
chair 0.0013 41 239 298 372
chair 0.0011 457 116 496 242
diningtable 0.9926 -4 158 497 376
diningtable 0.5987 123 210 389 378
person 0.0156 443 46 500 254
person 0.0063 0 22 63 334
person 0.0048 482 75 500 256
person 0.0037 469 60 501 297
person 0.0015 412 77 498 281
person 0.0015 0 57 13 304
person 0.0011 -1 20 29 336
pottedplant 0.0242 2 15 80 230
pottedplant 0.0031 0 -9 63 169
pottedplant 0.0022 -1 -12 118 331
tvmonitor 0.0015 83 0 117 5
