bus 0.1023 147 29 444 273
car 0.9952 0 180 94 270
car 0.0099 0 157 12 183
car 0.0016 0 165 9 224
car 0.0011 0 152 7 176
person 0.1599 266 124 284 165
person 0.1039 441 167 454 201
person 0.0766 454 169 471 197
person 0.0152 487 150 499 190
person 0.0104 0 159 10 182
person 0.0092 169 29 463 271
person 0.0066 477 161 496 190
person 0.0057 248 121 266 166
person 0.0031 445 172 467 202
person 0.0031 494 170 500 193
person 0.0028 493 145 500 169
person 0.0022 489 138 499 177
person 0.0020 491 156 499 184
person 0.0018 477 149 499 180
person 0.0012 465 161 482 191
person 0.0012 453 172 465 194
train 0.5435 151 66 443 299
