cat 0.0024 176 87 200 120
cat 0.0010 374 85 403 120
chair 0.0224 311 286 498 374
chair 0.0057 404 242 499 374
chair 0.0030 235 325 499 375
chair 0.0021 480 190 499 340
chair 0.0012 0 280 47 371
sofa 0.4547 2 166 499 378
sofa 0.4455 4 185 269 374
sofa 0.0054 25 283 473 376
sofa 0.0040 -12 52 361 386
sofa 0.0039 1 77 182 366
sofa 0.0038 308 172 498 375
sofa 0.0024 478 176 499 327
sofa 0.0019 -4 170 139 381
sofa 0.0015 34 328 466 377
sofa 0.0010 0 287 269 377
tvmonitor 0.9962 246 58 338 126
tvmonitor 0.0023 475 89 499 270
tvmonitor 0.0012 446 85 502 275
