bottle 0.0019 244 371 284 374
bottle 0.0013 0 0 10 64
chair 0.8303 197 45 400 252
chair 0.0100 76 11 413 363
dog 0.9237 316 282 499 374
dog 0.0356 82 226 404 377
dog 0.0229 242 227 501 378
dog 0.0121 313 329 477 376
dog 0.0064 202 289 458 376
dog 0.0039 274 332 400 375
dog 0.0016 303 351 521 375
dog 0.0015 134 330 443 377
dog 0.0013 198 353 399 375
dog 0.0011 207 167 435 385
person 0.9867 81 130 264 373
person 0.8861 101 112 393 373
person 0.0132 148 156 256 348
person 0.0123 222 54 408 384
person 0.0109 413 0 497 67
person 0.0074 473 0 499 34
person 0.0066 448 0 500 34
person 0.0050 487 -1 499 36
person 0.0049 432 0 481 34
person 0.0039 490 -1 499 23
person 0.0017 0 99 13 317
person 0.0014 -20 10 372 367
person 0.0013 488 0 500 9
person 0.0013 0 -3 24 75
person 0.0012 87 152 254 283
person 0.0011 -10 116 219 379
person 0.0011 35 220 319 377
person 0.0010 485 121 499 324
pottedplant 0.0126 432 0 499 46
pottedplant 0.0055 0 35 91 239
pottedplant 0.0023 431 0 481 23
sheep 0.0095 56 226 383 375
