motorbike 0.9789 31 45 371 377
motorbike 0.0057 4 30 272 279
person 0.9174 378 0 500 373
person 0.3244 295 2 426 373
person 0.1137 14 3 321 196
person 0.0895 27 0 315 95
person 0.0424 334 36 406 347
person 0.0300 39 20 367 299
person 0.0202 349 18 399 108
person 0.0039 95 4 463 373
person 0.0036 -4 -5 216 158
person 0.0028 107 0 258 39
person 0.0027 377 0 417 21
person 0.0023 140 3 343 123
person 0.0022 202 10 386 366
person 0.0021 393 0 442 19
person 0.0020 237 1 320 95
person 0.0018 357 5 431 357
person 0.0018 387 0 407 18
person 0.0016 370 1 407 32
person 0.0016 378 0 400 17
person 0.0014 10 -3 262 51
person 0.0013 0 0 22 126
person 0.0013 -7 -2 141 92
person 0.0012 341 18 404 221
person 0.0010 1 2 49 71
person 0.0010 0 -1 59 133
pottedplant 0.0052 371 0 407 21
pottedplant 0.0017 377 0 401 10
