boat 0.0014 471 127 496 156
bottle 0.0157 111 140 132 174
car 0.0034 471 135 496 158
car 0.0027 494 141 499 168
car 0.0025 491 125 500 184
car 0.0019 466 137 488 155
cat 0.9971 216 165 461 341
cat 0.0021 6 165 490 370
chair 0.0072 6 132 256 371
chair 0.0011 0 94 51 323
person 0.0041 492 132 499 190
person 0.0015 495 145 499 179
pottedplant 0.0402 434 133 475 158
pottedplant 0.0293 208 138 239 170
pottedplant 0.0184 70 153 96 180
pottedplant 0.0058 0 177 23 326
pottedplant 0.0039 0 135 49 338
pottedplant 0.0030 436 127 494 156
pottedplant 0.0017 4 187 40 317
pottedplant 0.0012 465 135 491 157
pottedplant 0.0011 44 158 56 177
pottedplant 0.0010 0 236 8 332
