boat 0.9089 174 39 275 154
boat 0.0802 176 77 216 95
boat 0.0221 167 91 193 105
boat 0.0128 326 208 492 319
boat 0.0116 166 80 206 104
boat 0.0110 163 264 491 327
boat 0.0077 337 72 378 85
boat 0.0066 158 76 257 145
boat 0.0037 279 56 340 69
boat 0.0032 0 52 5 68
boat 0.0031 207 71 268 151
boat 0.0028 192 79 215 93
boat 0.0026 270 55 293 66
boat 0.0020 87 54 112 63
boat 0.0018 167 58 204 108
boat 0.0016 174 86 195 100
boat 0.0013 174 61 226 134
boat 0.0011 13 72 55 84
person 0.9931 339 170 487 315
