bicycle 0.0027 362 288 503 375
bicycle 0.0014 333 332 493 376
bicycle 0.0012 308 351 516 376
bird 0.0010 329 0 416 72
bottle 0.0046 397 162 433 222
bottle 0.0017 328 1 420 42
person 0.9906 2 4 435 374
person 0.0146 472 275 500 371
person 0.0142 475 366 496 374
person 0.0096 435 269 501 376
person 0.0068 464 367 487 374
person 0.0050 488 364 499 375
person 0.0050 491 353 499 376
person 0.0022 473 351 500 375
person 0.0018 446 365 504 375
person 0.0016 450 353 502 375
person 0.0014 488 335 500 378
person 0.0011 402 326 502 376
person 0.0011 481 199 500 363
person 0.0011 449 321 498 378
pottedplant 0.1756 263 3 410 94
pottedplant 0.0125 288 -2 501 92
pottedplant 0.0097 262 -4 464 152
pottedplant 0.0031 317 335 472 376
pottedplant 0.0023 260 -2 470 54
pottedplant 0.0022 331 350 388 374
pottedplant 0.0017 289 352 461 375
pottedplant 0.0014 447 0 495 47
pottedplant 0.0011 400 120 502 297
pottedplant 0.0010 482 128 499 289
