bicycle 0.0225 329 338 375 483
bicycle 0.0078 333 402 374 500
bottle 0.0022 168 158 197 236
car 0.0014 6 83 29 99
person 0.8674 108 106 195 464
person 0.0016 358 300 375 487
pottedplant 0.8458 282 268 374 384
pottedplant 0.1974 268 330 327 389
pottedplant 0.0358 333 279 374 389
pottedplant 0.0253 171 304 270 436
pottedplant 0.0242 367 293 375 369
pottedplant 0.0173 352 265 375 369
pottedplant 0.0115 370 322 375 360
pottedplant 0.0110 315 281 363 383
pottedplant 0.0049 357 310 374 372
pottedplant 0.0029 369 252 375 352
pottedplant 0.0027 265 179 300 214
pottedplant 0.0023 327 276 376 478
pottedplant 0.0021 272 333 325 365
pottedplant 0.0019 371 300 375 344
pottedplant 0.0017 293 266 375 335
pottedplant 0.0014 368 309 375 408
pottedplant 0.0011 354 295 375 408
pottedplant 0.0011 335 431 374 499
pottedplant 0.0010 266 273 330 399
pottedplant 0.0010 330 325 368 378
pottedplant 0.0010 289 290 329 386
