bicycle 0.0015 29 331 467 375
bottle 0.0100 248 178 493 377
bottle 0.0011 210 191 442 295
chair 0.0867 51 171 456 377
diningtable 0.0010 117 355 363 376
motorbike 0.0042 4 211 496 385
motorbike 0.0011 28 288 468 379
person 0.9879 42 89 464 385
person 0.0355 -1 277 32 373
person 0.0300 0 124 54 377
person 0.0287 -1 106 126 386
person 0.0170 2 288 184 376
person 0.0150 0 139 18 364
person 0.0132 -1 89 29 384
person 0.0090 0 327 93 376
person 0.0085 0 322 48 376
person 0.0081 0 189 92 373
person 0.0058 0 339 28 375
person 0.0050 -4 107 270 388
person 0.0043 0 350 46 374
person 0.0029 0 57 13 333
person 0.0018 1 236 43 355
person 0.0014 -2 288 62 381
person 0.0013 0 38 90 325
person 0.0012 0 178 7 289
person 0.0011 0 299 10 372
person 0.0010 0 232 6 351
