bird 0.0042 66 21 90 35
bird 0.0020 11 42 32 49
bird 0.0011 0 46 6 56
boat 0.9957 197 43 348 258
boat 0.7730 283 2 321 25
boat 0.7219 34 -2 99 90
boat 0.7128 434 22 498 64
boat 0.6639 156 5 185 74
boat 0.5875 358 48 424 83
boat 0.4783 205 0 250 35
boat 0.2979 236 42 259 60
boat 0.2184 303 66 355 93
boat 0.1863 206 19 246 33
boat 0.1490 388 0 431 26
boat 0.0843 285 12 321 24
boat 0.0554 455 15 481 49
boat 0.0351 117 90 138 102
boat 0.0322 363 61 417 82
boat 0.0284 452 29 480 58
boat 0.0242 159 59 189 76
boat 0.0216 366 47 411 66
boat 0.0174 485 28 499 59
boat 0.0128 395 0 422 22
boat 0.0119 30 76 95 94
boat 0.0111 491 55 498 66
boat 0.0104 335 1 414 33
boat 0.0102 455 38 478 49
boat 0.0070 343 38 372 47
boat 0.0068 476 23 500 53
boat 0.0059 65 19 91 36
boat 0.0055 345 1 395 26
boat 0.0054 490 10 500 55
boat 0.0052 435 38 485 61
boat 0.0051 454 26 496 50
boat 0.0042 288 7 318 21
boat 0.0042 265 0 332 28
boat 0.0039 492 27 500 50
boat 0.0038 32 59 94 99
boat 0.0035 491 48 499 64
boat 0.0034 417 30 435 46
boat 0.0034 220 0 247 22
boat 0.0030 214 15 239 27
boat 0.0029 359 35 383 64
boat 0.0029 489 39 499 60
boat 0.0027 255 5 311 23
boat 0.0026 494 20 500 44
boat 0.0025 359 51 407 73
boat 0.0025 390 9 422 27
boat 0.0023 208 26 241 33
boat 0.0023 199 10 241 32
boat 0.0020 427 3 506 77
boat 0.0020 289 2 316 17
boat 0.0018 491 -6 499 37
boat 0.0018 458 30 479 47
boat 0.0017 399 1 417 17
boat 0.0016 152 0 204 81
boat 0.0016 228 1 255 28
boat 0.0015 277 1 398 30
boat 0.0015 346 34 388 55
boat 0.0015 222 13 246 27
boat 0.0013 113 90 150 103
boat 0.0013 480 56 497 64
boat 0.0012 216 6 238 23
boat 0.0011 278 36 302 44
boat 0.0011 358 39 403 62
boat 0.0011 282 7 305 20
boat 0.0010 495 6 500 34
person 0.0034 301 1 321 17
person 0.0019 365 0 394 26
person 0.0013 376 0 395 21
