car 0.9896 13 109 432 341
car 0.9590 -2 119 169 214
car 0.0537 415 78 460 103
car 0.0296 0 119 25 211
car 0.0266 0 130 6 221
car 0.0136 0 125 12 184
car 0.0105 413 67 463 114
car 0.0063 0 124 22 169
car 0.0023 0 111 58 220
car 0.0021 0 142 8 168
car 0.0020 400 121 500 174
car 0.0019 0 156 3 194
car 0.0014 396 113 501 246
car 0.0012 3 77 240 251
person 0.6098 206 94 237 171
person 0.1144 430 102 444 116
person 0.0539 217 99 262 171
person 0.0324 213 93 236 116
person 0.0089 233 102 273 168
person 0.0034 425 93 447 115
person 0.0031 267 73 294 110
person 0.0026 241 99 262 113
person 0.0020 413 104 423 116
person 0.0014 237 101 257 116
person 0.0011 0 0 7 20
