bottle 0.0011 241 334 355 374
chair 0.3239 317 247 497 367
chair 0.2296 2 158 187 376
chair 0.2293 253 298 485 375
chair 0.0295 0 142 97 363
chair 0.0174 2 284 197 374
chair 0.0139 440 117 501 299
chair 0.0106 399 265 501 377
chair 0.0070 163 225 502 379
chair 0.0067 368 58 501 374
chair 0.0057 116 327 472 375
chair 0.0052 5 220 322 377
chair 0.0045 288 329 498 374
chair 0.0029 70 294 436 374
chair 0.0028 407 70 500 291
chair 0.0026 480 268 500 378
chair 0.0021 -4 234 142 371
chair 0.0020 407 171 499 362
chair 0.0019 492 280 499 375
chair 0.0019 374 313 494 369
chair 0.0018 452 276 498 373
chair 0.0018 480 101 500 287
chair 0.0015 466 78 501 309
chair 0.0014 439 219 500 373
chair 0.0013 9 326 251 375
chair 0.0012 481 204 500 356
chair 0.0012 451 185 499 288
chair 0.0011 245 118 500 377
chair 0.0010 492 252 499 345
tvmonitor 0.9854 198 42 346 176
tvmonitor 0.0040 0 22 19 192
tvmonitor 0.0024 400 67 500 208
tvmonitor 0.0020 -3 0 103 160
tvmonitor 0.0013 0 79 10 159
tvmonitor 0.0012 131 98 204 202
tvmonitor 0.0010 0 22 8 127
