bird 0.0232 302 9 332 87
bird 0.0231 137 124 291 217
bird 0.0133 55 0 328 192
bird 0.0074 295 35 333 291
bird 0.0071 193 -4 337 109
bird 0.0065 155 0 338 59
bird 0.0055 249 39 333 454
bird 0.0053 302 28 331 139
bird 0.0048 152 30 333 307
bird 0.0045 42 -1 288 54
bird 0.0042 123 79 309 199
bird 0.0027 277 0 342 11
bird 0.0021 36 4 294 105
bird 0.0020 304 37 331 69
bird 0.0019 210 -1 340 28
bird 0.0014 292 102 333 452
bird 0.0013 319 56 333 306
bird 0.0012 327 0 333 26
cow 0.0276 108 124 276 214
cow 0.0121 26 1 306 193
cow 0.0101 128 120 244 167
cow 0.0086 92 87 290 196
cow 0.0018 155 131 210 165
cow 0.0010 23 69 265 274
dog 0.1351 181 359 307 468
dog 0.0149 191 134 260 205
dog 0.0089 215 383 290 470
dog 0.0012 156 118 263 170
sheep 0.5980 161 166 211 221
sheep 0.4798 111 386 236 476
sheep 0.2535 119 356 307 468
sheep 0.1079 208 352 326 471
sheep 0.0804 194 147 258 211
sheep 0.0250 266 344 332 479
sheep 0.0210 226 367 296 464
sheep 0.0206 102 247 285 339
sheep 0.0132 106 261 320 474
sheep 0.0094 160 132 263 203
sheep 0.0066 119 316 309 433
sheep 0.0063 15 30 275 231
sheep 0.0062 264 339 333 410
sheep 0.0056 5 83 167 497
sheep 0.0055 252 391 329 467
sheep 0.0052 99 105 329 387
sheep 0.0039 40 114 246 230
sheep 0.0035 214 445 338 498
sheep 0.0035 270 80 333 398
sheep 0.0027 78 0 146 10
sheep 0.0026 267 411 334 488
sheep 0.0025 252 355 329 431
sheep 0.0025 134 332 261 374
sheep 0.0020 62 138 165 273
sheep 0.0020 243 300 336 448
sheep 0.0018 206 54 332 435
sheep 0.0018 70 -1 225 25
sheep 0.0017 24 5 258 102
sheep 0.0017 158 168 262 219
sheep 0.0016 250 329 329 383
sheep 0.0015 91 259 253 386
sheep 0.0014 298 363 332 465
sheep 0.0013 326 357 332 441
sheep 0.0012 268 366 304 462
sheep 0.0012 196 467 355 500
sheep 0.0010 281 366 322 464
sheep 0.0010 53 361 241 470
sheep 0.0010 156 336 210 367
