chair 0.8685 97 299 254 373
chair 0.6342 442 243 498 341
chair 0.2118 214 298 455 375
chair 0.0793 264 328 406 376
chair 0.0444 31 364 132 375
chair 0.0231 0 341 46 374
chair 0.0225 172 297 260 376
chair 0.0216 0 329 66 375
chair 0.0163 259 258 487 367
chair 0.0135 3 366 102 375
chair 0.0123 3 353 79 374
chair 0.0094 370 329 497 375
chair 0.0074 1 333 129 375
chair 0.0070 0 339 12 374
chair 0.0051 0 303 26 377
chair 0.0041 0 349 28 374
chair 0.0040 -10 364 59 375
chair 0.0036 64 366 175 374
chair 0.0035 0 313 9 372
chair 0.0034 65 326 224 375
chair 0.0033 0 351 9 375
chair 0.0033 463 235 502 327
chair 0.0033 408 267 501 376
chair 0.0025 0 249 20 370
chair 0.0023 55 307 155 376
chair 0.0020 61 357 138 374
chair 0.0019 48 243 161 374
chair 0.0017 212 329 307 373
chair 0.0016 0 364 10 375
chair 0.0015 101 350 266 377
chair 0.0015 101 367 215 375
chair 0.0014 444 279 498 369
chair 0.0014 311 351 518 375
chair 0.0013 0 269 93 377
chair 0.0012 -1 367 27 374
chair 0.0012 1 281 48 372
chair 0.0010 475 296 500 378
chair 0.0010 160 367 272 374
diningtable 0.2305 -12 300 212 375
diningtable 0.0794 10 236 169 373
diningtable 0.0232 90 298 410 375
diningtable 0.0203 3 355 167 375
diningtable 0.0045 50 331 201 375
diningtable 0.0030 45 352 239 375
person 0.3055 340 207 385 306
pottedplant 0.0080 -2 4 130 136
pottedplant 0.0032 453 119 500 212
pottedplant 0.0025 0 1 21 125
pottedplant 0.0017 18 0 152 40
pottedplant 0.0017 -3 3 128 310
pottedplant 0.0014 444 112 500 275
sofa 0.5837 443 237 500 330
sofa 0.4682 253 296 489 374
sofa 0.0046 286 233 505 374
