bottle 0.0014 268 84 275 145
chair 0.9315 99 181 226 234
person 0.9961 7 28 84 233
person 0.9938 419 15 491 212
person 0.9938 171 36 239 207
person 0.9852 320 34 380 205
person 0.9836 371 35 428 205
person 0.9825 229 38 280 204
person 0.9819 277 38 323 202
person 0.9724 77 49 139 214
person 0.9269 128 46 182 199
person 0.6327 294 29 333 179
person 0.0870 352 32 391 175
person 0.0845 410 20 440 63
person 0.0363 258 36 304 205
person 0.0267 389 35 436 156
person 0.0202 485 25 499 183
person 0.0175 347 26 376 70
person 0.0164 161 34 209 210
person 0.0161 471 27 501 215
person 0.0099 409 23 441 109
person 0.0094 270 40 288 205
person 0.0091 80 44 185 224
person 0.0090 366 50 386 194
person 0.0083 334 26 382 145
person 0.0079 0 49 12 196
person 0.0075 68 44 113 219
person 0.0068 174 47 192 199
person 0.0065 306 38 327 206
person 0.0060 346 18 475 220
person 0.0040 90 44 152 165
person 0.0036 494 40 499 90
person 0.0034 342 24 374 108
person 0.0029 294 25 334 72
person 0.0028 410 19 430 47
person 0.0027 228 36 253 208
person 0.0026 407 27 455 160
person 0.0025 492 62 500 131
person 0.0024 309 17 427 221
person 0.0023 310 30 359 160
person 0.0022 0 108 6 177
person 0.0022 27 38 158 229
person 0.0021 0 84 7 154
person 0.0016 493 85 499 154
person 0.0015 188 18 306 222
person 0.0014 330 37 352 64
person 0.0013 435 17 499 153
person 0.0013 496 53 499 77
person 0.0012 385 32 412 101
person 0.0011 496 46 500 66
person 0.0011 377 48 411 179
person 0.0011 447 48 497 231
person 0.0011 459 44 486 198
person 0.0011 288 76 314 206
person 0.0010 75 67 95 213
person 0.0010 320 37 346 150
pottedplant 0.0052 484 31 500 140
pottedplant 0.0049 477 137 500 214
pottedplant 0.0039 492 145 500 203
pottedplant 0.0022 491 56 500 110
pottedplant 0.0021 483 89 500 210
pottedplant 0.0012 469 86 502 229
pottedplant 0.0010 475 14 502 174
tvmonitor 0.0013 0 69 6 152
