chair 0.0058 471 -4 499 106
pottedplant 0.9411 210 118 447 361
pottedplant 0.3935 6 222 189 376
pottedplant 0.3537 339 336 452 375
pottedplant 0.2501 175 6 492 374
pottedplant 0.1466 239 338 324 374
pottedplant 0.0801 255 333 376 373
pottedplant 0.0628 298 332 414 374
pottedplant 0.0525 0 0 185 376
pottedplant 0.0283 108 222 183 367
pottedplant 0.0258 318 330 360 374
pottedplant 0.0204 298 73 503 363
pottedplant 0.0160 258 329 470 378
pottedplant 0.0107 216 209 301 376
pottedplant 0.0095 -12 -1 356 379
pottedplant 0.0075 135 250 181 339
pottedplant 0.0068 83 209 127 295
pottedplant 0.0053 227 206 430 344
pottedplant 0.0046 0 210 92 375
pottedplant 0.0045 326 194 429 337
pottedplant 0.0041 317 353 366 373
pottedplant 0.0035 73 264 184 379
pottedplant 0.0034 241 344 290 373
pottedplant 0.0026 221 24 429 301
pottedplant 0.0021 0 19 94 254
pottedplant 0.0020 78 207 179 328
pottedplant 0.0019 145 117 367 376
pottedplant 0.0016 351 235 433 349
pottedplant 0.0014 115 216 178 288
pottedplant 0.0014 243 318 348 369
pottedplant 0.0014 0 215 17 374
pottedplant 0.0014 139 276 183 372
pottedplant 0.0012 207 241 377 365
pottedplant 0.0012 215 227 259 334
pottedplant 0.0012 255 349 345 374
pottedplant 0.0011 380 350 455 374
pottedplant 0.0010 96 305 184 375
