chair 0.8883 102 246 146 321
chair 0.1954 201 240 253 390
chair 0.0170 109 253 141 298
chair 0.0095 204 234 244 331
chair 0.0087 94 242 123 319
chair 0.0073 226 237 252 259
chair 0.0065 94 218 114 254
chair 0.0054 93 249 116 280
chair 0.0034 210 243 244 262
chair 0.0025 102 218 118 252
chair 0.0022 198 265 228 364
chair 0.0014 114 211 151 306
chair 0.0010 93 256 115 310
diningtable 0.0040 180 256 260 385
diningtable 0.0012 128 234 253 351
person 0.9763 112 187 173 282
person 0.1600 92 192 115 218
person 0.0428 89 195 99 212
person 0.0097 90 193 111 234
person 0.0093 92 192 108 209
person 0.0059 87 190 113 259
person 0.0035 90 219 109 254
person 0.0014 113 185 210 308
person 0.0010 87 192 101 219
tvmonitor 0.0021 206 199 225 213
