bottle 0.0136 140 166 158 182
chair 0.0048 479 179 500 350
chair 0.0032 444 169 501 361
person 0.9984 304 71 495 357
person 0.9934 236 99 328 370
person 0.9785 63 102 214 371
person 0.7977 112 104 294 379
person 0.3256 175 97 260 374
person 0.0173 83 73 487 370
person 0.0106 467 88 499 328
person 0.0096 89 123 242 302
person 0.0067 477 167 500 335
person 0.0066 448 153 499 351
person 0.0025 300 66 406 235
person 0.0013 0 101 14 316
person 0.0012 82 108 201 251
person 0.0011 205 71 365 328
sofa 0.8089 7 105 493 379
sofa 0.5001 127 109 374 373
sofa 0.1588 248 111 497 367
sofa 0.0710 37 152 308 372
