chair 0.4712 4 188 167 370
chair 0.0240 492 119 500 190
chair 0.0214 0 196 15 366
chair 0.0067 0 214 98 376
chair 0.0063 0 273 20 374
chair 0.0055 492 146 499 203
chair 0.0048 0 256 5 386
chair 0.0041 495 151 500 186
chair 0.0040 0 225 6 344
chair 0.0031 5 192 89 260
chair 0.0026 444 304 500 375
chair 0.0022 484 95 500 205
chair 0.0021 495 137 500 172
chair 0.0021 1 278 45 372
chair 0.0016 0 186 60 350
chair 0.0011 -1 327 98 376
chair 0.0011 482 249 499 370
diningtable 0.0428 4 282 177 374
diningtable 0.0041 16 286 317 376
diningtable 0.0029 -4 217 253 375
person 0.0017 0 38 12 291
pottedplant 0.0072 381 13 491 202
pottedplant 0.0044 492 89 500 177
sofa 0.6871 338 202 494 298
sofa 0.0089 353 231 464 298
sofa 0.0026 446 215 502 288
sofa 0.0015 375 222 495 283
tvmonitor 0.9849 49 122 153 198
tvmonitor 0.0042 0 22 12 250
tvmonitor 0.0035 0 41 7 152
