bottle 0.9323 402 290 427 362
bottle 0.0176 321 129 343 162
bottle 0.0011 417 228 435 257
chair 0.0014 475 159 499 313
chair 0.0011 0 120 57 382
diningtable 0.0096 286 224 495 376
diningtable 0.0011 325 328 502 375
person 0.9920 139 130 372 319
person 0.0015 482 168 499 364
pottedplant 0.7539 361 141 398 197
sofa 0.9698 -24 133 432 368
sofa 0.7208 388 119 501 234
sofa 0.0051 471 151 500 264
sofa 0.0014 435 121 502 264
sofa 0.0012 -7 210 339 376
tvmonitor 0.0322 441 18 492 72
tvmonitor 0.0014 437 29 483 61
