bottle 0.0044 254 107 268 132
bottle 0.0024 249 102 274 133
bottle 0.0014 268 116 284 136
bottle 0.0010 251 113 264 132
chair 0.0043 399 91 501 156
chair 0.0017 369 139 498 158
chair 0.0010 481 102 500 158
person 0.8713 0 29 217 154
person 0.6601 389 78 476 124
person 0.0658 307 54 496 156
person 0.0520 380 79 486 156
person 0.0221 319 79 492 130
person 0.0075 438 58 500 141
person 0.0060 246 3 261 29
person 0.0025 305 0 320 15
person 0.0019 483 79 499 157
person 0.0014 81 35 326 148
person 0.0011 0 38 18 112
pottedplant 0.2788 7 5 52 50
pottedplant 0.1266 213 0 261 28
pottedplant 0.0263 204 8 224 24
pottedplant 0.0132 237 0 279 29
pottedplant 0.0100 97 0 140 32
pottedplant 0.0090 1 8 55 80
pottedplant 0.0081 199 0 249 23
pottedplant 0.0059 45 0 219 34
pottedplant 0.0050 142 0 288 34
pottedplant 0.0030 200 6 245 32
pottedplant 0.0029 160 0 197 30
pottedplant 0.0027 0 4 29 50
pottedplant 0.0024 3 1 46 29
pottedplant 0.0022 200 -3 278 44
pottedplant 0.0016 181 0 227 30
pottedplant 0.0012 246 1 261 26
pottedplant 0.0011 143 0 184 32
pottedplant 0.0010 0 14 20 76
sofa 0.9322 6 49 311 157
sofa 0.2131 4 22 253 116
sofa 0.0470 308 76 496 156
sofa 0.0013 0 119 266 158
sofa 0.0010 193 48 475 160
tvmonitor 0.0079 260 0 291 28
tvmonitor 0.0014 280 0 315 28
tvmonitor 0.0012 405 0 501 16
