bird 0.0015 202 203 247 237
bottle 0.0015 232 0 255 7
bottle 0.0011 0 142 5 237
bottle 0.0010 233 0 253 16
chair 0.4858 407 45 500 255
chair 0.4339 18 81 100 215
chair 0.1374 152 4 473 373
chair 0.0372 0 62 19 212
chair 0.0275 4 92 48 208
chair 0.0244 326 22 499 289
chair 0.0155 47 80 90 194
chair 0.0120 66 79 100 193
chair 0.0076 23 84 72 191
chair 0.0067 0 94 6 216
chair 0.0065 -2 58 69 192
chair 0.0049 415 -2 497 70
chair 0.0022 427 111 504 304
chair 0.0021 0 81 8 171
chair 0.0015 434 0 501 190
chair 0.0014 413 0 500 8
chair 0.0014 0 38 6 141
chair 0.0013 481 58 499 243
chair 0.0012 -2 45 30 227
chair 0.0011 318 0 492 89
chair 0.0010 384 100 490 283
diningtable 0.6960 0 72 97 209
diningtable 0.0019 -3 96 71 255
diningtable 0.0016 -6 53 118 322
diningtable 0.0011 -7 123 115 234
diningtable 0.0010 -6 113 76 188
person 0.9962 16 0 401 372
person 0.8726 157 76 415 360
person 0.0078 159 146 342 278
person 0.0034 0 15 14 202
person 0.0011 181 200 257 245
person 0.0011 0 0 13 9
