car 0.9956 -2 90 187 205
car 0.9928 50 94 363 295
car 0.9733 328 95 427 171
car 0.8060 142 83 215 116
car 0.5930 240 82 326 116
car 0.5918 412 93 455 145
car 0.5175 0 124 57 346
car 0.1575 0 89 42 153
car 0.0712 445 88 484 130
car 0.0598 360 93 458 148
car 0.0213 0 77 51 266
car 0.0153 0 93 30 196
car 0.0142 461 90 486 119
car 0.0126 427 93 468 141
car 0.0095 493 181 499 206
car 0.0079 443 98 466 134
car 0.0077 237 85 315 102
car 0.0075 490 174 500 214
car 0.0054 495 89 500 110
car 0.0045 393 93 440 151
car 0.0044 331 92 427 132
car 0.0036 -1 231 58 333
car 0.0031 449 100 477 131
car 0.0029 0 70 6 89
car 0.0027 138 69 167 90
car 0.0026 492 136 500 216
car 0.0024 144 70 187 91
car 0.0024 0 93 96 204
car 0.0023 316 100 340 119
car 0.0022 486 110 500 286
car 0.0021 2 63 43 132
car 0.0021 0 74 5 96
car 0.0021 0 87 8 174
car 0.0020 1 126 186 246
car 0.0018 492 80 499 130
car 0.0015 138 86 248 124
car 0.0014 139 91 220 142
car 0.0014 1 99 87 300
car 0.0012 -1 55 52 165
car 0.0011 492 167 500 247
car 0.0011 1 55 26 139
car 0.0011 0 94 23 275
car 0.0011 0 95 41 127
person 0.9109 35 70 54 102
person 0.8211 51 72 73 96
person 0.0475 143 70 167 91
person 0.0408 55 67 81 93
person 0.0287 331 82 356 113
person 0.0106 146 77 165 93
person 0.0086 207 79 219 97
person 0.0079 38 70 51 90
person 0.0066 39 67 62 96
person 0.0061 60 72 75 89
person 0.0055 53 63 89 83
person 0.0041 0 92 13 131
person 0.0018 42 74 57 96
person 0.0016 0 97 22 137
person 0.0015 58 65 82 79
person 0.0013 0 100 10 124
person 0.0010 32 60 66 108
