car 0.9936 232 124 319 170
car 0.9807 67 133 144 181
car 0.9243 -1 138 45 186
car 0.7463 291 126 332 176
car 0.0168 307 130 333 169
car 0.0168 0 145 16 185
car 0.0053 0 137 7 183
car 0.0021 0 135 4 164
car 0.0021 0 149 5 185
car 0.0014 299 127 331 157
car 0.0013 327 125 333 152
car 0.0010 11 145 33 183
chair 0.3266 254 168 296 221
dog 0.9958 33 231 284 438
person 0.9969 129 63 270 418
person 0.1276 54 137 93 184
person 0.0207 44 159 291 443
person 0.0031 53 138 71 181
person 0.0011 137 64 252 264
