boat 0.7239 3 122 80 242
boat 0.3408 0 212 20 252
boat 0.2925 171 145 401 218
boat 0.0767 476 245 499 375
boat 0.0354 0 38 66 266
boat 0.0235 477 178 500 205
boat 0.0225 0 162 18 259
boat 0.0101 155 113 484 213
boat 0.0084 0 193 15 247
boat 0.0078 0 215 14 239
boat 0.0073 482 164 500 203
boat 0.0065 449 179 499 386
boat 0.0038 410 152 498 207
boat 0.0037 485 187 499 207
boat 0.0035 0 159 8 251
boat 0.0030 481 168 499 367
boat 0.0028 458 270 499 377
boat 0.0016 7 199 76 245
boat 0.0015 0 209 10 231
boat 0.0013 46 132 82 231
boat 0.0012 0 54 15 249
boat 0.0012 -1 -7 31 279
boat 0.0011 -12 211 25 244
