chair 0.3756 56 256 148 380
chair 0.0394 78 339 287 375
chair 0.0175 0 256 9 329
chair 0.0172 285 353 494 374
chair 0.0149 0 324 9 373
chair 0.0129 492 288 500 367
chair 0.0127 14 364 111 375
chair 0.0127 0 353 9 374
chair 0.0116 4 264 50 326
chair 0.0086 -1 329 91 375
chair 0.0079 0 238 19 325
chair 0.0043 15 289 176 370
chair 0.0041 20 263 70 324
chair 0.0040 250 343 428 373
chair 0.0035 482 272 500 375
chair 0.0035 405 332 501 373
chair 0.0035 490 319 500 378
chair 0.0034 30 332 143 374
chair 0.0031 189 340 284 374
chair 0.0031 0 295 18 382
chair 0.0028 43 367 158 375
chair 0.0028 46 255 89 312
chair 0.0028 273 368 467 375
chair 0.0027 323 340 503 373
chair 0.0026 141 349 296 374
chair 0.0026 0 337 24 376
chair 0.0026 1 353 170 376
chair 0.0025 0 276 6 379
chair 0.0023 41 357 121 374
chair 0.0020 0 363 9 376
chair 0.0018 332 298 498 342
chair 0.0017 -14 365 82 375
chair 0.0017 231 354 406 374
chair 0.0016 6 356 98 375
chair 0.0015 4 256 88 313
chair 0.0015 0 291 6 320
chair 0.0014 0 308 50 374
chair 0.0013 -2 353 51 375
chair 0.0013 471 338 500 375
chair 0.0012 0 333 7 365
chair 0.0012 44 304 92 373
chair 0.0011 49 258 92 283
chair 0.0011 448 303 500 377
diningtable 0.0044 3 264 86 324
diningtable 0.0021 -1 287 143 372
diningtable 0.0018 -12 332 216 374
person 0.9930 54 246 150 369
person 0.0011 22 252 119 367
pottedplant 0.0015 446 28 501 244
pottedplant 0.0013 481 42 499 230
pottedplant 0.0013 0 156 16 320
sofa 0.8836 122 223 371 335
sofa 0.7558 313 230 499 331
sofa 0.2205 262 352 451 375
sofa 0.0531 32 335 311 375
sofa 0.0247 308 293 500 368
sofa 0.0202 82 339 496 378
sofa 0.0196 135 238 505 348
sofa 0.0074 290 329 511 376
sofa 0.0033 19 303 251 370
sofa 0.0019 431 330 502 373
