bottle 0.0089 37 261 53 302
bottle 0.0066 32 488 46 499
bottle 0.0046 25 433 42 495
bottle 0.0036 0 470 6 499
bottle 0.0031 36 338 58 382
bottle 0.0017 45 264 59 301
bottle 0.0017 59 449 78 499
bottle 0.0016 0 266 5 397
bottle 0.0015 0 447 7 503
bottle 0.0015 65 257 82 297
bottle 0.0015 0 457 4 495
bottle 0.0014 0 485 8 500
bottle 0.0013 275 201 295 252
chair 0.0186 60 218 323 503
chair 0.0013 0 451 18 499
chair 0.0013 12 439 87 500
chair 0.0011 -2 383 103 499
chair 0.0010 0 428 6 505
diningtable 0.0018 5 337 93 406
person 0.9970 56 107 332 495
person 0.9815 228 178 300 257
person 0.8501 297 157 375 359
person 0.2862 275 229 375 502
person 0.1981 246 156 307 272
person 0.0505 253 154 302 223
person 0.0488 0 245 38 502
person 0.0238 299 319 375 499
person 0.0225 0 177 15 417
person 0.0215 327 257 376 491
person 0.0150 -1 154 24 478
person 0.0134 254 159 288 195
person 0.0098 0 218 9 309
person 0.0072 0 335 19 493
person 0.0072 359 269 374 478
person 0.0063 0 129 11 353
person 0.0059 359 160 374 356
person 0.0051 0 122 41 436
person 0.0051 244 125 371 463
person 0.0045 369 190 375 336
person 0.0038 2 293 33 453
person 0.0037 0 362 37 500
person 0.0035 237 190 285 243
person 0.0032 325 174 377 415
person 0.0024 350 202 376 507
person 0.0019 199 144 305 272
person 0.0019 0 336 5 460
person 0.0019 0 205 65 468
person 0.0016 0 330 67 501
person 0.0016 0 230 6 354
person 0.0013 339 305 373 443
person 0.0012 -2 143 91 513
person 0.0012 0 366 5 509
person 0.0012 1 239 14 306
