sheep 0.9992 240 113 358 204
sheep 0.9941 174 117 255 193
sheep 0.5441 427 87 449 110
sheep 0.5129 462 88 484 116
sheep 0.3345 218 96 255 126
sheep 0.1766 207 107 243 131
sheep 0.1415 147 91 164 112
sheep 0.1391 490 86 500 109
sheep 0.0319 474 86 498 110
sheep 0.0214 460 91 475 114
sheep 0.0188 489 83 499 123
sheep 0.0057 194 106 247 177
sheep 0.0057 493 80 500 102
sheep 0.0031 434 93 451 110
sheep 0.0021 212 128 257 193
sheep 0.0019 176 110 231 175
sheep 0.0017 424 88 437 106
sheep 0.0014 494 99 500 122
sheep 0.0013 287 123 351 204
sheep 0.0011 225 100 248 120
