bottle 0.0040 137 321 157 348
chair 0.9948 267 336 345 494
chair 0.9668 5 380 121 499
chair 0.9601 127 327 255 503
chair 0.2138 42 320 109 363
chair 0.0940 0 364 15 497
chair 0.0614 205 314 354 504
chair 0.0461 15 336 185 488
chair 0.0320 0 385 6 491
chair 0.0291 146 378 235 509
chair 0.0234 1 360 45 501
chair 0.0188 208 276 270 477
chair 0.0177 0 434 102 501
chair 0.0146 147 323 204 359
chair 0.0113 152 294 272 453
chair 0.0087 0 343 6 456
chair 0.0059 136 324 201 475
chair 0.0044 0 436 51 501
chair 0.0043 0 260 12 492
chair 0.0036 91 363 154 497
chair 0.0032 42 319 114 477
chair 0.0030 208 273 262 357
chair 0.0029 18 380 110 454
chair 0.0024 0 440 7 508
chair 0.0016 141 367 224 460
chair 0.0015 -12 295 116 506
chair 0.0014 0 418 18 513
chair 0.0013 14 490 123 500
chair 0.0012 235 329 305 498
chair 0.0012 0 338 34 454
chair 0.0010 134 434 227 502
diningtable 0.9848 14 336 281 495
diningtable 0.0085 161 357 334 499
diningtable 0.0024 -4 271 365 529
person 0.0011 0 232 12 480
