bicycle 0.0024 204 235 314 250
bicycle 0.0023 215 221 304 251
bicycle 0.0014 257 221 303 249
bird 0.0031 0 218 54 249
bird 0.0011 210 245 292 249
dog 0.7550 139 165 255 249
dog 0.7493 28 83 129 245
dog 0.1042 175 187 299 250
dog 0.0666 63 88 130 192
dog 0.0162 140 122 297 252
dog 0.0118 18 160 133 250
dog 0.0070 28 87 127 162
dog 0.0057 18 102 112 189
dog 0.0028 68 187 234 249
dog 0.0027 50 150 256 253
dog 0.0026 169 236 304 250
dog 0.0020 141 158 199 240
dog 0.0013 45 106 148 212
dog 0.0012 149 217 291 252
person 0.9821 156 6 286 249
person 0.8781 22 5 135 245
person 0.0564 57 83 187 247
person 0.0165 -10 39 223 248
person 0.0043 218 -1 304 254
person 0.0019 96 87 250 248
person 0.0018 -4 -1 83 251
person 0.0015 174 119 303 253
person 0.0012 0 35 7 225
person 0.0011 0 8 34 252
person 0.0010 0 11 16 247
