boat 0.9977 53 3 468 295
boat 0.1072 465 291 500 352
boat 0.0503 484 287 499 308
boat 0.0492 413 250 496 289
boat 0.0229 483 273 500 311
boat 0.0181 487 246 500 307
boat 0.0105 472 252 500 341
boat 0.0072 471 288 500 322
boat 0.0048 38 296 463 373
boat 0.0043 0 37 59 348
boat 0.0033 480 225 500 308
boat 0.0027 2 -8 116 320
boat 0.0027 480 285 497 302
boat 0.0026 1 265 44 331
boat 0.0020 477 257 500 296
boat 0.0017 254 260 421 295
boat 0.0014 442 286 502 341
boat 0.0014 488 273 498 296
boat 0.0014 233 354 478 376
boat 0.0014 488 294 499 315
boat 0.0014 243 292 495 376
boat 0.0013 439 238 501 353
boat 0.0011 491 263 499 291
boat 0.0011 476 298 498 314
boat 0.0011 491 231 499 296
car 0.0121 1 274 43 346
car 0.0015 1 298 44 373
