pottedplant 0.7785 175 248 319 372
pottedplant 0.7392 79 252 167 375
pottedplant 0.2258 43 266 215 376
pottedplant 0.2002 0 174 60 386
pottedplant 0.0789 274 200 353 358
pottedplant 0.0614 211 140 293 215
pottedplant 0.0477 1 303 49 373
pottedplant 0.0338 1 132 49 314
pottedplant 0.0332 132 305 227 374
pottedplant 0.0310 277 308 321 374
pottedplant 0.0266 2 273 89 374
pottedplant 0.0216 0 285 28 368
pottedplant 0.0210 -3 246 140 373
pottedplant 0.0188 280 249 323 340
pottedplant 0.0180 20 286 71 366
pottedplant 0.0160 17 308 114 370
pottedplant 0.0153 290 353 330 373
pottedplant 0.0146 231 308 325 372
pottedplant 0.0117 41 331 131 373
pottedplant 0.0098 0 338 25 375
pottedplant 0.0087 264 245 332 372
pottedplant 0.0085 0 326 13 373
pottedplant 0.0074 292 324 330 374
pottedplant 0.0073 488 256 500 327
pottedplant 0.0073 97 328 192 373
pottedplant 0.0063 258 327 333 374
pottedplant 0.0062 1 353 47 374
pottedplant 0.0060 -1 208 22 380
pottedplant 0.0060 40 289 91 364
pottedplant 0.0056 0 304 10 367
pottedplant 0.0054 9 331 36 368
pottedplant 0.0054 2 328 94 374
pottedplant 0.0051 99 271 151 370
pottedplant 0.0046 51 310 159 372
pottedplant 0.0046 143 354 192 374
pottedplant 0.0041 119 308 168 373
pottedplant 0.0039 60 327 107 374
pottedplant 0.0035 59 289 111 364
pottedplant 0.0034 5 139 46 222
pottedplant 0.0034 0 353 10 374
pottedplant 0.0034 136 321 189 375
pottedplant 0.0033 244 172 403 375
pottedplant 0.0033 289 229 333 333
pottedplant 0.0031 483 253 499 364
pottedplant 0.0029 207 329 313 374
pottedplant 0.0029 146 364 208 374
pottedplant 0.0028 254 283 304 369
pottedplant 0.0028 267 352 320 374
pottedplant 0.0028 5 226 49 362
pottedplant 0.0027 289 320 312 366
pottedplant 0.0026 0 346 14 377
pottedplant 0.0023 21 331 42 369
pottedplant 0.0023 150 328 249 374
pottedplant 0.0022 -7 115 117 384
pottedplant 0.0022 35 295 137 360
pottedplant 0.0020 185 309 299 371
pottedplant 0.0020 82 251 165 309
pottedplant 0.0020 154 292 210 363
pottedplant 0.0019 163 367 192 375
pottedplant 0.0019 2 365 24 374
pottedplant 0.0019 286 362 334 375
pottedplant 0.0019 71 176 87 203
pottedplant 0.0018 491 274 500 351
pottedplant 0.0018 -2 363 51 375
pottedplant 0.0018 297 367 327 375
pottedplant 0.0016 157 355 216 374
pottedplant 0.0016 67 325 93 360
pottedplant 0.0015 48 342 97 372
pottedplant 0.0015 154 321 206 376
pottedplant 0.0015 116 261 164 365
pottedplant 0.0014 7 340 57 373
pottedplant 0.0014 0 363 10 375
pottedplant 0.0013 295 283 333 369
pottedplant 0.0013 175 293 225 359
pottedplant 0.0012 153 271 249 379
pottedplant 0.0012 2 355 21 373
pottedplant 0.0011 83 260 134 364
pottedplant 0.0011 196 272 311 347
pottedplant 0.0010 0 336 8 363
pottedplant 0.0010 19 352 82 374
