aeroplane 0.9977 48 129 462 262
aeroplane 0.6524 53 216 162 257
aeroplane 0.0099 5 190 175 265
aeroplane 0.0088 0 181 23 285
aeroplane 0.0072 2 212 131 257
aeroplane 0.0066 3 230 46 258
aeroplane 0.0046 1 216 46 277
aeroplane 0.0043 0 213 9 274
aeroplane 0.0037 73 214 250 255
aeroplane 0.0030 0 226 28 260
aeroplane 0.0030 0 109 17 267
aeroplane 0.0026 54 226 127 248
aeroplane 0.0026 435 234 498 254
aeroplane 0.0025 0 224 94 268
aeroplane 0.0023 0 109 13 152
aeroplane 0.0020 0 243 28 271
aeroplane 0.0020 0 133 131 259
aeroplane 0.0019 0 121 10 142
aeroplane 0.0018 106 218 168 255
aeroplane 0.0016 52 232 112 252
aeroplane 0.0016 -1 157 95 306
aeroplane 0.0012 4 239 60 260
aeroplane 0.0011 0 238 6 264
aeroplane 0.0010 403 228 502 262
