bottle 0.0022 492 186 499 273
bottle 0.0019 292 345 378 392
bottle 0.0011 494 215 499 245
chair 0.0287 55 136 230 315
chair 0.0134 447 165 499 364
chair 0.0120 479 171 500 358
chair 0.0099 12 156 195 283
chair 0.0076 0 155 91 343
chair 0.0040 457 235 496 356
chair 0.0039 472 243 498 374
chair 0.0038 409 238 495 383
chair 0.0025 483 134 499 302
chair 0.0020 413 146 495 353
chair 0.0014 0 197 57 390
chair 0.0013 64 160 150 280
chair 0.0012 0 147 15 380
chair 0.0011 -1 103 133 360
chair 0.0011 3 171 193 388
chair 0.0010 470 105 501 361
person 0.9966 287 114 436 271
person 0.9736 87 137 228 265
person 0.9684 195 136 285 266
person 0.0194 284 119 448 393
person 0.0063 210 135 291 210
person 0.0028 343 205 440 261
person 0.0022 483 129 499 278
person 0.0010 285 153 390 313
pottedplant 0.0015 492 160 499 253
sofa 0.0042 49 145 372 305
tvmonitor 0.0015 492 170 499 259
