cat 0.0082 232 247 279 277
cat 0.0015 250 246 300 276
cat 0.0011 253 243 278 270
chair 0.0226 174 241 233 295
chair 0.0197 225 228 301 275
chair 0.0111 343 307 491 371
chair 0.0085 445 206 467 246
chair 0.0083 0 264 28 358
chair 0.0050 178 234 319 320
chair 0.0029 259 242 302 271
chair 0.0020 347 241 486 380
chair 0.0019 2 279 41 369
chair 0.0018 486 217 499 265
chair 0.0017 186 244 297 291
chair 0.0017 336 329 450 374
chair 0.0013 375 287 493 335
chair 0.0013 233 242 279 271
chair 0.0010 330 351 499 375
chair 0.0010 0 299 26 375
person 0.0052 224 148 240 175
person 0.0032 324 147 338 189
pottedplant 0.0667 10 227 46 304
pottedplant 0.0619 49 218 73 309
pottedplant 0.0077 0 225 26 336
pottedplant 0.0075 3 241 42 345
pottedplant 0.0052 237 226 290 245
pottedplant 0.0047 19 247 45 292
pottedplant 0.0046 0 252 7 303
pottedplant 0.0035 12 270 38 298
pottedplant 0.0030 0 263 5 292
pottedplant 0.0026 38 242 69 313
pottedplant 0.0024 20 226 44 241
pottedplant 0.0023 -1 208 60 327
pottedplant 0.0021 43 277 69 306
pottedplant 0.0019 0 196 20 311
pottedplant 0.0015 33 251 47 265
pottedplant 0.0014 2 268 25 300
pottedplant 0.0011 0 186 3 209
sofa 0.9822 335 223 498 326
sofa 0.6251 358 292 498 372
sofa 0.1527 0 311 279 371
sofa 0.0172 50 322 243 360
sofa 0.0050 41 328 367 374
sofa 0.0041 394 323 501 374
sofa 0.0035 188 292 471 374
sofa 0.0015 21 353 270 376
sofa 0.0015 401 284 495 336
sofa 0.0012 231 324 509 374
tvmonitor 0.0444 455 199 500 228
tvmonitor 0.0081 489 195 500 231
tvmonitor 0.0053 493 195 500 213
tvmonitor 0.0046 479 113 500 215
tvmonitor 0.0043 492 189 500 208
tvmonitor 0.0040 488 127 499 195
tvmonitor 0.0039 494 198 500 227
tvmonitor 0.0022 490 167 500 213
tvmonitor 0.0018 456 200 479 225
tvmonitor 0.0015 472 179 499 240
tvmonitor 0.0013 493 178 500 204
