bottle 0.1595 485 239 499 302
bottle 0.1499 157 302 195 369
bottle 0.0210 479 191 500 317
bottle 0.0109 480 234 499 353
bottle 0.0104 129 156 147 193
bottle 0.0045 458 185 490 288
bottle 0.0030 487 214 500 283
bottle 0.0028 413 173 493 357
bottle 0.0027 458 217 495 317
bottle 0.0020 477 234 499 279
bottle 0.0011 435 226 500 366
bottle 0.0011 138 154 153 186
bottle 0.0010 453 245 497 345
chair 0.1405 248 163 480 375
chair 0.0163 -2 168 200 369
chair 0.0021 412 192 496 367
chair 0.0018 0 218 16 374
chair 0.0013 310 234 498 373
chair 0.0012 362 120 511 375
chair 0.0010 361 282 505 375
person 0.9977 252 92 463 358
person 0.9955 1 82 202 371
person 0.0058 0 96 14 320
person 0.0023 -1 74 58 371
person 0.0022 -1 71 27 372
person 0.0020 479 93 499 207
person 0.0017 0 172 7 266
person 0.0013 490 145 499 206
pottedplant 0.0038 495 98 500 124
pottedplant 0.0025 492 75 499 131
train 0.0010 -40 28 315 357
tvmonitor 0.0010 490 105 500 158
