car 0.0011 13 280 35 291
car 0.0010 8 280 26 292
car 0.0010 2 278 16 293
person 0.9986 126 336 168 440
person 0.9984 40 318 89 446
person 0.9490 343 266 366 366
person 0.9001 318 272 339 358
person 0.8969 23 283 39 316
person 0.8969 359 263 374 373
person 0.7559 327 301 346 362
person 0.6250 40 285 50 313
person 0.1057 322 274 342 330
person 0.0816 64 284 81 316
person 0.0600 364 266 375 341
person 0.0374 0 273 3 297
person 0.0257 346 269 366 315
person 0.0222 365 268 374 296
person 0.0089 322 271 343 302
person 0.0079 316 307 337 354
person 0.0079 33 282 42 308
person 0.0061 17 279 46 314
person 0.0057 355 268 373 337
person 0.0046 312 292 344 348
person 0.0046 29 282 45 316
person 0.0033 335 268 365 301
person 0.0028 349 270 363 294
person 0.0020 0 281 3 320
person 0.0018 322 275 382 361
person 0.0014 0 265 4 336
person 0.0014 367 224 375 303
person 0.0012 4 282 15 298
person 0.0011 357 266 372 285
person 0.0011 355 264 374 305
train 0.9993 69 53 324 378
train 0.0434 325 136 376 383
train 0.0219 309 103 377 303
train 0.0200 1 233 72 294
train 0.0077 361 104 374 299
train 0.0053 328 3 375 326
train 0.0045 284 33 376 389
train 0.0039 -2 247 67 280
train 0.0039 350 117 377 401
train 0.0020 310 178 376 263
train 0.0016 0 161 72 321
train 0.0012 367 169 374 261
