bottle 0.9903 310 311 361 381
bottle 0.9713 413 278 436 356
bottle 0.8968 433 306 460 377
bottle 0.0325 419 299 448 380
bottle 0.0158 305 311 410 379
bottle 0.0155 306 66 324 90
bottle 0.0024 491 280 499 339
bottle 0.0020 291 372 316 379
bottle 0.0015 419 289 434 371
bottle 0.0014 490 324 500 385
bottle 0.0014 324 372 358 379
bottle 0.0012 292 370 372 379
bottle 0.0011 461 274 476 306
chair 0.9567 14 241 78 358
chair 0.0527 26 237 76 302
chair 0.0176 41 234 81 333
chair 0.0110 0 269 23 360
chair 0.0041 490 281 500 325
chair 0.0040 34 238 76 277
chair 0.0028 5 265 51 359
chair 0.0023 14 243 31 304
chair 0.0021 14 236 49 307
chair 0.0021 0 278 9 357
chair 0.0015 481 295 499 388
chair 0.0013 44 345 168 379
chair 0.0010 26 356 221 379
diningtable 0.0081 104 341 472 380
diningtable 0.0024 204 360 391 381
diningtable 0.0015 338 358 524 381
diningtable 0.0014 150 339 290 380
diningtable 0.0014 123 306 452 377
diningtable 0.0013 116 357 365 380
diningtable 0.0012 23 357 262 380
diningtable 0.0010 430 333 506 379
person 0.9996 291 118 412 366
person 0.9973 179 137 268 363
person 0.9915 239 143 326 363
person 0.0189 211 124 375 370
person 0.0019 482 272 499 384
person 0.0015 255 135 331 267
pottedplant 0.0880 326 311 424 377
pottedplant 0.0089 472 254 484 277
pottedplant 0.0038 364 323 421 380
pottedplant 0.0018 221 253 252 280
pottedplant 0.0015 220 254 249 265
pottedplant 0.0015 469 244 486 277
tvmonitor 0.0101 0 271 14 307
