bottle 0.9862 200 223 230 327
bottle 0.0080 124 40 164 103
bottle 0.0063 193 246 225 341
bottle 0.0060 127 67 151 110
bottle 0.0030 477 267 498 296
bottle 0.0030 245 284 277 344
bottle 0.0019 489 259 499 303
bottle 0.0017 246 293 267 338
bottle 0.0015 408 256 425 297
bottle 0.0010 108 35 172 190
chair 0.1883 77 283 169 346
chair 0.1403 79 280 265 342
chair 0.0167 404 304 499 345
chair 0.0101 12 274 191 343
chair 0.0101 449 279 498 347
chair 0.0096 317 262 496 344
chair 0.0094 221 246 299 297
chair 0.0048 448 323 500 344
chair 0.0045 405 244 501 350
chair 0.0044 476 250 500 348
chair 0.0026 354 323 513 345
chair 0.0021 113 230 313 336
chair 0.0021 0 301 93 345
chair 0.0018 126 325 210 343
chair 0.0017 440 335 509 345
chair 0.0015 470 295 500 349
chair 0.0014 124 337 250 344
chair 0.0014 490 293 500 350
chair 0.0014 406 326 491 344
chair 0.0011 386 336 490 345
chair 0.0010 1 312 46 345
diningtable 0.6712 81 271 497 344
diningtable 0.0475 73 301 434 343
diningtable 0.0103 105 304 296 346
diningtable 0.0066 95 218 408 346
diningtable 0.0059 136 326 382 346
diningtable 0.0034 198 303 361 344
person 0.9979 103 4 259 297
person 0.5521 198 43 279 258
person 0.0988 207 38 281 159
person 0.0044 171 19 304 316
person 0.0023 15 -9 338 307
person 0.0021 104 15 184 264
person 0.0018 0 279 49 346
person 0.0013 0 105 11 332
person 0.0012 484 144 499 318
person 0.0010 0 254 25 344
tvmonitor 0.0036 211 35 273 107
