bottle 0.0019 493 152 499 242
bottle 0.0010 495 175 500 206
person 0.9890 156 55 485 378
person 0.1628 5 106 427 380
person 0.0081 6 163 271 379
person 0.0074 412 139 499 307
person 0.0054 372 42 500 334
person 0.0034 482 129 499 287
person 0.0032 81 46 348 338
person 0.0023 3 102 191 341
person 0.0022 378 14 442 87
person 0.0017 25 299 313 375
person 0.0014 0 50 13 252
person 0.0013 0 83 6 182
pottedplant 0.1309 476 157 500 198
pottedplant 0.0148 476 125 500 206
pottedplant 0.0083 487 157 499 207
pottedplant 0.0043 489 132 500 191
pottedplant 0.0032 493 134 500 162
pottedplant 0.0020 490 110 500 170
pottedplant 0.0013 435 78 502 283
pottedplant 0.0012 494 167 500 199
sofa 0.8038 -1 103 501 378
tvmonitor 0.0112 368 72 486 204
tvmonitor 0.0023 479 83 499 189
tvmonitor 0.0016 371 41 497 281
