bottle 0.0011 492 316 500 383
chair 0.0260 0 144 53 329
chair 0.0095 2 163 90 340
diningtable 0.0020 27 287 463 373
person 0.9996 221 105 415 292
person 0.9987 37 66 199 322
person 0.0167 0 138 17 337
person 0.0144 -1 83 51 277
person 0.0077 0 91 21 268
person 0.0069 402 128 498 344
person 0.0059 0 197 5 313
person 0.0049 -8 88 149 338
person 0.0035 0 112 30 334
person 0.0029 0 233 18 385
person 0.0015 0 113 7 195
person 0.0014 0 152 5 274
person 0.0012 2 107 47 221
person 0.0010 0 101 8 165
pottedplant 0.5119 368 -5 502 314
pottedplant 0.0297 400 102 499 342
pottedplant 0.0077 359 4 498 94
pottedplant 0.0064 433 55 501 305
tvmonitor 0.0192 399 239 502 375
tvmonitor 0.0017 403 159 498 346
