aeroplane 0.9872 236 100 498 199
aeroplane 0.0400 402 106 499 166
aeroplane 0.0148 447 114 499 177
aeroplane 0.0041 469 133 500 185
aeroplane 0.0010 177 125 414 203
car 0.1424 290 165 335 199
car 0.1317 258 164 341 203
car 0.0027 220 185 246 219
car 0.0022 280 164 383 203
car 0.0017 165 185 243 229
car 0.0013 291 171 311 202
car 0.0012 242 172 286 217
person 0.1568 289 169 300 206
person 0.0056 468 171 480 189
person 0.0043 330 172 345 204
person 0.0031 438 167 453 196
person 0.0031 480 172 492 189
person 0.0027 464 165 484 189
person 0.0026 291 171 299 195
person 0.0019 354 192 369 207
person 0.0010 276 169 294 208
