car 0.9433 143 0 499 55
car 0.0031 55 0 86 4
car 0.0030 49 0 74 4
car 0.0028 0 0 27 5
car 0.0026 406 2 498 51
car 0.0024 488 0 500 10
car 0.0018 10 0 35 4
car 0.0015 450 3 500 72
car 0.0013 0 0 10 7
car 0.0011 473 0 500 78
car 0.0011 74 1 178 42
car 0.0010 67 0 93 5
car 0.0010 66 5 373 73
motorbike 0.9094 166 51 391 290
motorbike 0.3817 232 135 394 284
person 0.9978 168 31 345 277
person 0.0050 490 0 499 23
person 0.0034 488 -2 499 42
person 0.0026 477 1 497 20
person 0.0021 473 0 500 40
person 0.0019 493 2 500 36
person 0.0018 475 0 497 10
person 0.0011 177 49 376 177
