cow 0.9916 283 248 336 304
cow 0.9856 345 244 382 297
cow 0.9556 244 247 283 303
cow 0.8821 202 249 253 306
cow 0.7517 379 271 415 298
cow 0.2862 259 255 282 300
cow 0.1351 235 264 258 304
cow 0.0201 210 279 237 306
cow 0.0183 212 277 257 306
cow 0.0148 359 316 422 332
cow 0.0108 311 257 335 299
cow 0.0082 241 256 264 300
cow 0.0072 243 248 270 283
cow 0.0050 230 283 258 307
cow 0.0045 376 250 412 299
cow 0.0032 221 263 249 305
cow 0.0031 304 318 483 333
cow 0.0028 203 260 226 306
cow 0.0027 0 311 66 331
cow 0.0022 355 268 380 296
cow 0.0020 0 294 91 333
cow 0.0020 421 272 457 296
cow 0.0015 269 255 290 299
cow 0.0015 366 258 385 295
cow 0.0011 22 308 80 328
cow 0.0010 232 254 256 290
person 0.0019 424 272 453 295
person 0.0018 419 253 458 297
sheep 0.0386 364 315 431 333
sheep 0.0038 358 321 455 333
sheep 0.0020 343 322 417 333
