bus 0.0110 27 248 56 268
bus 0.0012 27 251 45 266
car 0.9972 128 266 304 320
car 0.9959 334 260 498 318
car 0.0640 0 264 14 305
car 0.0309 0 262 25 295
car 0.0181 4 264 35 318
car 0.0142 490 266 499 316
car 0.0117 0 286 6 307
car 0.0116 492 263 499 279
car 0.0095 0 278 8 302
car 0.0066 0 276 12 318
car 0.0060 493 256 500 276
car 0.0045 494 265 500 291
car 0.0045 0 273 10 296
car 0.0025 -4 268 33 302
car 0.0025 449 256 497 275
car 0.0024 495 275 500 306
car 0.0023 475 273 500 308
car 0.0016 201 265 306 313
car 0.0014 473 266 496 275
car 0.0013 0 268 12 289
car 0.0013 489 252 499 291
car 0.0012 427 262 502 311
person 0.9434 3 272 26 322
person 0.5451 110 261 128 305
person 0.3605 106 262 120 304
person 0.3297 335 253 352 290
person 0.2248 127 262 143 303
person 0.0648 27 268 45 302
person 0.0332 52 267 66 298
person 0.0210 278 257 295 284
person 0.0169 82 257 94 310
person 0.0162 63 264 75 295
person 0.0113 75 258 90 309
person 0.0083 330 260 351 305
person 0.0044 71 262 99 313
person 0.0032 45 263 61 294
person 0.0027 10 265 29 304
person 0.0026 95 263 126 309
person 0.0024 0 279 9 326
person 0.0019 0 290 5 315
person 0.0011 127 265 137 291
