car 0.6557 61 250 117 310
car 0.0048 81 249 164 313
car 0.0028 1 248 34 277
car 0.0025 0 247 6 281
car 0.0024 304 181 376 375
car 0.0023 74 254 113 293
car 0.0020 0 256 4 290
car 0.0018 0 246 18 278
car 0.0012 0 239 4 345
car 0.0012 0 241 6 305
car 0.0010 329 215 376 419
horse 0.9923 103 86 320 503
horse 0.0013 178 112 371 477
person 0.0630 28 236 42 274
person 0.0456 84 237 95 256
person 0.0381 29 238 43 257
person 0.0158 69 238 80 259
person 0.0117 42 238 54 256
person 0.0071 95 239 107 254
person 0.0070 40 236 55 274
person 0.0067 77 238 87 258
person 0.0064 357 165 374 314
person 0.0041 365 176 374 234
person 0.0025 357 204 374 388
person 0.0021 355 215 375 257
person 0.0011 66 236 81 268
person 0.0011 0 239 5 326
person 0.0011 366 210 374 298
