bicycle 0.0022 441 132 498 311
bicycle 0.0013 477 119 499 294
bottle 0.9980 2 250 63 372
bottle 0.0104 0 250 22 372
bottle 0.0064 0 144 15 300
bottle 0.0033 0 248 9 320
bottle 0.0024 0 269 5 386
bottle 0.0019 0 206 20 327
bottle 0.0013 1 243 54 320
car 0.0012 213 328 513 375
chair 0.0033 455 91 498 151
chair 0.0014 476 94 500 143
chair 0.0013 100 368 237 375
diningtable 0.0428 25 331 472 376
diningtable 0.0017 -2 291 195 375
diningtable 0.0016 29 230 462 374
diningtable 0.0012 162 304 496 373
diningtable 0.0010 -5 334 275 375
person 0.9729 354 46 474 319
person 0.0243 471 97 499 231
person 0.0089 452 83 498 278
person 0.0050 484 95 499 153
person 0.0028 352 43 473 178
person 0.0016 419 74 488 288
person 0.0015 493 107 500 229
person 0.0010 454 92 499 178
pottedplant 0.0457 375 3 496 96
pottedplant 0.0023 367 -6 499 209
