aeroplane 0.0140 348 87 483 131
boat 0.0028 400 95 501 145
boat 0.0022 367 77 499 173
boat 0.0017 436 57 501 190
car 0.7256 475 107 500 197
car 0.0143 456 109 497 191
car 0.0130 475 116 498 165
car 0.0128 474 110 500 142
car 0.0044 440 77 500 196
car 0.0043 485 108 500 172
car 0.0032 433 123 477 181
car 0.0031 0 117 64 138
car 0.0027 484 101 500 137
car 0.0021 488 108 500 129
car 0.0015 468 63 505 212
car 0.0012 475 113 500 127
car 0.0011 428 96 506 149
person 0.9989 140 83 218 368
person 0.9984 308 86 390 381
person 0.9950 210 88 312 380
person 0.0766 23 132 41 161
person 0.0599 7 132 24 162
person 0.0235 15 131 34 162
person 0.0071 473 55 501 388
person 0.0055 486 75 499 371
person 0.0052 0 120 6 144
person 0.0046 137 79 293 388
person 0.0031 9 144 23 162
person 0.0019 489 119 499 204
person 0.0018 0 119 9 175
person 0.0017 449 41 500 376
person 0.0017 194 83 248 368
person 0.0016 0 106 8 145
pottedplant 0.0013 447 116 464 125
train 0.0015 330 78 495 170
