chair 0.9946 87 201 128 251
chair 0.9887 205 220 270 306
chair 0.5982 46 242 121 334
chair 0.3479 120 204 166 276
chair 0.2541 141 206 187 290
chair 0.2407 96 202 140 268
chair 0.1730 197 215 245 290
chair 0.1179 148 199 172 209
chair 0.0964 151 200 178 213
chair 0.0963 183 215 227 309
chair 0.0706 158 202 199 277
chair 0.0541 127 207 203 312
chair 0.0263 46 230 78 326
chair 0.0223 180 207 198 220
chair 0.0194 233 217 270 289
chair 0.0161 181 205 220 275
chair 0.0142 147 197 181 259
chair 0.0128 214 215 234 231
chair 0.0104 49 287 119 334
chair 0.0089 191 237 243 313
chair 0.0082 148 200 200 217
chair 0.0063 102 202 133 243
chair 0.0041 44 267 89 333
chair 0.0035 86 202 103 251
chair 0.0032 213 214 265 269
chair 0.0029 172 206 187 220
chair 0.0028 85 198 162 276
chair 0.0027 114 203 139 251
chair 0.0024 129 200 149 206
chair 0.0019 167 202 187 216
chair 0.0016 143 236 187 309
chair 0.0014 121 199 138 205
chair 0.0013 36 267 69 333
chair 0.0013 108 198 132 204
chair 0.0012 42 226 67 305
chair 0.0011 155 245 179 289
chair 0.0011 142 200 160 208
chair 0.0011 88 201 113 230
chair 0.0010 239 218 267 240
diningtable 0.8678 92 212 268 319
diningtable 0.0375 169 222 241 325
diningtable 0.0135 103 206 187 272
tvmonitor 0.0269 250 123 272 150
