bus 0.0118 354 216 476 262
bus 0.0058 491 225 499 265
bus 0.0027 364 206 498 278
bus 0.0019 444 225 496 269
bus 0.0018 492 202 499 249
bus 0.0012 397 220 502 260
bus 0.0012 432 231 483 260
car 0.0594 491 266 500 327
car 0.0363 481 263 500 335
car 0.0156 493 228 500 251
car 0.0087 494 223 499 242
car 0.0075 489 292 499 336
car 0.0066 493 287 499 318
car 0.0041 454 269 498 332
car 0.0019 477 287 498 330
car 0.0018 495 238 500 264
car 0.0014 487 323 500 332
car 0.0011 494 274 499 306
car 0.0010 492 300 499 329
person 0.9651 445 243 463 284
person 0.8963 54 231 71 276
person 0.7956 143 232 161 280
person 0.7854 117 231 137 277
person 0.7664 208 235 224 279
person 0.7523 84 233 104 279
person 0.2883 327 239 342 279
person 0.0839 262 239 280 278
person 0.0309 274 243 288 274
person 0.0289 374 240 390 278
person 0.0201 341 240 354 278
person 0.0031 60 232 78 279
person 0.0029 342 242 353 259
person 0.0028 492 235 500 320
person 0.0014 375 241 388 262
person 0.0013 321 240 353 280
train 0.8359 0 187 493 285
train 0.0085 5 99 488 280
train 0.0046 164 206 494 272
train 0.0014 11 166 485 229
