bottle 0.7166 123 49 192 114
bottle 0.0057 253 369 275 493
bottle 0.0042 120 40 210 159
bottle 0.0011 157 85 194 114
chair 0.7199 53 159 109 249
chair 0.4462 89 148 130 248
chair 0.1036 117 168 175 249
chair 0.0308 26 137 83 159
chair 0.0072 0 141 14 159
chair 0.0063 0 139 15 175
chair 0.0061 1 143 43 174
chair 0.0041 160 166 191 247
chair 0.0031 1 137 33 164
chair 0.0031 78 158 114 245
chair 0.0027 40 135 81 150
chair 0.0021 0 289 35 459
chair 0.0014 0 142 7 171
chair 0.0013 87 174 152 254
chair 0.0012 101 171 133 256
chair 0.0010 0 132 8 202
diningtable 0.0754 38 156 144 256
diningtable 0.0068 86 152 187 253
diningtable 0.0034 37 124 187 243
diningtable 0.0028 27 143 82 168
person 0.9955 97 7 293 494
person 0.0025 0 64 13 187
person 0.0021 313 38 334 476
person 0.0019 0 105 9 172
person 0.0013 0 204 14 387
person 0.0011 323 82 333 435
pottedplant 0.0039 0 54 16 109
pottedplant 0.0030 0 49 6 113
sofa 0.0137 1 135 43 194
tvmonitor 0.0217 0 187 30 323
tvmonitor 0.0086 -1 172 63 350
tvmonitor 0.0050 0 203 16 348
tvmonitor 0.0046 0 220 7 288
tvmonitor 0.0021 0 233 5 332
tvmonitor 0.0020 0 172 36 415
tvmonitor 0.0012 0 236 5 271
