bottle 0.0167 9 40 17 66
bottle 0.0053 245 177 258 211
bottle 0.0045 254 92 287 126
bottle 0.0019 7 39 20 81
bottle 0.0012 214 34 226 72
chair 0.0072 1 183 81 378
chair 0.0051 8 192 76 250
dog 0.8380 126 312 185 425
dog 0.0042 130 310 185 374
dog 0.0014 140 313 186 336
person 0.9977 24 23 205 404
person 0.8116 1 47 67 197
person 0.5175 257 40 318 165
person 0.4365 225 58 277 148
person 0.1141 275 36 322 97
person 0.0803 0 66 20 183
person 0.0635 232 60 272 99
person 0.0592 1 41 32 170
person 0.0475 245 147 297 212
person 0.0425 219 51 322 193
person 0.0368 0 99 18 261
person 0.0277 243 63 306 221
person 0.0277 59 48 109 196
person 0.0274 -1 56 39 230
person 0.0245 76 43 107 124
person 0.0197 285 37 320 71
person 0.0153 206 56 272 189
person 0.0117 282 48 314 91
person 0.0114 0 32 18 145
person 0.0101 3 36 17 72
person 0.0090 241 49 314 125
person 0.0088 0 40 65 129
person 0.0086 246 79 307 161
person 0.0083 0 19 6 86
person 0.0080 0 127 13 351
person 0.0074 -1 68 22 332
person 0.0069 0 145 30 254
person 0.0067 -1 74 86 250
person 0.0049 0 34 118 313
person 0.0047 0 85 7 193
person 0.0044 329 45 333 78
person 0.0041 0 137 7 217
person 0.0034 6 38 38 68
person 0.0033 5 35 106 173
person 0.0032 0 29 5 132
person 0.0030 316 43 333 78
person 0.0027 77 28 249 331
person 0.0026 270 53 299 91
person 0.0026 0 158 7 254
person 0.0025 0 41 4 81
person 0.0024 296 36 330 133
person 0.0022 326 31 332 91
person 0.0022 0 150 18 203
person 0.0021 0 73 8 147
person 0.0021 10 44 50 168
person 0.0021 315 35 332 172
person 0.0017 296 35 333 72
person 0.0016 -1 121 38 359
person 0.0016 207 77 239 168
person 0.0015 49 58 119 265
person 0.0013 326 -6 332 72
person 0.0013 0 -13 13 113
person 0.0013 0 31 35 110
person 0.0013 288 28 333 183
person 0.0012 266 63 293 101
person 0.0011 69 52 88 90
person 0.0011 26 53 144 209
person 0.0010 12 38 43 83
person 0.0010 0 187 6 301
person 0.0010 328 26 332 135
tvmonitor 0.0023 314 0 333 49
tvmonitor 0.0013 325 -7 332 56
