bottle 0.9955 331 292 376 376
bottle 0.0072 490 137 499 185
bottle 0.0054 493 147 499 176
bottle 0.0045 295 296 383 376
bottle 0.0023 341 367 376 375
bottle 0.0020 330 366 389 374
bottle 0.0016 0 127 7 239
chair 0.0048 17 119 234 367
chair 0.0029 255 174 494 376
diningtable 0.3868 24 286 484 373
diningtable 0.0072 97 327 477 374
diningtable 0.0043 237 299 493 374
diningtable 0.0043 283 354 504 375
diningtable 0.0014 211 355 422 376
diningtable 0.0013 8 157 496 386
diningtable 0.0011 325 337 463 375
person 0.9985 261 65 495 358
person 0.9972 23 59 216 321
person 0.4861 0 56 52 361
person 0.0259 -5 44 140 334
person 0.0111 0 129 35 371
person 0.0090 -2 6 31 325
person 0.0077 6 281 188 373
person 0.0068 485 95 500 350
person 0.0067 0 73 20 315
person 0.0062 470 77 500 366
person 0.0037 445 53 500 335
person 0.0031 491 106 500 174
person 0.0023 5 118 83 358
person 0.0017 370 34 507 350
person 0.0016 494 159 499 294
person 0.0015 0 115 7 223
person 0.0014 17 237 327 374
person 0.0013 481 80 500 219
person 0.0013 0 187 20 373
person 0.0012 -32 53 306 363
person 0.0012 9 104 41 310
person 0.0012 0 42 16 231
person 0.0011 482 212 499 376
person 0.0011 493 130 500 237
person 0.0010 441 179 500 381
pottedplant 0.0334 438 88 477 163
pottedplant 0.0085 234 -1 400 43
pottedplant 0.0035 439 79 497 192
pottedplant 0.0027 476 76 500 167
pottedplant 0.0018 311 1 395 46
pottedplant 0.0012 199 4 391 131
