aeroplane 0.9871 3 66 497 310
chair 0.0049 178 259 230 310
diningtable 0.0248 -17 340 189 374
diningtable 0.0080 0 302 265 373
diningtable 0.0043 1 332 337 374
diningtable 0.0015 13 353 273 375
diningtable 0.0012 41 298 441 373
person 0.9995 349 184 440 374
person 0.9005 120 208 154 300
person 0.6925 73 260 103 299
person 0.3371 0 246 13 295
person 0.2209 0 245 28 314
person 0.0274 0 244 9 323
person 0.0106 2 253 41 333
person 0.0096 0 257 22 359
person 0.0047 17 279 29 299
person 0.0026 480 163 499 284
person 0.0025 8 245 35 296
person 0.0023 1 252 10 287
person 0.0021 0 245 9 267
person 0.0020 12 275 31 304
person 0.0018 492 179 499 288
person 0.0016 66 240 105 302
person 0.0013 0 273 4 309
person 0.0012 54 258 117 303
person 0.0010 354 218 395 340
person 0.0010 0 281 9 345
pottedplant 0.0639 33 69 180 173
pottedplant 0.0215 145 216 174 290
pottedplant 0.0209 2 241 40 296
pottedplant 0.0174 37 217 84 285
pottedplant 0.0150 158 229 175 268
pottedplant 0.0049 159 236 177 287
pottedplant 0.0036 20 53 182 270
pottedplant 0.0035 66 185 142 293
pottedplant 0.0024 242 355 287 374
pottedplant 0.0024 8 218 88 347
pottedplant 0.0021 0 269 27 311
pottedplant 0.0013 64 207 106 295
pottedplant 0.0012 28 203 103 303
pottedplant 0.0011 2 269 42 347
pottedplant 0.0011 274 306 297 329
pottedplant 0.0011 163 234 201 296
pottedplant 0.0010 224 253 268 274
