boat 0.0019 2 230 53 294
car 0.9773 207 219 336 303
car 0.2975 11 2 60 24
car 0.0114 41 13 64 22
car 0.0051 5 0 85 28
car 0.0041 11 1 35 21
car 0.0038 54 9 66 22
car 0.0032 28 7 73 24
car 0.0018 0 0 26 5
car 0.0018 7 7 24 21
car 0.0016 18 0 46 22
car 0.0015 0 0 10 7
car 0.0014 32 10 56 21
car 0.0014 -6 294 353 334
car 0.0012 4 0 28 20
car 0.0012 193 197 356 337
car 0.0012 156 247 355 324
car 0.0012 0 5 6 24
car 0.0010 0 0 7 19
car 0.0010 53 16 66 24
car 0.0010 9 0 35 5
person 0.7445 166 0 206 34
person 0.0072 56 2 65 17
person 0.0012 46 2 61 15
