bottle 0.8613 446 193 471 277
bottle 0.0731 478 132 499 192
bottle 0.0726 465 119 483 173
bottle 0.0422 468 133 485 190
bottle 0.0228 487 124 500 171
bottle 0.0132 461 126 490 196
bottle 0.0070 422 195 450 282
bottle 0.0064 431 204 448 262
bottle 0.0040 458 119 478 162
bottle 0.0031 492 125 500 155
bottle 0.0027 441 113 474 189
bottle 0.0025 161 0 194 4
bottle 0.0022 474 123 500 160
bottle 0.0016 482 146 501 300
bottle 0.0015 488 154 498 198
bottle 0.0014 460 130 476 191
bottle 0.0013 445 120 470 160
bottle 0.0012 438 199 451 256
bottle 0.0012 491 162 498 192
bottle 0.0010 479 158 495 193
chair 0.0054 317 355 509 375
chair 0.0042 404 240 501 377
chair 0.0030 313 289 494 374
chair 0.0021 362 365 475 374
chair 0.0017 311 336 477 376
chair 0.0015 480 243 500 375
chair 0.0015 0 238 18 383
chair 0.0014 409 305 497 376
chair 0.0011 175 332 478 373
person 0.0575 350 40 373 92
person 0.0313 119 145 171 214
person 0.0151 137 138 187 218
person 0.0052 273 192 286 203
person 0.0042 480 162 501 311
person 0.0017 466 136 505 337
person 0.0014 368 18 386 74
person 0.0010 0 90 13 327
pottedplant 0.0294 486 125 500 183
pottedplant 0.0198 320 250 360 278
pottedplant 0.0071 407 363 488 374
pottedplant 0.0023 386 354 517 376
pottedplant 0.0015 426 356 504 373
pottedplant 0.0012 406 330 498 376
tvmonitor 0.9997 95 120 224 250
tvmonitor 0.9993 225 120 356 249
tvmonitor 0.1442 101 144 220 212
tvmonitor 0.0594 0 -2 29 104
tvmonitor 0.0191 230 0 405 20
tvmonitor 0.0037 0 51 13 279
tvmonitor 0.0031 254 -1 417 35
tvmonitor 0.0031 283 0 399 11
tvmonitor 0.0016 161 0 254 8
tvmonitor 0.0015 0 3 23 182
tvmonitor 0.0014 262 0 362 17
tvmonitor 0.0013 122 0 213 6
tvmonitor 0.0012 61 -1 266 20
tvmonitor 0.0012 426 160 466 190
