bird 0.9983 56 332 131 383
bird 0.9970 396 218 474 294
bird 0.9959 213 148 267 217
bird 0.9947 16 282 116 320
bird 0.9937 345 9 427 132
bird 0.9933 183 240 220 326
bird 0.9896 80 196 129 258
bird 0.9800 318 65 361 124
bird 0.9712 233 314 332 349
bird 0.9527 97 48 165 112
bird 0.7885 347 293 370 316
bird 0.7189 261 314 328 333
bird 0.2574 117 66 163 110
bird 0.0761 359 89 424 139
bird 0.0756 46 293 115 318
bird 0.0515 98 52 146 95
bird 0.0330 399 257 458 293
bird 0.0164 191 282 221 325
bird 0.0134 96 223 128 258
bird 0.0111 80 199 108 243
bird 0.0095 349 304 370 317
bird 0.0059 20 279 68 319
bird 0.0032 221 190 266 218
bird 0.0030 232 312 278 349
bird 0.0030 59 362 127 383
bird 0.0028 337 68 426 136
bird 0.0027 320 59 389 121
bird 0.0022 0 381 8 402
bird 0.0018 0 1 12 53
bird 0.0017 81 341 132 379
bird 0.0017 0 348 7 404
bird 0.0016 359 297 372 315
bird 0.0016 0 2 10 19
bird 0.0015 0 370 7 397
bird 0.0014 69 177 139 275
bird 0.0010 -1 0 12 10
bird 0.0010 391 90 425 137
bird 0.0010 205 276 222 323
