aeroplane 0.9966 0 96 500 335
aeroplane 0.0675 143 77 510 240
aeroplane 0.0308 3 116 178 197
aeroplane 0.0254 141 112 161 121
aeroplane 0.0217 0 108 30 168
aeroplane 0.0075 163 93 491 176
aeroplane 0.0059 4 165 188 265
aeroplane 0.0058 0 138 30 169
aeroplane 0.0049 214 118 272 135
aeroplane 0.0046 0 123 44 176
aeroplane 0.0039 209 106 260 132
aeroplane 0.0034 4 95 252 283
aeroplane 0.0032 0 92 44 156
aeroplane 0.0030 0 75 27 142
aeroplane 0.0030 79 130 176 177
aeroplane 0.0025 0 83 141 182
aeroplane 0.0025 0 127 95 176
aeroplane 0.0024 109 150 171 174
aeroplane 0.0022 0 124 26 158
aeroplane 0.0018 8 88 247 175
aeroplane 0.0018 97 112 405 194
aeroplane 0.0018 14 2 491 259
aeroplane 0.0014 324 207 494 289
aeroplane 0.0012 196 105 284 139
aeroplane 0.0012 2 23 189 228
aeroplane 0.0011 0 128 28 198
aeroplane 0.0010 295 77 498 296
bird 0.0020 173 96 187 108
person 0.2074 117 184 144 208
person 0.0097 483 194 499 281
person 0.0016 487 192 500 248
person 0.0014 489 222 500 288
person 0.0013 78 248 105 276
