bottle 0.0053 325 411 333 501
bottle 0.0016 313 0 333 12
bottle 0.0014 325 0 333 26
bottle 0.0012 316 452 332 500
bottle 0.0010 308 0 333 26
chair 0.0095 1 311 227 501
chair 0.0068 269 293 333 494
chair 0.0057 253 163 334 503
chair 0.0038 0 371 128 501
chair 0.0030 245 371 333 500
chair 0.0026 317 324 332 504
chair 0.0023 29 386 299 500
chair 0.0015 198 82 334 490
chair 0.0015 292 137 333 495
chair 0.0015 0 225 126 505
chair 0.0012 29 442 299 499
person 0.9886 28 157 247 494
person 0.9668 140 0 336 498
person 0.0090 194 -3 333 351
person 0.0069 250 -1 334 505
person 0.0048 31 308 300 502
person 0.0032 317 363 332 501
person 0.0012 0 159 126 505
person 0.0010 0 132 10 386
pottedplant 0.0011 0 344 32 445
