bicycle 0.5399 249 152 387 499
bicycle 0.4000 1 133 386 507
bicycle 0.0129 8 159 195 492
bicycle 0.0092 204 46 375 462
bicycle 0.0011 251 202 391 375
bottle 0.0129 348 74 389 326
bottle 0.0056 368 93 388 308
bottle 0.0035 354 89 388 234
bottle 0.0019 272 335 304 361
bottle 0.0015 126 0 136 11
bottle 0.0012 381 99 389 215
bottle 0.0010 254 153 329 402
car 0.0016 371 27 388 184
chair 0.0027 4 159 152 492
person 0.9431 71 14 176 191
person 0.6889 142 22 314 499
person 0.6077 11 61 374 505
person 0.0197 347 70 388 406
person 0.0056 374 96 389 381
person 0.0044 362 58 389 343
person 0.0036 52 14 175 323
person 0.0015 367 46 388 200
person 0.0014 365 118 390 512
person 0.0012 48 24 214 474
person 0.0012 377 156 389 478
person 0.0011 373 -1 389 175
tvmonitor 0.0013 378 55 389 146
