bottle 0.9994 403 34 457 184
bottle 0.9990 48 40 114 195
bottle 0.9970 103 33 154 185
bottle 0.4753 67 23 110 101
bottle 0.0180 474 7 499 149
bottle 0.0149 482 27 499 188
bottle 0.0140 213 145 311 332
bottle 0.0088 491 82 499 169
bottle 0.0083 99 27 145 99
bottle 0.0080 447 14 501 142
bottle 0.0076 76 19 128 90
bottle 0.0062 48 24 94 102
bottle 0.0048 68 23 95 54
bottle 0.0033 0 21 13 222
bottle 0.0029 493 127 500 225
bottle 0.0024 197 148 242 212
bottle 0.0020 68 32 143 188
bottle 0.0020 480 79 499 249
bottle 0.0013 492 36 500 157
bottle 0.0011 86 31 120 157
bottle 0.0011 410 30 489 165
bottle 0.0011 92 67 162 147
bottle 0.0010 -1 21 59 221
diningtable 0.0090 16 55 477 369
person 0.0011 -3 36 32 348
tvmonitor 0.0038 49 -1 448 79
tvmonitor 0.0019 0 0 29 5
tvmonitor 0.0011 -2 0 50 21
tvmonitor 0.0010 -3 0 53 7
