car 0.9988 87 167 209 225
car 0.9961 114 166 383 348
car 0.9867 429 176 499 242
car 0.7935 1 163 42 225
car 0.6409 0 199 11 253
car 0.1361 0 176 19 269
car 0.0610 488 184 500 238
car 0.0223 0 170 10 240
car 0.0185 1 209 8 243
car 0.0159 0 180 14 320
car 0.0118 72 175 94 202
car 0.0050 0 199 7 296
car 0.0044 477 179 499 231
car 0.0044 0 166 88 217
car 0.0044 493 195 499 229
car 0.0028 0 182 25 225
car 0.0023 2 176 40 263
car 0.0021 492 185 500 264
car 0.0019 494 181 499 214
car 0.0018 0 196 7 229
car 0.0013 64 167 160 219
car 0.0012 0 222 5 258
car 0.0012 85 168 127 220
car 0.0012 307 171 334 184
car 0.0011 7 183 36 223
car 0.0010 33 137 462 367
car 0.0010 0 155 8 214
person 0.9983 354 159 459 374
person 0.0048 217 172 228 195
person 0.0028 495 170 500 198
person 0.0027 205 171 227 199
person 0.0014 492 163 499 219
