bottle 0.0025 123 178 149 217
bottle 0.0012 471 367 498 374
bottle 0.0010 0 336 12 376
chair 0.0221 30 208 72 231
chair 0.0027 404 329 498 375
chair 0.0025 343 332 483 375
chair 0.0021 476 298 500 377
chair 0.0019 324 366 416 375
chair 0.0018 451 303 498 376
chair 0.0012 319 352 507 375
chair 0.0010 443 365 507 375
chair 0.0010 359 354 417 375
diningtable 0.9729 -5 226 417 378
diningtable 0.0188 314 275 499 377
diningtable 0.0096 228 240 438 368
diningtable 0.0065 153 281 428 376
diningtable 0.0045 60 131 161 205
diningtable 0.0036 20 332 397 374
diningtable 0.0014 11 108 481 383
diningtable 0.0014 140 161 287 246
diningtable 0.0010 173 328 487 376
person 0.9993 157 136 272 232
person 0.9984 70 128 171 234
person 0.6474 317 227 494 374
person 0.5955 84 101 122 148
person 0.4508 0 90 30 241
person 0.3479 294 220 445 336
person 0.2848 0 133 22 283
person 0.1628 0 79 40 193
person 0.1204 439 198 496 228
person 0.0708 401 204 501 361
person 0.0701 402 218 449 291
person 0.0562 0 143 7 252
person 0.0560 391 0 432 48
person 0.0467 0 75 33 142
person 0.0326 -1 123 29 349
person 0.0295 0 106 48 280
person 0.0290 141 122 188 207
person 0.0269 189 223 473 379
person 0.0239 319 201 488 298
person 0.0227 371 223 454 370
person 0.0128 126 122 197 238
person 0.0107 371 -1 457 48
person 0.0074 0 184 7 284
person 0.0073 0 194 21 366
person 0.0069 392 217 469 316
person 0.0061 343 222 447 286
person 0.0056 404 192 499 288
person 0.0054 481 211 500 378
person 0.0048 305 238 410 376
person 0.0045 -12 226 303 375
person 0.0044 0 77 9 144
person 0.0042 155 127 181 164
person 0.0036 0 154 54 346
person 0.0036 122 124 171 208
person 0.0032 278 128 467 372
person 0.0030 154 122 197 181
person 0.0030 67 100 116 167
person 0.0029 409 197 499 245
person 0.0027 0 118 10 221
person 0.0025 133 101 294 267
person 0.0022 81 101 119 127
person 0.0022 359 126 506 376
person 0.0021 493 186 499 267
person 0.0021 374 0 420 46
person 0.0020 495 205 500 233
person 0.0018 441 197 499 275
person 0.0018 149 119 166 133
person 0.0017 394 0 423 26
person 0.0016 92 102 141 137
person 0.0015 144 113 187 167
person 0.0015 0 78 28 117
person 0.0013 416 2 437 47
person 0.0013 0 74 6 206
person 0.0012 467 193 502 395
person 0.0011 0 102 87 257
person 0.0011 47 121 128 216
person 0.0010 3 173 43 298
person 0.0010 137 118 160 132
person 0.0010 298 233 420 298
