bottle 0.0029 200 252 226 277
chair 0.3391 400 271 499 333
chair 0.0402 254 254 472 331
chair 0.0069 33 267 404 330
chair 0.0068 10 292 120 332
chair 0.0031 407 217 500 329
chair 0.0027 414 312 500 331
chair 0.0019 481 233 500 338
chair 0.0017 255 141 485 340
chair 0.0017 53 294 158 330
chair 0.0016 32 292 319 331
chair 0.0015 207 325 302 332
chair 0.0015 395 271 438 331
chair 0.0015 492 229 500 324
chair 0.0012 248 324 339 332
chair 0.0012 191 288 464 331
chair 0.0011 283 156 390 265
chair 0.0010 293 285 516 332
diningtable 0.0478 37 262 463 331
diningtable 0.0026 102 290 468 332
pottedplant 0.4292 15 12 241 323
pottedplant 0.2990 189 47 386 287
pottedplant 0.2230 313 55 498 325
pottedplant 0.2168 23 15 473 314
pottedplant 0.1419 -1 115 192 319
pottedplant 0.0664 0 97 27 196
pottedplant 0.0621 -8 6 131 326
pottedplant 0.0382 0 240 47 331
pottedplant 0.0331 88 33 330 300
pottedplant 0.0227 183 103 299 243
pottedplant 0.0207 -1 132 94 312
pottedplant 0.0201 -1 78 31 288
pottedplant 0.0191 441 86 500 281
pottedplant 0.0168 103 86 223 232
pottedplant 0.0153 0 159 57 337
pottedplant 0.0092 0 45 53 221
pottedplant 0.0071 404 109 501 309
pottedplant 0.0070 6 37 93 228
pottedplant 0.0068 0 39 20 176
pottedplant 0.0053 208 131 367 249
pottedplant 0.0046 0 -1 188 229
pottedplant 0.0040 4 84 38 185
pottedplant 0.0039 0 101 9 170
pottedplant 0.0033 152 100 256 242
pottedplant 0.0031 478 111 499 257
pottedplant 0.0031 367 21 501 264
pottedplant 0.0030 0 117 18 302
pottedplant 0.0028 0 89 8 145
pottedplant 0.0028 85 118 204 279
pottedplant 0.0026 241 88 357 231
pottedplant 0.0023 0 200 25 323
pottedplant 0.0021 407 69 500 221
pottedplant 0.0020 26 134 142 288
pottedplant 0.0020 139 101 364 331
pottedplant 0.0016 65 -5 271 234
pottedplant 0.0015 0 128 7 209
pottedplant 0.0015 5 107 39 234
pottedplant 0.0014 235 93 414 343
pottedplant 0.0013 0 15 24 123
pottedplant 0.0013 0 230 88 337
pottedplant 0.0013 0 105 5 130
pottedplant 0.0013 -1 16 96 148
pottedplant 0.0012 0 260 28 335
pottedplant 0.0012 492 132 500 218
pottedplant 0.0011 -1 16 31 198
pottedplant 0.0011 194 27 466 214
pottedplant 0.0011 76 -1 427 73
pottedplant 0.0011 250 168 399 262
pottedplant 0.0010 481 192 500 330
pottedplant 0.0010 203 242 247 264
pottedplant 0.0010 118 114 307 216
pottedplant 0.0010 207 140 308 277
pottedplant 0.0010 440 156 501 342
sofa 0.0012 160 0 492 68
