chair 0.9967 149 197 217 302
chair 0.9938 33 188 97 288
chair 0.7565 329 192 387 299
chair 0.1443 13 163 93 260
chair 0.1232 180 153 215 196
chair 0.1037 306 139 335 255
chair 0.0682 237 122 307 315
chair 0.0503 146 156 220 244
chair 0.0259 146 163 187 235
chair 0.0247 332 162 386 233
chair 0.0191 298 177 328 269
chair 0.0164 162 156 206 209
chair 0.0099 204 153 238 244
chair 0.0091 179 163 224 254
chair 0.0089 315 142 342 228
chair 0.0088 174 154 198 197
chair 0.0086 291 134 315 261
chair 0.0085 139 171 198 280
chair 0.0022 224 168 246 279
chair 0.0022 188 157 241 266
chair 0.0017 307 139 363 259
chair 0.0016 452 163 480 256
chair 0.0015 0 126 15 270
chair 0.0014 313 136 328 201
chair 0.0012 442 161 471 261
chair 0.0011 28 173 75 275
chair 0.0011 169 158 191 203
diningtable 0.0239 153 189 234 289
diningtable 0.0043 117 168 243 280
diningtable 0.0023 7 162 127 281
person 0.9980 390 88 444 309
person 0.9963 85 90 150 302
person 0.9947 232 87 296 310
person 0.0013 28 79 159 303
