bottle 0.9801 17 279 79 373
bottle 0.0029 0 275 21 374
bottle 0.0013 8 277 54 375
chair 0.0731 0 158 49 315
chair 0.0046 0 169 24 330
chair 0.0034 5 82 204 289
chair 0.0028 1 153 87 296
chair 0.0017 482 227 499 362
chair 0.0014 0 153 48 239
diningtable 0.8109 -1 245 498 373
diningtable 0.0013 27 273 313 373
person 0.9989 25 31 298 279
person 0.9425 298 6 499 358
person 0.0340 374 120 499 368
person 0.0288 1 21 497 297
person 0.0203 444 38 500 349
person 0.0181 471 1 498 33
person 0.0051 489 -1 499 35
person 0.0047 485 61 500 327
person 0.0041 22 151 254 273
person 0.0034 483 176 500 357
person 0.0032 493 3 500 32
person 0.0032 470 26 500 333
person 0.0025 363 -1 501 266
person 0.0013 35 128 363 291
person 0.0011 441 202 500 360
tvmonitor 0.0028 474 27 499 96
