bus 0.0063 -8 0 354 39
car 0.1457 12 0 117 38
car 0.1276 46 21 381 225
car 0.0290 1 -1 46 42
car 0.0281 34 0 210 33
car 0.0144 0 0 24 33
car 0.0055 0 -1 28 62
car 0.0027 0 1 13 41
car 0.0016 0 9 22 45
car 0.0012 -13 -3 204 64
car 0.0012 0 -3 172 27
car 0.0010 -2 3 65 54
horse 0.9879 43 47 385 274
person 0.6085 209 26 371 211
person 0.0388 215 0 240 20
person 0.0169 190 0 242 20
person 0.0120 0 2 24 87
person 0.0048 0 8 9 99
person 0.0025 164 0 225 21
person 0.0021 155 0 199 28
person 0.0018 0 -5 15 170
person 0.0015 187 -1 244 11
person 0.0013 222 0 243 9
person 0.0012 213 0 273 19
person 0.0012 148 0 253 31
pottedplant 0.0858 212 213 268 268
