chair 0.9859 116 -5 246 138
chair 0.9686 259 4 393 103
chair 0.0081 3 -2 176 135
chair 0.0075 28 12 459 369
chair 0.0061 0 -5 7 56
chair 0.0058 194 12 395 310
chair 0.0054 174 1 310 48
chair 0.0048 98 -1 309 187
chair 0.0035 33 0 240 99
chair 0.0034 105 3 191 134
chair 0.0024 379 27 499 344
chair 0.0021 175 -4 415 147
chair 0.0015 277 0 394 39
chair 0.0014 0 0 20 128
chair 0.0014 -1 0 27 35
chair 0.0013 0 1 47 69
chair 0.0012 130 1 274 42
chair 0.0011 252 32 356 98
chair 0.0010 0 0 61 131
chair 0.0010 0 7 5 41
chair 0.0010 0 0 7 107
diningtable 0.0316 129 0 367 92
diningtable 0.0075 100 -8 393 154
dog 0.8753 214 80 387 353
dog 0.0138 77 58 489 372
dog 0.0023 234 111 393 268
pottedplant 0.0021 297 0 385 22
sofa 0.0765 217 80 497 355
sofa 0.0453 23 58 462 372
