bottle 0.0664 223 0 245 8
bottle 0.0409 241 0 268 10
bottle 0.0099 213 0 240 7
bottle 0.0099 231 0 258 9
bottle 0.0053 0 365 27 375
bottle 0.0046 0 353 7 375
bottle 0.0045 207 0 263 9
bottle 0.0038 0 363 10 375
bottle 0.0037 0 343 5 370
bottle 0.0028 0 156 7 254
bottle 0.0024 0 334 8 378
bottle 0.0012 64 354 120 373
chair 0.6285 261 284 478 374
chair 0.2920 9 321 192 375
chair 0.0269 49 291 453 375
chair 0.0145 365 278 499 375
chair 0.0054 30 329 391 376
chair 0.0029 200 320 461 375
chair 0.0027 203 229 460 380
chair 0.0019 0 305 49 373
chair 0.0018 0 103 197 379
chair 0.0015 253 354 457 376
chair 0.0013 -5 364 53 374
chair 0.0011 0 278 25 372
chair 0.0010 11 249 180 370
chair 0.0010 0 183 16 379
chair 0.0010 -1 353 48 375
chair 0.0010 0 314 8 372
person 0.9989 241 59 410 371
person 0.9986 34 39 241 380
person 0.0112 444 51 500 335
person 0.0060 -3 46 122 383
person 0.0060 -1 93 58 377
person 0.0055 162 48 502 379
person 0.0027 484 65 500 323
person 0.0021 0 110 15 364
person 0.0013 -1 109 29 390
pottedplant 0.0020 0 80 57 366
tvmonitor 0.9974 183 53 290 170
tvmonitor 0.9941 -1 66 110 207
tvmonitor 0.0708 468 269 500 377
tvmonitor 0.0169 443 -11 499 171
tvmonitor 0.0125 2 41 114 335
tvmonitor 0.0079 0 68 17 235
tvmonitor 0.0046 443 249 500 375
tvmonitor 0.0026 0 129 6 210
tvmonitor 0.0026 477 -3 499 131
tvmonitor 0.0010 491 2 500 76
tvmonitor 0.0010 236 0 290 10
tvmonitor 0.0010 174 0 257 8
