bus 0.0021 -3 18 500 317
car 0.9815 -5 145 495 332
car 0.0047 164 191 495 334
car 0.0026 0 193 20 329
car 0.0017 449 126 501 193
person 0.9859 27 178 79 226
person 0.9814 209 106 366 334
person 0.8595 0 175 20 240
person 0.2117 441 178 465 198
person 0.0444 466 187 484 202
person 0.0329 0 177 18 295
person 0.0257 0 195 14 242
person 0.0180 0 173 16 216
person 0.0143 52 100 512 333
person 0.0134 442 178 484 201
person 0.0053 0 198 8 267
person 0.0048 457 185 493 205
person 0.0029 490 175 500 214
person 0.0025 493 184 500 207
person 0.0022 0 215 6 238
person 0.0017 6 176 49 227
person 0.0013 9 162 92 239
person 0.0013 0 219 4 246
person 0.0012 -4 183 71 231
