bottle 0.9986 58 235 127 470
bottle 0.4619 0 264 25 375
bottle 0.0232 0 226 22 336
bottle 0.0213 1 266 24 320
bottle 0.0075 0 193 5 315
bottle 0.0050 0 260 4 384
bottle 0.0036 0 248 6 336
bottle 0.0033 16 196 135 481
bottle 0.0024 0 261 39 403
bottle 0.0018 5 280 26 338
bottle 0.0016 -2 263 40 334
bottle 0.0012 1 198 34 325
bottle 0.0011 0 334 21 381
bottle 0.0010 0 300 18 444
chair 0.0148 48 146 372 507
chair 0.0041 273 315 376 496
chair 0.0031 231 236 376 498
chair 0.0029 358 329 374 496
diningtable 0.1316 8 144 369 504
diningtable 0.0055 1 368 140 500
diningtable 0.0039 23 448 349 500
diningtable 0.0032 0 359 65 497
diningtable 0.0011 112 474 305 501
diningtable 0.0011 20 395 351 501
diningtable 0.0010 13 290 176 497
person 0.9998 14 4 357 503
person 0.0022 0 85 10 356
person 0.0012 0 -18 42 343
