bottle 0.0015 -2 2 70 133
chair 0.7983 260 218 346 347
chair 0.5512 37 211 95 293
chair 0.0337 4 237 186 368
chair 0.0301 177 225 273 340
chair 0.0231 5 201 101 304
chair 0.0183 168 233 328 359
chair 0.0156 33 234 141 296
chair 0.0150 99 239 144 294
chair 0.0109 -2 14 72 164
chair 0.0103 172 331 482 375
chair 0.0083 17 287 234 372
chair 0.0067 324 231 498 370
chair 0.0048 234 297 491 373
chair 0.0047 207 182 366 367
chair 0.0047 10 230 334 371
chair 0.0046 141 234 185 300
chair 0.0045 481 246 500 373
chair 0.0037 229 238 416 364
chair 0.0031 95 235 192 356
chair 0.0030 17 214 120 345
chair 0.0025 358 216 428 350
chair 0.0025 194 352 439 375
chair 0.0023 25 331 396 375
chair 0.0022 103 293 396 371
chair 0.0022 260 235 346 298
chair 0.0019 31 222 221 332
chair 0.0017 450 301 500 375
chair 0.0017 360 279 504 375
chair 0.0012 493 251 500 376
chair 0.0012 8 134 174 358
chair 0.0011 236 186 499 368
chair 0.0010 -4 323 207 376
person 0.0026 0 59 58 328
person 0.0017 0 76 15 312
person 0.0015 -1 49 30 336
