chair 0.0061 218 0 339 35
chair 0.0060 150 1 249 110
chair 0.0029 260 0 372 34
chair 0.0019 193 -1 377 80
chair 0.0015 192 1 248 60
chair 0.0012 180 0 299 38
chair 0.0010 283 0 340 28
dog 0.9635 78 34 362 339
dog 0.6290 0 3 105 166
dog 0.0066 0 -10 121 287
dog 0.0029 0 7 18 158
person 0.8492 322 0 500 334
person 0.5521 95 -2 237 114
person 0.1459 410 24 498 318
person 0.0099 -1 -5 199 146
person 0.0076 -1 -3 101 98
person 0.0064 115 0 295 86
person 0.0055 128 5 514 331
person 0.0033 153 -4 248 98
person 0.0033 307 -2 496 85
person 0.0028 309 0 493 179
person 0.0017 0 -1 21 114
person 0.0016 -1 0 97 39
person 0.0016 174 0 265 39
person 0.0014 44 1 123 115
person 0.0014 77 0 170 39
person 0.0014 0 -5 6 87
person 0.0012 487 54 499 291
person 0.0010 35 0 136 37
person 0.0010 124 0 242 37
