bottle 0.3793 26 232 45 286
bottle 0.0015 350 0 371 9
chair 0.0017 0 174 16 328
pottedplant 0.9757 138 150 212 206
pottedplant 0.9711 39 231 91 286
pottedplant 0.8971 226 125 266 171
pottedplant 0.8274 276 81 331 135
pottedplant 0.5271 97 197 137 245
pottedplant 0.4715 0 254 20 325
pottedplant 0.2860 0 275 14 322
pottedplant 0.0850 21 233 45 293
pottedplant 0.0280 0 251 12 309
pottedplant 0.0107 283 99 324 135
pottedplant 0.0091 -1 326 26 334
pottedplant 0.0082 97 168 139 237
pottedplant 0.0067 5 248 43 327
pottedplant 0.0060 0 278 9 305
pottedplant 0.0052 354 0 509 16
pottedplant 0.0048 339 6 497 117
pottedplant 0.0045 30 213 101 292
pottedplant 0.0032 266 55 339 140
pottedplant 0.0030 369 0 506 6
pottedplant 0.0020 0 325 12 334
pottedplant 0.0019 0 312 25 334
pottedplant 0.0019 226 87 266 159
pottedplant 0.0018 0 290 10 318
pottedplant 0.0015 470 0 499 5
pottedplant 0.0014 -7 325 56 334
pottedplant 0.0014 488 0 500 7
pottedplant 0.0013 0 265 7 293
pottedplant 0.0013 0 299 9 323
pottedplant 0.0013 0 290 20 329
pottedplant 0.0011 277 74 346 163
pottedplant 0.0010 0 298 12 335
tvmonitor 0.0238 0 40 15 281
tvmonitor 0.0034 0 139 14 309
tvmonitor 0.0034 -1 18 26 251
tvmonitor 0.0023 0 132 5 246
tvmonitor 0.0022 333 0 499 16
tvmonitor 0.0016 0 177 6 278
tvmonitor 0.0015 2 36 48 283
tvmonitor 0.0011 0 91 5 208
