bicycle 0.0017 0 90 26 133
boat 0.9959 208 66 369 189
boat 0.4082 354 144 399 178
boat 0.1090 -1 129 180 370
boat 0.0228 5 40 167 284
boat 0.0196 87 29 165 70
boat 0.0155 179 154 255 262
boat 0.0134 -36 98 379 397
boat 0.0085 183 156 253 209
boat 0.0074 -4 56 267 322
boat 0.0069 217 218 245 250
boat 0.0068 159 58 175 78
boat 0.0055 2 161 173 273
boat 0.0042 143 109 365 389
boat 0.0040 234 189 253 220
boat 0.0040 -2 77 100 227
boat 0.0039 199 180 248 262
boat 0.0036 2 125 135 246
boat 0.0035 0 144 65 247
boat 0.0024 204 69 299 81
boat 0.0022 0 -13 131 214
boat 0.0020 177 162 232 222
boat 0.0020 198 160 234 180
boat 0.0020 315 141 405 183
boat 0.0018 181 178 220 266
boat 0.0017 155 137 279 240
boat 0.0016 -12 226 354 377
boat 0.0012 0 85 29 153
boat 0.0012 -1 239 142 371
boat 0.0011 310 68 348 83
boat 0.0011 112 32 158 63
boat 0.0010 199 162 226 175
boat 0.0010 193 166 239 200
boat 0.0010 14 14 167 124
bottle 0.0030 0 99 6 122
bottle 0.0014 0 107 9 129
car 0.0062 253 237 278 270
car 0.0055 0 151 54 211
car 0.0019 187 252 212 286
car 0.0010 224 252 248 285
chair 0.0057 0 164 55 248
chair 0.0047 -1 101 25 134
chair 0.0018 0 173 10 235
chair 0.0013 0 116 9 136
chair 0.0011 0 98 13 137
person 0.9944 4 55 38 136
person 0.9308 47 63 116 262
person 0.9100 106 59 137 117
person 0.2430 85 54 113 94
person 0.1335 70 56 111 129
person 0.0427 64 67 111 172
person 0.0151 0 49 6 130
person 0.0092 0 159 89 254
person 0.0063 -1 88 94 243
person 0.0059 27 60 111 186
person 0.0046 0 158 55 230
person 0.0034 81 59 119 149
person 0.0030 80 58 104 102
person 0.0029 -2 52 52 156
person 0.0027 56 43 120 151
person 0.0026 0 156 9 225
person 0.0026 0 90 6 117
person 0.0026 0 84 11 137
person 0.0022 66 56 140 107
person 0.0020 0 154 26 233
person 0.0018 0 66 4 99
person 0.0016 0 136 9 201
person 0.0015 0 122 24 208
person 0.0015 95 53 117 85
person 0.0014 82 35 121 98
person 0.0013 93 54 109 70
person 0.0011 276 325 282 344
person 0.0011 89 50 113 77
person 0.0010 69 62 114 99
