bird 0.0020 487 178 499 260
bird 0.0017 493 192 499 217
bird 0.0015 495 183 499 212
bottle 0.0016 378 177 402 218
chair 0.0626 199 95 283 223
chair 0.0130 175 97 329 208
chair 0.0067 173 122 225 207
chair 0.0030 354 0 385 7
chair 0.0012 329 0 390 20
person 0.9993 253 62 346 203
person 0.9989 204 71 285 207
person 0.9948 61 105 159 248
person 0.9938 329 68 420 199
person 0.9872 1 70 87 321
person 0.9403 387 64 448 204
person 0.0244 29 75 157 310
person 0.0225 371 78 418 192
person 0.0108 482 155 500 292
person 0.0106 0 78 14 312
person 0.0062 391 60 438 130
person 0.0047 12 84 115 253
person 0.0045 493 136 500 230
person 0.0041 0 153 5 271
person 0.0034 443 134 500 315
person 0.0034 484 75 499 255
person 0.0030 471 60 501 327
person 0.0029 0 60 27 326
person 0.0028 401 59 452 155
person 0.0020 0 57 62 250
person 0.0019 1 141 60 333
person 0.0013 328 59 471 158
person 0.0012 0 184 8 283
sheep 0.9783 315 186 389 345
sheep 0.9623 239 198 347 341
sheep 0.9160 123 207 230 358
sheep 0.8683 377 191 447 341
sheep 0.8261 443 197 500 338
sheep 0.0445 474 192 500 338
sheep 0.0079 289 202 438 340
sheep 0.0021 493 232 500 352
sheep 0.0012 490 189 499 306
sheep 0.0010 110 184 185 351
sofa 0.0055 197 96 368 205
tvmonitor 0.0033 321 108 335 128
