chair 0.0102 409 169 443 217
chair 0.0086 21 355 101 374
chair 0.0084 -10 354 144 376
chair 0.0044 0 191 9 247
chair 0.0041 0 188 23 236
chair 0.0040 -2 355 69 374
chair 0.0030 -3 334 98 376
chair 0.0029 14 188 33 222
chair 0.0028 19 364 124 374
chair 0.0026 -9 365 77 374
chair 0.0022 455 176 498 240
chair 0.0017 0 197 7 285
chair 0.0016 0 303 50 375
chair 0.0015 0 339 27 374
chair 0.0013 18 355 268 375
chair 0.0012 0 269 19 381
chair 0.0012 456 182 496 214
chair 0.0011 -2 268 93 379
chair 0.0011 0 203 6 235
chair 0.0010 0 253 6 344
diningtable 0.0501 13 279 313 376
diningtable 0.0013 17 331 320 374
diningtable 0.0012 37 356 288 375
person 0.0087 0 184 11 240
person 0.0034 0 172 24 247
person 0.0010 0 115 19 245
person 0.0010 0 161 10 220
pottedplant 0.0416 304 222 336 282
pottedplant 0.0098 0 215 8 297
pottedplant 0.0090 0 200 23 304
pottedplant 0.0073 0 229 49 305
pottedplant 0.0033 132 262 184 291
pottedplant 0.0025 0 210 88 323
pottedplant 0.0018 475 153 499 186
pottedplant 0.0011 2 192 43 283
pottedplant 0.0010 1 251 86 307
pottedplant 0.0010 0 255 5 285
sofa 0.9963 366 187 499 375
sofa 0.0011 455 181 499 262
