car 0.0019 19 0 46 5
car 0.0014 9 0 75 19
car 0.0013 3 0 81 9
chair 0.9979 99 188 219 371
chair 0.9971 338 144 444 334
chair 0.9967 7 138 115 315
chair 0.9957 224 185 342 376
chair 0.9653 242 123 328 158
chair 0.8759 157 124 232 153
chair 0.0286 478 163 499 342
chair 0.0162 215 189 312 322
chair 0.0116 210 176 431 370
chair 0.0046 366 151 452 276
chair 0.0034 448 145 499 358
chair 0.0030 303 163 415 342
chair 0.0028 475 116 499 273
chair 0.0021 78 178 179 330
chair 0.0020 484 210 499 378
chair 0.0019 6 162 190 370
chair 0.0019 408 148 448 242
chair 0.0016 159 131 237 288
chair 0.0015 59 166 207 275
chair 0.0015 240 125 295 153
diningtable 0.8548 135 182 361 377
diningtable 0.0250 2 157 439 387
diningtable 0.0075 476 135 499 282
diningtable 0.0020 143 198 350 303
diningtable 0.0015 447 127 500 319
