bicycle 0.9741 157 106 428 332
bicycle 0.9624 1 50 125 275
bicycle 0.9512 249 170 487 330
bicycle 0.0088 293 178 418 328
bicycle 0.0037 369 207 500 330
bicycle 0.0024 0 32 63 262
bicycle 0.0016 478 195 499 329
bicycle 0.0013 442 164 500 335
person 0.9910 0 -7 115 235
person 0.9558 168 -6 406 279
person 0.6541 318 16 496 329
person 0.0497 177 51 535 328
person 0.0033 0 -6 14 197
person 0.0027 370 101 502 334
person 0.0022 443 39 499 330
person 0.0020 -1 -21 61 215
person 0.0017 0 0 26 6
person 0.0016 469 62 501 332
person 0.0015 -1 0 11 7
person 0.0015 -1 -27 27 218
person 0.0014 265 5 471 225
person 0.0013 485 85 500 311
