bottle 0.0014 0 214 8 269
chair 0.2342 9 285 177 377
chair 0.1776 228 302 426 375
chair 0.1496 0 275 90 374
chair 0.0347 -2 241 132 377
chair 0.0225 31 289 297 375
chair 0.0141 0 219 64 376
chair 0.0113 0 328 91 377
chair 0.0075 9 228 250 381
chair 0.0075 0 301 53 376
chair 0.0073 -3 334 173 377
chair 0.0064 277 294 511 377
chair 0.0063 106 298 393 375
chair 0.0051 442 244 500 373
chair 0.0025 0 227 23 365
chair 0.0024 1 263 48 362
chair 0.0018 -19 353 190 377
chair 0.0016 47 328 368 377
chair 0.0014 240 355 472 378
chair 0.0012 473 245 499 375
chair 0.0011 0 298 26 381
person 0.0082 -4 167 126 383
person 0.0044 80 43 121 109
person 0.0040 0 205 21 358
person 0.0036 -1 184 63 356
person 0.0018 491 51 500 100
person 0.0016 492 55 499 81
person 0.0013 493 52 499 71
person 0.0010 0 136 17 313
pottedplant 0.0057 127 114 155 149
tvmonitor 0.9877 448 98 498 240
tvmonitor 0.8090 121 182 220 257
tvmonitor 0.0395 261 125 418 249
tvmonitor 0.0026 268 105 440 326
