bus 0.0112 18 0 394 69
bus 0.0014 -10 0 201 74
car 0.9857 13 77 152 150
car 0.9551 -11 71 447 335
car 0.5899 0 76 59 145
car 0.0420 292 54 433 181
car 0.0132 370 28 504 271
car 0.0080 296 66 414 127
car 0.0052 0 79 30 143
car 0.0031 325 94 426 202
car 0.0022 0 65 6 149
car 0.0021 -1 74 59 224
car 0.0020 288 52 445 286
car 0.0018 7 75 73 100
car 0.0012 0 124 18 254
person 0.9968 404 52 497 328
person 0.9961 211 38 268 88
person 0.7691 372 43 401 68
person 0.6416 131 61 153 91
person 0.4341 86 60 102 76
person 0.1761 183 115 255 207
person 0.1713 130 63 158 130
person 0.0959 199 113 247 167
person 0.0362 170 55 186 84
person 0.0099 208 113 258 186
person 0.0096 371 41 412 129
person 0.0069 487 59 499 321
person 0.0056 387 137 433 295
person 0.0055 347 36 377 66
person 0.0043 137 64 152 86
person 0.0038 75 58 106 79
person 0.0038 383 34 549 349
person 0.0037 370 35 408 83
person 0.0036 199 23 280 100
person 0.0033 382 114 505 272
person 0.0024 363 105 430 277
person 0.0024 473 48 500 330
person 0.0019 388 140 429 214
person 0.0018 493 145 500 252
person 0.0018 85 56 103 89
person 0.0015 107 68 151 131
person 0.0014 482 34 499 212
person 0.0013 210 120 242 160
person 0.0013 493 107 500 212
person 0.0012 383 42 406 69
person 0.0010 433 115 501 343
person 0.0010 194 85 277 194
pottedplant 0.0136 374 4 415 57
pottedplant 0.0016 354 1 438 43
