bottle 0.0048 0 0 136 97
bottle 0.0025 1 0 50 95
car 0.0021 2 0 168 96
chair 0.3311 307 47 440 140
chair 0.1993 407 161 500 372
chair 0.0309 0 69 62 319
chair 0.0230 13 65 173 195
chair 0.0198 308 178 500 376
chair 0.0195 441 119 500 331
chair 0.0096 370 52 506 390
chair 0.0067 -2 61 130 374
chair 0.0055 465 152 502 377
chair 0.0049 0 0 91 99
chair 0.0046 0 184 14 378
chair 0.0045 480 160 500 373
chair 0.0042 193 105 470 379
chair 0.0041 3 1 167 132
chair 0.0029 432 233 501 376
chair 0.0025 477 123 499 296
chair 0.0024 363 275 503 375
chair 0.0024 0 196 57 367
chair 0.0018 0 77 27 365
chair 0.0016 0 222 5 361
chair 0.0016 1 138 88 367
chair 0.0015 0 268 18 380
chair 0.0014 368 189 463 373
chair 0.0012 0 83 83 222
chair 0.0011 0 -5 9 69
chair 0.0010 296 8 487 186
chair 0.0010 -6 11 150 239
diningtable 0.9958 0 105 496 374
person 0.0040 -1 62 29 353
person 0.0036 157 58 487 383
person 0.0015 0 1 23 97
