bottle 0.0679 264 65 277 98
bottle 0.0018 249 65 264 97
bottle 0.0017 259 59 273 97
bottle 0.0012 260 63 270 87
bottle 0.0011 252 63 261 88
chair 0.9962 335 223 498 373
chair 0.9604 120 268 294 374
chair 0.0119 371 141 489 250
chair 0.0100 239 274 309 370
chair 0.0069 475 191 499 341
chair 0.0052 474 157 498 287
chair 0.0042 446 171 500 333
chair 0.0032 118 273 213 372
chair 0.0028 456 160 497 256
chair 0.0024 483 234 500 384
chair 0.0024 493 225 500 343
chair 0.0018 374 174 458 248
chair 0.0017 474 116 499 244
chair 0.0016 453 206 499 300
chair 0.0015 491 131 500 206
chair 0.0011 360 192 502 303
chair 0.0010 0 210 16 381
chair 0.0010 491 206 500 290
diningtable 0.0145 255 223 500 372
person 0.1427 426 91 463 146
person 0.0079 144 67 169 96
pottedplant 0.2669 34 136 72 193
pottedplant 0.0479 0 80 7 98
pottedplant 0.0104 0 64 8 99
pottedplant 0.0037 38 153 61 198
pottedplant 0.0031 35 139 57 186
sofa 0.9981 81 143 348 287
sofa 0.0020 118 167 359 377
sofa 0.0012 63 102 514 336
