car 0.9825 -4 0 501 335
car 0.0122 452 0 499 64
car 0.0069 -1 -8 96 150
car 0.0047 406 0 499 38
car 0.0041 442 0 498 116
car 0.0032 320 0 434 33
car 0.0024 470 -3 499 90
car 0.0018 0 0 95 41
car 0.0014 408 -10 499 78
car 0.0011 1 -5 186 81
person 0.0061 405 0 448 21
person 0.0043 342 0 445 33
person 0.0041 452 0 499 19
person 0.0039 491 -1 500 19
person 0.0033 304 0 358 20
person 0.0026 382 0 485 35
person 0.0024 350 0 410 20
person 0.0022 321 0 377 20
person 0.0022 380 0 435 21
person 0.0017 407 0 464 29
person 0.0016 488 -1 500 10
person 0.0014 472 0 498 8
person 0.0011 356 0 382 20
person 0.0011 487 -3 499 23
person 0.0011 474 0 496 17
