pottedplant 0.4459 28 23 265 403
pottedplant 0.2527 27 283 258 364
pottedplant 0.1109 8 146 71 226
pottedplant 0.0755 85 172 161 240
pottedplant 0.0486 365 271 399 292
pottedplant 0.0416 10 209 30 229
pottedplant 0.0195 20 202 67 228
pottedplant 0.0074 9 185 32 228
pottedplant 0.0034 9 133 74 308
pottedplant 0.0030 38 159 73 235
pottedplant 0.0029 8 187 65 228
pottedplant 0.0029 344 174 409 233
pottedplant 0.0028 49 185 73 229
pottedplant 0.0025 7 64 74 227
pottedplant 0.0025 56 125 158 313
pottedplant 0.0025 8 157 46 234
pottedplant 0.0025 8 206 46 228
pottedplant 0.0019 4 31 163 393
pottedplant 0.0015 42 107 107 329
pottedplant 0.0014 347 285 367 300
pottedplant 0.0013 164 -4 438 504
pottedplant 0.0012 91 194 142 234
pottedplant 0.0012 87 164 127 242
pottedplant 0.0012 80 102 163 259
pottedplant 0.0010 27 216 48 230
