car 0.7523 434 149 499 234
car 0.5144 215 106 439 256
car 0.0775 46 105 206 261
car 0.0184 382 141 504 236
car 0.0023 475 146 500 234
car 0.0023 491 136 500 210
car 0.0021 215 159 235 187
person 0.7564 484 129 500 164
person 0.0401 0 110 5 138
person 0.0226 487 129 499 150
person 0.0113 0 112 6 180
person 0.0065 302 101 314 114
person 0.0054 202 111 214 165
person 0.0054 488 136 500 196
person 0.0047 482 123 501 204
person 0.0036 477 137 500 180
person 0.0018 490 143 498 173
person 0.0010 491 125 500 140
pottedplant 0.0018 205 100 245 115
