bus 0.9995 25 70 484 346
bus 0.5182 475 143 499 246
bus 0.4721 -1 124 19 291
bus 0.3473 0 125 57 269
bus 0.2342 -2 122 96 289
bus 0.1247 6 126 169 252
bus 0.0226 29 102 236 325
bus 0.0217 0 122 8 259
bus 0.0116 461 144 493 243
bus 0.0083 44 106 127 309
bus 0.0074 114 120 206 176
bus 0.0051 386 109 481 252
bus 0.0038 -1 95 14 241
bus 0.0019 479 115 499 221
bus 0.0018 77 122 178 175
bus 0.0015 493 136 499 259
bus 0.0013 44 116 213 210
bus 0.0011 37 146 216 273
bus 0.0011 157 122 207 174
car 0.0156 485 209 499 244
car 0.0060 489 148 498 159
car 0.0047 476 199 500 242
car 0.0044 479 173 500 268
car 0.0040 478 149 497 157
car 0.0036 490 177 500 249
car 0.0025 490 219 499 247
car 0.0012 492 139 499 158
person 0.0026 0 159 12 344
