bottle 0.0017 489 323 500 376
bottle 0.0011 488 352 500 375
bottle 0.0011 473 340 500 374
chair 0.9982 67 167 196 377
chair 0.9974 207 211 323 373
chair 0.1588 191 146 360 363
chair 0.1343 448 188 501 372
chair 0.0575 177 150 256 173
chair 0.0115 475 189 499 373
chair 0.0111 198 168 290 335
chair 0.0111 447 301 499 377
chair 0.0049 410 172 499 364
chair 0.0041 150 144 254 329
chair 0.0026 471 276 500 372
chair 0.0026 273 170 363 362
chair 0.0018 207 246 323 313
chair 0.0015 73 173 201 279
chair 0.0012 409 325 498 376
chair 0.0012 128 160 198 348
chair 0.0011 179 147 259 206
chair 0.0010 306 142 370 337
diningtable 0.9765 167 167 350 378
diningtable 0.0084 4 139 488 399
pottedplant 0.1040 301 144 365 216
tvmonitor 0.0016 395 176 473 359
