bottle 0.0015 387 0 479 114
pottedplant 0.9983 302 120 402 218
pottedplant 0.9976 236 116 328 203
pottedplant 0.9528 372 133 484 290
pottedplant 0.9322 110 155 202 269
pottedplant 0.9191 223 187 333 316
pottedplant 0.8506 178 96 266 190
pottedplant 0.8348 298 200 422 330
pottedplant 0.8125 7 127 89 244
pottedplant 0.8016 57 148 145 269
pottedplant 0.7568 125 97 207 174
pottedplant 0.6883 54 101 200 174
pottedplant 0.5294 158 179 268 298
pottedplant 0.4071 472 114 500 256
pottedplant 0.0303 3 114 174 213
pottedplant 0.0138 480 53 500 244
pottedplant 0.0117 49 145 203 238
pottedplant 0.0090 3 106 131 282
pottedplant 0.0085 52 92 106 146
pottedplant 0.0065 89 96 210 219
pottedplant 0.0059 39 93 139 200
pottedplant 0.0059 32 325 56 332
pottedplant 0.0046 35 132 229 309
pottedplant 0.0039 442 1 499 117
pottedplant 0.0036 10 323 74 332
pottedplant 0.0035 452 116 500 277
pottedplant 0.0024 479 146 501 298
pottedplant 0.0023 204 91 267 155
pottedplant 0.0023 59 147 142 199
pottedplant 0.0022 492 132 500 245
pottedplant 0.0020 11 130 114 189
pottedplant 0.0017 10 316 74 332
pottedplant 0.0015 121 131 208 182
pottedplant 0.0012 4 59 201 234
pottedplant 0.0011 478 2 500 136
pottedplant 0.0011 156 173 345 323
pottedplant 0.0011 0 185 14 338
pottedplant 0.0010 159 184 256 239
pottedplant 0.0010 54 136 153 183
