bottle 0.1035 472 221 499 329
bottle 0.0152 466 164 501 333
bottle 0.0124 453 241 501 334
bottle 0.0017 409 237 500 331
bottle 0.0013 472 325 498 331
bottle 0.0012 136 0 160 6
bottle 0.0011 491 229 500 337
person 0.9955 136 64 347 329
person 0.9844 401 -5 498 337
person 0.9828 268 2 407 325
person 0.7753 19 2 252 327
person 0.0160 88 0 252 230
person 0.0091 488 18 499 326
person 0.0061 474 17 500 322
person 0.0060 275 14 394 199
person 0.0035 334 23 416 318
person 0.0034 -2 -1 130 337
person 0.0024 0 56 13 288
person 0.0024 483 124 500 324
person 0.0020 442 146 501 327
person 0.0019 164 2 482 327
person 0.0018 -1 28 58 316
person 0.0017 -1 28 27 313
person 0.0016 216 -4 383 234
person 0.0011 438 -1 500 240
person 0.0010 219 0 261 66
