bottle 0.9742 119 28 244 468
bottle 0.0059 122 144 244 345
bottle 0.0017 54 -1 321 438
bottle 0.0013 0 392 5 501
bottle 0.0012 154 32 235 250
bottle 0.0011 85 166 181 242
bottle 0.0011 184 6 225 45
chair 0.0376 285 170 370 243
chair 0.0266 229 165 298 247
chair 0.0110 91 166 152 247
chair 0.0042 240 165 373 261
chair 0.0015 367 165 374 265
diningtable 0.9559 0 222 376 502
diningtable 0.0967 91 83 247 473
diningtable 0.0132 46 19 328 470
diningtable 0.0106 130 194 242 384
diningtable 0.0044 0 378 372 505
diningtable 0.0040 109 249 264 415
diningtable 0.0033 58 288 314 442
diningtable 0.0026 4 442 367 496
pottedplant 0.0017 207 471 385 501
