bicycle 0.0014 152 331 430 375
bottle 0.0318 413 366 437 374
bottle 0.0116 347 365 372 374
bottle 0.0114 232 365 296 375
bottle 0.0081 238 367 272 375
bottle 0.0079 253 357 311 374
bottle 0.0077 297 369 325 374
bottle 0.0071 416 357 434 373
bottle 0.0058 356 366 381 375
bottle 0.0045 399 364 456 375
bottle 0.0043 347 353 370 376
bottle 0.0040 266 367 359 374
bottle 0.0035 359 86 381 120
bottle 0.0033 337 355 383 375
bottle 0.0031 270 358 293 373
bottle 0.0029 338 367 365 374
bottle 0.0029 330 363 390 375
bottle 0.0024 266 365 297 374
bottle 0.0020 364 367 394 374
bottle 0.0013 42 367 120 374
bottle 0.0010 318 87 359 119
bottle 0.0010 372 369 405 375
chair 0.0031 451 300 500 377
chair 0.0026 473 275 499 371
chair 0.0016 433 330 502 375
chair 0.0010 -1 329 95 375
diningtable 0.0074 192 357 403 376
pottedplant 0.9826 143 251 255 374
pottedplant 0.0144 194 363 258 375
pottedplant 0.0128 450 353 497 374
pottedplant 0.0089 212 365 239 375
pottedplant 0.0071 207 366 282 375
pottedplant 0.0057 214 303 261 374
pottedplant 0.0048 475 134 499 254
pottedplant 0.0040 352 309 396 372
pottedplant 0.0039 338 307 376 372
pottedplant 0.0039 207 355 264 374
pottedplant 0.0038 138 277 347 371
pottedplant 0.0035 204 245 271 371
pottedplant 0.0030 413 353 483 374
pottedplant 0.0030 404 354 450 375
pottedplant 0.0023 407 331 499 375
pottedplant 0.0021 343 330 445 374
pottedplant 0.0019 0 91 107 398
pottedplant 0.0019 412 343 440 373
pottedplant 0.0017 196 300 460 373
pottedplant 0.0016 370 325 413 375
pottedplant 0.0015 276 333 394 374
pottedplant 0.0014 314 364 387 375
pottedplant 0.0014 -1 233 102 381
pottedplant 0.0014 437 363 497 375
pottedplant 0.0013 491 163 500 246
pottedplant 0.0013 325 354 502 376
pottedplant 0.0012 157 356 323 376
pottedplant 0.0011 223 330 504 376
pottedplant 0.0011 124 309 137 361
pottedplant 0.0011 216 367 250 375
pottedplant 0.0010 155 263 210 361
pottedplant 0.0010 148 332 251 374
pottedplant 0.0010 220 339 248 373
tvmonitor 0.9755 0 111 86 272
tvmonitor 0.0096 474 143 499 302
tvmonitor 0.0013 478 224 499 366
tvmonitor 0.0011 -4 140 88 217
