bicycle 0.9632 28 314 479 488
bicycle 0.0924 7 144 497 491
bicycle 0.0333 157 372 494 487
bicycle 0.0147 48 355 287 485
bicycle 0.0023 229 248 496 486
bicycle 0.0013 218 427 509 490
bottle 0.0031 393 0 444 13
bottle 0.0016 393 0 424 9
bottle 0.0014 372 0 404 8
bottle 0.0010 383 0 413 8
car 0.0060 267 0 377 9
car 0.0013 228 -1 405 22
motorbike 0.0697 62 142 503 491
person 0.9983 85 6 477 492
person 0.0047 345 0 373 6
person 0.0027 397 0 457 13
person 0.0021 347 0 412 10
person 0.0021 435 0 498 15
person 0.0018 364 0 395 7
person 0.0018 324 0 358 6
person 0.0016 314 0 386 8
person 0.0015 394 0 443 23
person 0.0014 353 0 384 6
person 0.0013 488 -1 500 14
