boat 0.9897 116 56 479 279
boat 0.7561 3 80 179 243
boat 0.0403 475 101 499 217
boat 0.0198 449 96 499 244
boat 0.0117 487 149 499 203
boat 0.0110 308 37 499 293
boat 0.0077 32 83 143 210
boat 0.0069 470 33 501 234
boat 0.0067 14 79 318 253
boat 0.0033 59 98 181 218
boat 0.0030 492 176 499 200
boat 0.0029 -2 91 141 340
boat 0.0026 481 27 499 138
boat 0.0022 0 168 16 279
boat 0.0019 -3 137 147 238
boat 0.0018 444 10 501 205
boat 0.0016 -18 99 455 324
boat 0.0015 488 35 500 99
boat 0.0015 477 144 498 195
boat 0.0014 0 -18 427 255
boat 0.0014 221 102 506 326
boat 0.0011 454 154 495 240
boat 0.0011 0 135 20 235
person 0.0016 0 140 19 255
pottedplant 0.0160 480 44 499 199
pottedplant 0.0092 0 207 12 273
pottedplant 0.0037 471 20 501 223
tvmonitor 0.0010 40 213 127 257
