bottle 0.0013 170 276 195 351
chair 0.4095 3 180 58 308
chair 0.0681 0 378 136 498
chair 0.0550 294 198 355 323
chair 0.0198 330 238 374 399
chair 0.0180 0 358 69 502
chair 0.0077 0 292 14 495
chair 0.0050 0 439 69 501
chair 0.0041 353 233 374 400
chair 0.0039 0 298 44 492
chair 0.0038 0 404 38 499
chair 0.0034 300 213 374 387
chair 0.0027 356 278 374 469
chair 0.0026 -11 471 140 500
chair 0.0023 10 381 241 503
chair 0.0020 9 191 128 307
chair 0.0018 0 366 4 510
chair 0.0017 335 233 374 333
chair 0.0017 0 298 4 460
chair 0.0016 0 261 6 384
chair 0.0016 0 204 13 429
chair 0.0016 -7 488 87 500
chair 0.0015 0 395 17 506
chair 0.0015 330 283 375 500
chair 0.0014 225 237 374 497
chair 0.0014 238 221 369 358
chair 0.0012 4 438 190 499
chair 0.0011 -1 236 22 510
chair 0.0010 340 282 374 425
diningtable 0.9682 0 232 373 490
diningtable 0.0458 32 241 338 349
diningtable 0.0181 12 374 357 503
diningtable 0.0019 2 307 251 499
diningtable 0.0018 20 441 348 502
person 0.2079 0 54 47 337
person 0.0192 162 1 224 88
person 0.0016 160 2 256 60
person 0.0013 176 237 374 498
person 0.0011 0 192 13 403
person 0.0010 0 41 37 131
pottedplant 0.7608 100 30 281 294
pottedplant 0.0013 29 8 349 325
pottedplant 0.0012 171 1 274 52
