bus 0.0222 103 74 176 120
bus 0.0182 86 63 168 101
bus 0.0080 390 55 472 131
bus 0.0052 377 38 493 79
bus 0.0037 456 51 499 118
bus 0.0013 372 20 501 117
horse 0.9988 66 103 291 287
horse 0.9756 272 80 355 143
horse 0.0051 471 66 499 106
horse 0.0024 309 87 356 145
horse 0.0016 254 90 297 148
person 0.9980 162 64 228 195
person 0.9414 0 102 19 147
person 0.8619 304 57 323 111
person 0.6685 23 110 44 147
person 0.5943 43 108 63 144
person 0.5019 59 106 79 144
person 0.3499 368 87 389 134
person 0.0800 469 64 499 128
person 0.0747 31 108 50 144
person 0.0702 489 77 500 133
person 0.0645 102 105 122 143
person 0.0611 253 86 271 110
person 0.0596 298 59 333 126
person 0.0441 146 105 166 141
person 0.0400 72 106 93 143
person 0.0392 80 107 99 143
person 0.0218 91 108 109 142
person 0.0118 490 55 500 118
person 0.0080 405 101 431 132
person 0.0069 474 90 499 134
person 0.0064 472 27 499 115
person 0.0061 494 83 500 113
person 0.0048 458 78 495 134
person 0.0043 27 112 39 136
person 0.0041 463 93 486 132
person 0.0038 378 88 397 134
person 0.0035 93 88 110 122
person 0.0034 493 89 499 120
person 0.0032 94 119 107 141
person 0.0032 15 111 37 147
person 0.0030 489 98 499 148
person 0.0027 36 109 47 127
person 0.0025 491 103 499 133
person 0.0024 80 93 98 130
person 0.0021 85 119 97 141
person 0.0020 46 113 59 137
person 0.0019 19 113 62 145
person 0.0019 477 78 498 160
person 0.0019 396 100 417 132
person 0.0017 45 109 58 128
person 0.0015 61 99 82 127
person 0.0014 0 127 5 148
person 0.0014 0 95 14 130
person 0.0014 0 109 9 161
person 0.0014 365 92 381 131
person 0.0013 89 84 122 138
person 0.0013 495 72 500 101
person 0.0012 341 115 354 132
person 0.0011 388 91 410 134
person 0.0010 245 92 287 150
person 0.0010 71 97 90 127
person 0.0010 437 82 472 131
person 0.0010 76 120 89 141
