chair 0.9708 112 203 165 291
chair 0.7817 70 201 105 277
chair 0.6211 153 193 184 279
chair 0.1558 79 197 122 278
chair 0.1111 479 217 499 329
chair 0.0920 70 203 149 287
chair 0.0887 83 190 116 209
chair 0.0159 126 193 166 257
chair 0.0058 100 193 144 256
chair 0.0052 491 231 500 336
chair 0.0037 128 197 185 292
chair 0.0030 138 192 159 207
chair 0.0028 138 193 160 220
chair 0.0027 155 195 179 243
chair 0.0021 105 196 131 218
chair 0.0017 446 194 502 329
chair 0.0017 87 189 111 236
chair 0.0015 491 209 500 294
chair 0.0011 156 195 180 220
chair 0.0010 0 215 9 275
chair 0.0010 471 158 501 339
diningtable 0.3568 87 195 166 286
diningtable 0.0027 55 211 190 303
sofa 0.0509 1 265 86 332
sofa 0.0015 -2 221 69 331
tvmonitor 0.9984 240 182 353 268
tvmonitor 0.0019 491 221 500 320
tvmonitor 0.0018 483 109 500 234
tvmonitor 0.0011 406 46 495 269
