chair 0.2598 0 92 25 238
chair 0.0202 0 65 48 237
chair 0.0156 477 141 499 275
chair 0.0142 0 41 17 203
chair 0.0060 0 80 8 186
chair 0.0060 5 30 90 244
chair 0.0032 5 109 36 244
chair 0.0030 482 74 499 258
chair 0.0018 460 153 495 264
chair 0.0017 492 138 500 241
chair 0.0016 313 187 500 375
chair 0.0015 405 189 500 345
chair 0.0015 0 66 11 141
chair 0.0014 34 46 134 227
chair 0.0011 448 56 500 274
pottedplant 0.6950 343 6 441 151
pottedplant 0.0088 336 4 465 253
pottedplant 0.0078 492 138 500 200
pottedplant 0.0039 492 106 500 188
pottedplant 0.0030 483 55 500 247
pottedplant 0.0022 495 139 499 170
pottedplant 0.0018 494 152 499 186
pottedplant 0.0010 470 23 500 277
sofa 0.9918 20 48 483 345
sofa 0.0089 316 236 503 377
sofa 0.0019 404 202 499 360
sofa 0.0017 162 288 504 376
tvmonitor 0.0191 1 0 52 70
tvmonitor 0.0018 0 -2 128 86
tvmonitor 0.0015 0 -1 28 74
tvmonitor 0.0013 59 3 108 70
tvmonitor 0.0012 43 3 92 71
tvmonitor 0.0010 20 3 70 70
