aeroplane 0.0070 -7 2 267 57
aeroplane 0.0054 3 -2 138 105
aeroplane 0.0013 0 -1 72 101
aeroplane 0.0011 4 0 303 100
cat 0.2201 158 259 194 288
cat 0.0012 0 407 38 496
chair 0.8998 47 229 138 339
chair 0.1283 66 444 309 500
chair 0.0539 140 220 193 289
chair 0.0084 144 408 343 498
chair 0.0078 184 445 318 499
chair 0.0077 103 465 287 501
chair 0.0027 222 386 377 500
chair 0.0010 33 162 155 414
diningtable 0.0375 20 446 300 501
diningtable 0.0032 5 407 311 496
diningtable 0.0029 82 469 279 500
dog 0.0053 141 256 185 291
pottedplant 0.0010 11 325 28 342
tvmonitor 0.5315 257 113 336 180
tvmonitor 0.0679 71 168 171 230
tvmonitor 0.0183 203 168 335 316
tvmonitor 0.0019 329 164 374 469
tvmonitor 0.0013 199 145 341 433
tvmonitor 0.0012 326 364 374 495
