bottle 0.9930 303 184 345 320
bottle 0.9852 266 168 305 250
bottle 0.0164 299 167 345 251
bottle 0.0055 252 178 307 329
bottle 0.0055 400 369 436 375
bottle 0.0026 388 367 449 374
bottle 0.0016 289 209 355 295
bottle 0.0011 247 170 314 227
bottle 0.0011 313 154 353 235
bottle 0.0010 311 152 336 200
bottle 0.0010 275 180 307 291
chair 0.9984 87 23 195 154
chair 0.9776 0 34 102 126
chair 0.1601 4 110 495 381
chair 0.0442 0 119 185 374
chair 0.0112 0 39 24 121
chair 0.0102 -1 40 105 200
chair 0.0081 0 69 13 123
chair 0.0065 0 35 53 120
chair 0.0060 2 285 190 375
chair 0.0060 227 157 501 380
chair 0.0053 1 137 90 368
chair 0.0042 16 163 324 376
chair 0.0036 3 37 180 139
chair 0.0023 451 274 499 373
chair 0.0021 -6 242 142 370
chair 0.0020 0 30 9 106
chair 0.0017 0 247 61 372
chair 0.0012 5 71 114 138
chair 0.0010 34 286 388 377
diningtable 0.0146 154 280 488 375
diningtable 0.0104 2 28 181 135
diningtable 0.0047 10 237 497 374
dog 0.0013 452 250 498 368
motorbike 0.0023 -1 140 61 365
person 0.9807 253 18 420 253
person 0.1662 23 25 478 355
person 0.0418 445 140 500 363
person 0.0144 477 175 500 358
person 0.0100 467 91 501 356
person 0.0068 411 188 498 375
person 0.0065 362 152 504 386
person 0.0026 318 245 503 373
person 0.0022 482 101 499 316
person 0.0022 473 246 499 371
person 0.0017 453 231 498 358
person 0.0016 0 120 20 296
person 0.0011 0 68 31 320
pottedplant 0.0064 1 340 44 373
pottedplant 0.0061 0 305 49 375
pottedplant 0.0043 0 37 9 114
pottedplant 0.0010 0 302 7 368
sofa 0.1035 188 96 473 344
sofa 0.0819 10 68 491 368
sofa 0.0282 305 118 503 371
sofa 0.0150 -2 94 134 347
sofa 0.0050 -3 121 139 249
tvmonitor 0.0017 12 0 72 20
