bus 0.0087 484 247 499 374
bus 0.0042 493 260 500 352
car 0.9821 212 311 300 365
car 0.9494 316 329 482 376
car 0.1107 489 309 500 360
car 0.0237 481 298 500 379
car 0.0203 290 323 345 372
car 0.0144 489 331 499 379
car 0.0143 493 318 499 352
car 0.0124 476 335 500 376
car 0.0080 492 272 499 354
car 0.0062 494 350 500 377
car 0.0060 491 364 500 375
car 0.0050 494 303 499 338
car 0.0044 476 313 500 357
car 0.0035 493 332 499 365
car 0.0033 474 368 497 375
car 0.0021 339 308 515 373
car 0.0018 10 330 397 375
car 0.0015 395 329 502 373
person 0.0060 -2 300 264 376
person 0.0018 -10 228 346 375
person 0.0012 -15 92 361 398
