aeroplane 0.9974 4 52 498 225
aeroplane 0.8754 5 140 128 188
aeroplane 0.0059 2 138 49 186
aeroplane 0.0058 0 139 8 189
aeroplane 0.0057 0 128 23 193
aeroplane 0.0050 0 145 4 168
aeroplane 0.0038 -1 139 137 227
aeroplane 0.0019 7 142 240 203
aeroplane 0.0016 -4 145 73 194
aeroplane 0.0016 55 114 449 216
aeroplane 0.0013 0 110 7 178
aeroplane 0.0013 31 149 95 165
aeroplane 0.0012 0 143 23 169
aeroplane 0.0012 174 149 488 226
aeroplane 0.0011 9 99 122 198
car 0.0082 0 216 8 234
car 0.0070 0 205 11 235
car 0.0017 0 178 8 238
person 0.0222 0 145 8 195
person 0.0027 0 153 5 185
person 0.0024 0 150 6 226
person 0.0017 0 167 4 197
person 0.0010 0 156 16 240
