bird 0.0024 -2 13 126 296
cat 0.0181 0 99 92 299
chair 0.1086 240 94 481 340
chair 0.0229 357 155 398 210
chair 0.0139 156 150 436 355
chair 0.0072 6 222 183 354
chair 0.0049 6 278 256 356
chair 0.0033 1 254 89 357
chair 0.0031 229 209 493 360
chair 0.0024 117 280 457 354
chair 0.0020 1 266 51 350
chair 0.0019 0 204 60 356
chair 0.0013 373 104 502 363
chair 0.0011 162 312 490 356
chair 0.0011 16 180 117 355
chair 0.0010 1 312 93 356
person 0.9867 238 124 472 355
person 0.1622 0 59 124 351
person 0.0098 8 106 251 365
person 0.0055 30 108 468 363
person 0.0051 0 151 90 355
person 0.0010 8 190 176 336
sofa 0.0091 36 283 459 354
sofa 0.0054 19 313 404 356
