bottle 0.4154 44 142 60 192
bottle 0.0027 45 144 60 168
chair 0.9550 265 44 313 115
chair 0.9156 246 153 486 373
chair 0.5123 104 101 308 380
chair 0.2219 86 223 243 373
chair 0.0281 314 231 489 372
chair 0.0272 67 224 173 369
chair 0.0203 153 46 202 76
chair 0.0175 182 113 387 381
chair 0.0150 150 34 203 92
chair 0.0084 49 89 92 158
chair 0.0083 0 245 22 374
chair 0.0076 75 105 508 379
chair 0.0059 1 245 91 375
chair 0.0050 270 280 462 375
chair 0.0043 0 189 56 374
chair 0.0038 0 93 45 161
chair 0.0031 0 273 7 383
chair 0.0030 2 254 44 366
chair 0.0029 246 233 417 372
chair 0.0029 267 100 334 283
chair 0.0024 144 7 210 122
chair 0.0024 255 130 344 343
chair 0.0023 150 58 207 127
chair 0.0022 211 162 312 370
chair 0.0020 53 247 128 371
chair 0.0020 57 273 216 373
chair 0.0017 116 206 372 381
chair 0.0015 267 60 305 101
chair 0.0015 54 86 123 158
chair 0.0011 9 168 188 376
chair 0.0011 0 90 48 241
diningtable 0.0022 1 83 89 307
person 0.9900 35 35 94 150
person 0.9862 249 115 480 377
person 0.9770 57 71 183 313
person 0.9619 73 31 144 124
person 0.9598 147 0 201 75
person 0.9530 214 53 289 162
person 0.8797 117 60 296 381
person 0.3902 151 63 284 193
person 0.3023 0 9 28 91
person 0.1983 105 8 150 69
person 0.1609 0 66 15 110
person 0.1402 0 35 22 121
person 0.0373 5 53 353 385
person 0.0254 0 77 16 310
person 0.0234 79 19 136 82
person 0.0221 -1 59 28 356
person 0.0214 0 65 53 321
person 0.0179 0 2 9 61
person 0.0155 0 18 12 73
person 0.0109 0 31 27 73
person 0.0106 130 6 201 122
person 0.0096 167 52 314 267
person 0.0093 86 2 159 101
person 0.0075 101 5 192 71
person 0.0060 29 18 160 134
person 0.0051 -1 95 92 351
person 0.0045 0 25 46 101
person 0.0042 0 99 25 227
person 0.0040 0 77 29 174
person 0.0039 -1 3 43 71
person 0.0033 0 159 17 373
person 0.0031 0 162 57 371
person 0.0027 0 6 23 58
person 0.0025 144 61 226 185
person 0.0024 0 28 61 158
person 0.0024 42 49 126 158
person 0.0021 107 10 126 22
person 0.0018 1 70 49 146
person 0.0015 0 15 5 49
person 0.0014 66 30 116 104
person 0.0014 83 36 283 228
person 0.0012 170 91 275 356
person 0.0011 0 134 7 246
person 0.0011 0 47 6 74
person 0.0010 0 31 7 61
tvmonitor 0.3117 0 103 42 170
tvmonitor 0.2749 0 58 22 92
tvmonitor 0.0241 0 44 14 94
tvmonitor 0.0174 0 66 21 110
tvmonitor 0.0148 0 24 25 68
tvmonitor 0.0061 57 112 87 154
tvmonitor 0.0049 0 55 8 81
tvmonitor 0.0043 1 61 10 89
tvmonitor 0.0036 19 65 49 88
tvmonitor 0.0019 3 58 20 79
tvmonitor 0.0019 3 69 19 92
tvmonitor 0.0018 0 114 7 208
tvmonitor 0.0017 0 62 44 90
tvmonitor 0.0016 51 83 150 155
tvmonitor 0.0012 22 72 44 89
