bottle 0.9709 224 253 256 334
bottle 0.0326 362 286 371 312
bottle 0.0243 158 138 198 207
bottle 0.0230 317 212 361 309
bottle 0.0063 165 152 190 202
bottle 0.0043 248 178 276 247
bottle 0.0034 145 103 220 293
bottle 0.0027 235 255 267 329
bottle 0.0024 301 216 371 332
bottle 0.0018 145 314 190 334
bottle 0.0017 252 183 270 231
bottle 0.0015 158 315 176 333
bottle 0.0013 231 255 255 301
car 0.2547 1 122 50 195
car 0.1212 11 86 201 317
car 0.0575 3 127 48 159
car 0.0111 68 109 109 140
car 0.0069 0 119 31 177
car 0.0067 0 125 26 217
car 0.0044 63 111 218 223
car 0.0042 -1 121 96 173
car 0.0040 60 105 108 159
car 0.0035 -1 118 56 276
car 0.0012 22 101 109 192
car 0.0011 -2 117 127 214
car 0.0010 0 142 3 171
chair 0.0014 1 149 212 328
diningtable 0.1520 197 200 454 331
diningtable 0.0047 240 246 482 333
diningtable 0.0036 39 200 389 333
diningtable 0.0023 284 192 518 339
diningtable 0.0014 121 248 386 333
diningtable 0.0011 68 316 297 334
motorbike 0.0702 36 143 229 324
person 0.9993 183 66 283 200
person 0.9985 57 97 214 331
person 0.9982 373 112 496 329
person 0.9780 287 100 412 241
person 0.9361 431 107 477 161
person 0.4788 360 103 466 251
person 0.0590 437 126 501 320
person 0.0072 357 121 440 323
person 0.0070 482 122 499 328
person 0.0064 438 110 494 176
person 0.0054 0 127 20 268
person 0.0052 474 98 501 171
person 0.0038 438 108 486 140
person 0.0034 3 128 30 160
person 0.0028 492 99 500 176
person 0.0027 479 115 500 228
person 0.0018 0 122 7 177
person 0.0018 0 120 5 206
person 0.0015 489 95 499 140
person 0.0014 163 96 233 302
person 0.0013 467 131 500 336
person 0.0011 261 96 471 337
person 0.0011 437 104 501 219
person 0.0011 389 107 482 161
person 0.0010 0 196 18 329
person 0.0010 74 98 174 198
pottedplant 0.0071 404 1 501 134
pottedplant 0.0032 479 2 499 138
pottedplant 0.0020 449 60 498 129
pottedplant 0.0018 437 31 500 158
pottedplant 0.0018 492 47 499 138
tvmonitor 0.0245 313 0 383 19
tvmonitor 0.0057 288 0 390 32
