bicycle 0.0020 0 229 52 353
bicycle 0.0013 1 206 94 359
motorbike 0.0086 0 139 104 364
motorbike 0.0041 0 207 51 353
motorbike 0.0010 -1 136 32 371
person 0.9979 321 16 480 355
person 0.9945 220 104 336 357
person 0.9943 0 102 113 356
person 0.0048 441 23 501 345
person 0.0040 92 249 107 266
person 0.0019 469 31 502 337
person 0.0019 0 95 15 302
person 0.0017 215 40 522 356
person 0.0015 226 112 331 236
person 0.0015 485 68 499 302
person 0.0014 0 171 6 301
person 0.0013 -2 81 62 345
person 0.0013 90 247 108 279
person 0.0010 -1 72 28 351
