bottle 0.0199 215 0 238 7
bottle 0.0161 221 0 249 7
bottle 0.0108 232 0 254 6
bottle 0.0080 204 0 225 6
bottle 0.0065 197 0 217 5
bottle 0.0057 336 0 366 5
bottle 0.0050 272 0 294 5
bottle 0.0045 306 0 338 5
bottle 0.0040 257 0 289 5
bottle 0.0034 285 0 320 5
bottle 0.0032 242 0 267 5
bottle 0.0030 324 0 356 5
bottle 0.0012 208 0 263 7
chair 0.1943 4 7 203 323
chair 0.0053 1 17 58 344
chair 0.0034 0 -6 126 264
chair 0.0032 1 2 56 184
chair 0.0030 295 0 367 6
chair 0.0014 0 44 11 315
chair 0.0012 268 0 338 6
dog 0.9469 198 125 367 375
dog 0.1217 232 120 497 379
dog 0.0066 181 160 328 326
dog 0.0012 365 163 497 376
dog 0.0011 305 148 407 359
person 0.9823 11 0 233 376
person 0.9757 244 0 498 378
person 0.0685 314 116 495 381
person 0.0394 23 43 415 377
person 0.0153 0 15 57 369
person 0.0021 0 21 27 364
person 0.0019 0 47 12 342
person 0.0017 408 53 497 365
person 0.0014 491 15 499 76
pottedplant 0.0011 316 0 382 6
sofa 0.8877 0 6 500 369
sofa 0.0015 128 73 372 366
