motorbike 0.9970 80 158 214 287
motorbike 0.9743 -4 178 104 323
motorbike 0.9108 248 141 404 233
motorbike 0.9006 179 164 265 258
motorbike 0.8381 418 131 461 200
motorbike 0.8379 451 120 493 179
motorbike 0.4860 223 144 335 241
motorbike 0.3661 328 137 422 224
motorbike 0.3494 366 140 425 215
motorbike 0.0772 475 128 500 181
motorbike 0.0536 0 244 17 376
motorbike 0.0271 487 119 500 178
motorbike 0.0151 195 159 279 229
motorbike 0.0101 394 122 474 181
motorbike 0.0077 205 154 320 213
motorbike 0.0064 -1 191 67 366
motorbike 0.0050 309 140 409 197
motorbike 0.0046 301 156 405 249
motorbike 0.0040 0 155 15 351
motorbike 0.0039 94 142 249 252
motorbike 0.0035 -2 159 26 371
motorbike 0.0021 0 234 6 393
motorbike 0.0020 214 122 372 216
motorbike 0.0018 -6 229 108 298
motorbike 0.0017 230 141 335 197
motorbike 0.0016 494 132 500 163
motorbike 0.0015 376 138 419 171
motorbike 0.0011 373 119 452 211
motorbike 0.0010 466 122 501 159
person 0.9821 35 117 89 237
person 0.8545 405 118 427 166
person 0.7697 452 109 473 169
person 0.4941 421 115 457 185
person 0.2952 432 111 466 170
person 0.1555 398 125 432 208
person 0.0572 259 141 340 196
person 0.0340 289 147 336 208
person 0.0266 490 109 500 159
person 0.0205 429 116 459 152
person 0.0114 398 132 422 176
person 0.0108 473 114 499 155
person 0.0079 296 152 324 188
person 0.0057 494 116 500 150
person 0.0041 257 143 307 221
person 0.0038 448 111 470 144
person 0.0037 331 139 381 198
person 0.0030 384 131 412 164
person 0.0029 10 125 88 290
person 0.0026 276 143 395 194
person 0.0023 396 116 472 167
person 0.0022 334 143 363 179
person 0.0021 292 150 317 177
person 0.0020 0 217 6 366
person 0.0018 262 134 364 233
person 0.0017 494 104 499 134
person 0.0016 455 111 473 127
person 0.0014 389 127 431 167
person 0.0014 463 116 488 166
person 0.0013 385 131 398 149
person 0.0011 426 114 451 141
person 0.0011 434 114 505 167
person 0.0010 404 112 429 143
person 0.0010 492 81 500 142
pottedplant 0.0788 402 93 428 128
pottedplant 0.0010 405 94 424 115
