bottle 0.0244 119 191 169 276
bottle 0.0016 433 312 481 331
chair 0.2361 301 154 497 334
chair 0.0057 37 156 226 328
chair 0.0046 118 195 212 324
chair 0.0036 0 150 17 294
chair 0.0034 297 250 500 332
chair 0.0034 180 166 219 226
chair 0.0021 43 194 379 334
chair 0.0016 0 208 18 339
chair 0.0012 0 191 6 287
chair 0.0012 113 186 177 305
diningtable 0.0190 7 255 190 330
diningtable 0.0058 -1 162 90 285
diningtable 0.0028 6 158 190 330
person 0.9923 121 129 467 322
person 0.9770 58 113 206 257
person 0.0318 104 177 179 272
person 0.0081 65 119 265 312
person 0.0047 0 130 17 264
person 0.0034 108 183 131 217
person 0.0031 101 179 147 244
person 0.0018 245 101 476 298
person 0.0015 149 168 437 270
person 0.0015 -2 137 93 258
person 0.0013 63 173 150 275
person 0.0012 49 141 125 255
person 0.0012 0 90 13 231
person 0.0012 45 24 460 310
person 0.0011 84 181 129 242
pottedplant 0.0015 317 142 360 204
sofa 0.8467 144 148 491 332
sofa 0.0031 258 250 487 332
sofa 0.0010 62 254 442 333
