bottle 0.9992 182 178 223 328
bottle 0.9988 234 194 275 343
bottle 0.6551 0 214 14 343
bottle 0.0183 0 231 7 349
bottle 0.0125 65 306 111 375
bottle 0.0089 47 277 87 375
bottle 0.0027 28 270 108 376
bottle 0.0026 168 208 235 298
bottle 0.0023 0 266 18 382
bottle 0.0018 470 0 499 5
bottle 0.0017 458 0 493 5
bottle 0.0015 -3 332 67 374
bottle 0.0012 1 302 48 374
chair 0.0520 445 148 501 355
chair 0.0466 362 120 500 370
chair 0.0295 0 107 20 252
chair 0.0112 0 55 18 189
chair 0.0109 0 58 7 165
chair 0.0082 0 140 7 226
chair 0.0079 4 70 43 172
chair 0.0047 0 81 52 280
chair 0.0039 -1 89 30 299
chair 0.0035 0 124 12 201
chair 0.0033 414 71 451 145
chair 0.0033 479 172 500 361
chair 0.0023 450 70 493 147
chair 0.0022 407 196 500 365
chair 0.0018 0 134 21 189
chair 0.0018 479 70 500 171
chair 0.0012 413 61 496 178
chair 0.0011 1 338 42 374
chair 0.0010 446 104 498 166
diningtable 0.9490 2 242 493 374
diningtable 0.0030 166 285 490 375
diningtable 0.0025 227 168 507 379
diningtable 0.0017 60 233 436 329
diningtable 0.0016 5 91 494 396
diningtable 0.0010 428 69 503 233
person 0.9983 124 42 269 266
person 0.9981 0 55 167 279
person 0.9938 234 54 356 278
person 0.9681 315 48 498 372
person 0.0478 0 135 17 342
person 0.0053 230 52 418 371
person 0.0042 -1 101 30 317
person 0.0031 31 19 246 261
person 0.0023 141 60 371 300
person 0.0021 0 119 53 301
tvmonitor 0.0018 422 0 508 7
