bottle 0.0160 268 250 278 272
bottle 0.0091 230 279 243 317
bottle 0.0050 280 99 289 140
bottle 0.0028 237 261 257 295
bottle 0.0011 235 277 253 319
bottle 0.0011 280 102 289 123
chair 0.9423 318 113 466 256
chair 0.3765 58 111 209 312
chair 0.0350 4 172 201 382
chair 0.0122 422 366 510 375
chair 0.0111 492 139 499 199
chair 0.0056 318 114 484 375
chair 0.0055 141 124 219 292
chair 0.0048 495 151 500 185
chair 0.0043 201 240 374 355
chair 0.0022 447 301 499 376
chair 0.0018 478 128 500 228
chair 0.0017 431 354 502 375
chair 0.0016 495 166 500 198
chair 0.0014 408 330 498 375
chair 0.0011 309 354 519 375
person 0.9972 227 197 343 337
person 0.9904 183 115 283 297
person 0.0052 489 130 499 179
person 0.0026 208 101 368 329
person 0.0025 159 105 247 287
person 0.0019 241 203 384 297
person 0.0014 157 194 361 362
person 0.0013 494 139 500 169
person 0.0010 220 182 300 301
pottedplant 0.7766 287 152 319 233
pottedplant 0.0083 290 156 312 212
pottedplant 0.0020 286 140 342 243
pottedplant 0.0017 0 363 12 375
pottedplant 0.0014 0 282 7 374
sofa 0.0420 2 218 211 376
sofa 0.0094 321 242 495 367
sofa 0.0011 167 228 489 373
tvmonitor 0.0075 476 133 500 159
tvmonitor 0.0066 486 125 499 158
tvmonitor 0.0054 489 135 499 157
tvmonitor 0.0022 491 96 500 141
tvmonitor 0.0011 494 104 500 134
