chair 0.0506 35 23 138 227
pottedplant 0.9764 89 91 138 144
pottedplant 0.9721 152 157 223 243
pottedplant 0.6632 214 124 274 243
pottedplant 0.4157 93 93 140 197
pottedplant 0.1328 153 114 220 171
pottedplant 0.1178 23 48 41 158
pottedplant 0.0924 22 111 42 173
pottedplant 0.0228 165 110 275 243
pottedplant 0.0145 27 7 133 197
pottedplant 0.0110 144 103 235 254
pottedplant 0.0094 24 21 123 117
pottedplant 0.0047 206 57 282 254
pottedplant 0.0046 27 18 99 70
pottedplant 0.0032 21 25 85 154
pottedplant 0.0015 220 -26 299 272
pottedplant 0.0013 22 46 38 71
pottedplant 0.0010 156 132 205 163
pottedplant 0.0010 275 0 295 3
