bottle 0.9977 20 221 52 337
bottle 0.9391 364 82 400 182
bottle 0.8309 322 70 353 169
bottle 0.3319 338 14 412 141
bottle 0.1608 317 214 386 372
bottle 0.0952 341 132 405 338
bottle 0.0038 332 74 367 169
bottle 0.0030 344 86 411 166
bottle 0.0030 322 41 397 170
bottle 0.0029 91 321 128 375
bottle 0.0027 66 325 181 375
bottle 0.0024 99 314 142 372
bottle 0.0018 0 327 25 372
bottle 0.0015 374 -1 414 47
bottle 0.0014 387 0 410 38
bottle 0.0014 358 37 415 178
bottle 0.0014 0 352 7 375
bottle 0.0013 334 0 415 46
bottle 0.0011 0 335 10 376
bottle 0.0010 355 63 402 262
bottle 0.0010 0 350 25 375
bottle 0.0010 257 354 331 374
diningtable 0.2103 20 333 470 374
diningtable 0.0551 -1 302 349 374
diningtable 0.0061 96 352 383 375
diningtable 0.0045 75 336 291 373
diningtable 0.0039 3 232 341 372
diningtable 0.0021 17 354 270 375
diningtable 0.0017 191 355 442 375
diningtable 0.0010 163 337 355 374
person 0.9980 -1 109 216 338
person 0.9760 208 115 357 371
person 0.9291 326 59 499 381
person 0.1424 407 71 499 372
person 0.0127 -1 127 58 319
person 0.0107 470 65 501 378
person 0.0054 484 84 499 361
person 0.0038 158 1 202 48
person 0.0028 155 2 178 43
person 0.0024 476 -4 499 102
person 0.0023 41 103 452 379
person 0.0012 9 115 117 304
person 0.0012 0 137 19 310
person 0.0011 146 0 169 39
person 0.0011 481 9 500 205
person 0.0010 0 58 15 244
person 0.0010 439 33 502 327
