bicycle 0.6151 17 290 486 376
bicycle 0.1542 21 147 487 381
bicycle 0.0261 87 324 478 374
bicycle 0.0030 156 242 499 373
bicycle 0.0025 166 353 430 375
bicycle 0.0011 289 293 509 374
car 0.3100 36 0 469 379
car 0.0010 100 87 193 127
chair 0.0678 49 165 459 379
motorbike 0.0182 -5 0 441 381
person 0.9943 109 102 462 377
person 0.0094 313 0 368 20
person 0.0020 332 0 384 22
person 0.0017 31 369 132 375
person 0.0015 322 0 375 11
person 0.0015 492 -11 499 75
person 0.0011 478 -5 500 79
pottedplant 0.0117 300 0 344 19
