bicycle 0.9866 1 236 332 500
bicycle 0.0025 24 372 302 501
bicycle 0.0010 2 212 86 509
bottle 0.0033 328 375 334 498
car 0.0167 208 223 251 246
chair 0.0465 -6 62 250 495
person 0.9971 4 7 327 488
person 0.4665 62 4 221 121
person 0.1865 35 23 301 314
person 0.1726 171 10 317 250
person 0.1121 53 8 286 175
person 0.0072 163 30 330 469
person 0.0071 299 68 333 485
person 0.0051 324 103 333 453
person 0.0042 315 3 333 130
person 0.0038 73 -2 261 70
person 0.0026 322 63 334 261
person 0.0025 106 8 322 116
person 0.0024 313 109 334 522
person 0.0019 163 0 215 12
person 0.0019 249 88 335 495
person 0.0017 295 -7 334 221
person 0.0016 329 82 333 233
person 0.0013 322 239 334 510
person 0.0012 314 -4 334 63
person 0.0011 327 -5 333 51
pottedplant 0.0053 313 0 334 45
pottedplant 0.0011 328 64 334 156
