bottle 0.5708 75 83 92 113
bottle 0.0055 81 85 94 109
bottle 0.0025 76 82 90 101
bottle 0.0010 316 200 330 213
bottle 0.0010 166 106 175 118
chair 0.9840 38 175 184 369
chair 0.8622 73 115 112 191
chair 0.5265 103 104 139 171
chair 0.1821 320 229 497 373
chair 0.0544 83 102 130 178
chair 0.0538 42 177 97 303
chair 0.0224 473 221 498 371
chair 0.0196 80 218 201 363
chair 0.0133 409 221 494 371
chair 0.0100 476 219 489 276
chair 0.0078 100 119 139 203
chair 0.0069 443 241 499 369
chair 0.0068 268 281 481 375
chair 0.0049 104 103 133 136
chair 0.0034 -1 62 24 101
chair 0.0033 404 328 499 376
chair 0.0030 0 115 7 208
chair 0.0028 453 338 497 374
chair 0.0026 458 218 493 349
chair 0.0023 300 327 509 375
chair 0.0022 449 303 499 376
chair 0.0017 1 101 13 343
diningtable 0.0182 133 97 204 148
diningtable 0.0040 128 86 207 189
diningtable 0.0017 207 170 454 377
person 0.9994 276 72 478 376
person 0.9952 186 146 290 363
person 0.9850 93 124 199 350
person 0.9770 47 0 87 96
person 0.5813 110 0 150 74
person 0.4392 0 54 30 191
person 0.4381 0 29 46 100
person 0.1942 81 41 140 174
person 0.0791 0 35 52 184
person 0.0337 38 129 71 151
person 0.0315 65 30 83 92
person 0.0280 162 3 188 27
person 0.0205 127 0 151 36
person 0.0168 91 39 144 118
person 0.0120 35 88 180 360
person 0.0087 0 17 9 76
person 0.0075 354 98 512 385
person 0.0071 111 4 131 60
person 0.0063 0 29 11 106
person 0.0062 115 0 145 36
person 0.0053 0 31 26 73
person 0.0045 57 162 267 366
person 0.0045 2 99 40 197
person 0.0042 0 94 21 234
person 0.0041 1 28 41 66
person 0.0036 166 160 401 377
person 0.0029 0 84 13 332
person 0.0025 0 31 6 61
person 0.0024 159 5 198 97
person 0.0021 0 -6 9 56
person 0.0019 0 53 10 140
person 0.0018 0 93 6 203
person 0.0017 -5 14 38 145
person 0.0016 129 2 149 74
person 0.0015 0 51 24 99
person 0.0015 35 4 73 95
person 0.0012 -1 4 46 73
person 0.0011 68 25 90 69
person 0.0011 10 0 88 99
person 0.0010 97 121 191 241
sofa 0.0015 0 40 85 176
