bus 0.0043 3 107 170 473
car 0.9909 172 243 258 328
car 0.9688 332 268 397 321
car 0.0863 326 264 445 324
car 0.0680 149 261 176 309
car 0.0060 168 249 332 420
car 0.0054 487 239 493 269
car 0.0046 486 234 493 258
car 0.0038 445 246 495 280
car 0.0026 402 230 492 284
car 0.0025 197 241 310 318
car 0.0025 349 271 380 318
car 0.0022 326 241 483 350
car 0.0016 2 102 137 474
car 0.0014 358 243 457 318
car 0.0013 467 243 493 284
car 0.0011 140 253 234 328
car 0.0010 400 232 464 259
person 0.9969 176 245 333 499
person 0.9950 331 241 487 497
person 0.9197 292 250 321 322
person 0.0098 335 242 451 400
person 0.0052 390 229 496 454
person 0.0024 477 214 493 496
person 0.0022 485 229 494 317
person 0.0022 488 244 494 283
person 0.0010 261 249 328 319
