bottle 0.0051 0 191 18 332
bottle 0.0019 217 159 236 193
bottle 0.0013 171 134 187 153
bottle 0.0012 494 184 499 269
bottle 0.0011 490 285 499 335
horse 0.0011 112 97 238 232
person 0.9980 335 42 482 335
person 0.9972 264 74 361 320
person 0.9968 11 56 153 334
person 0.9900 149 51 271 343
person 0.9364 132 72 225 318
person 0.6573 45 72 80 101
person 0.3917 439 38 499 305
person 0.2191 8 81 54 130
person 0.1442 436 56 500 181
person 0.1398 0 64 55 329
person 0.0968 53 45 221 343
person 0.0874 -1 67 27 328
person 0.0872 0 78 15 318
person 0.0770 469 52 501 317
person 0.0591 479 49 500 164
person 0.0426 483 64 499 306
person 0.0363 0 79 55 193
person 0.0209 250 71 307 318
person 0.0161 180 116 262 328
person 0.0124 485 43 500 88
person 0.0115 0 74 22 194
person 0.0099 0 168 18 331
person 0.0090 0 148 8 254
person 0.0087 23 73 67 120
person 0.0060 225 68 289 324
person 0.0056 19 81 48 119
person 0.0048 490 43 500 127
person 0.0042 492 98 499 176
person 0.0041 494 165 499 262
person 0.0040 480 34 500 106
person 0.0034 41 77 65 106
person 0.0033 246 35 568 337
person 0.0032 0 95 6 192
person 0.0031 464 40 502 199
person 0.0026 116 72 179 322
person 0.0025 94 53 155 320
person 0.0021 0 80 8 143
person 0.0021 3 70 80 226
person 0.0020 0 56 6 115
person 0.0018 139 112 279 269
person 0.0016 493 46 500 163
person 0.0015 382 21 501 268
person 0.0014 495 128 499 157
person 0.0014 492 113 500 224
person 0.0014 102 24 246 262
person 0.0012 193 49 282 268
person 0.0011 0 79 4 106
person 0.0011 0 55 20 140
person 0.0011 3 149 84 326
person 0.0010 30 79 54 109
person 0.0010 33 66 97 106
person 0.0010 -2 61 35 209
pottedplant 0.0011 0 52 6 107
