chair 0.0277 0 203 63 361
chair 0.0237 0 324 47 374
chair 0.0137 64 275 287 374
chair 0.0069 0 277 46 372
chair 0.0045 99 250 216 372
chair 0.0044 0 254 27 367
chair 0.0022 0 144 88 333
chair 0.0017 0 202 23 330
chair 0.0016 203 285 439 374
chair 0.0013 0 294 7 376
chair 0.0012 -6 169 123 381
pottedplant 0.3181 133 278 362 374
pottedplant 0.0219 193 331 326 374
pottedplant 0.0185 178 272 298 378
pottedplant 0.0097 -1 149 61 325
pottedplant 0.0088 174 350 345 376
pottedplant 0.0088 0 186 24 288
pottedplant 0.0024 -1 16 122 356
pottedplant 0.0024 266 356 341 374
pottedplant 0.0020 157 329 249 373
pottedplant 0.0019 277 364 346 374
pottedplant 0.0019 2 186 44 288
pottedplant 0.0016 4 258 60 283
pottedplant 0.0015 240 353 324 373
pottedplant 0.0013 232 364 333 374
pottedplant 0.0013 98 323 326 375
pottedplant 0.0012 230 273 321 375
pottedplant 0.0010 127 352 276 375
sofa 0.9552 99 200 417 369
sofa 0.1384 110 245 313 369
sofa 0.0318 -1 292 185 374
sofa 0.0171 0 306 47 374
sofa 0.0092 0 326 90 374
sofa 0.0047 1 330 169 375
sofa 0.0042 -6 239 134 378
sofa 0.0023 2 267 86 378
sofa 0.0011 -11 229 279 374
