chair 0.0022 34 216 102 369
person 0.9853 209 9 388 376
person 0.8195 0 51 57 218
person 0.5735 350 168 434 275
person 0.3410 -1 61 57 377
person 0.0423 72 4 429 374
person 0.0167 354 183 435 372
person 0.0104 -2 44 110 388
person 0.0084 252 61 478 368
person 0.0071 0 89 15 356
person 0.0037 0 58 23 213
person 0.0033 443 59 500 328
person 0.0033 491 231 500 307
person 0.0031 -2 38 35 320
person 0.0029 412 241 437 271
person 0.0025 2 50 51 134
person 0.0023 1 45 81 280
person 0.0023 433 222 478 283
person 0.0019 481 81 499 278
person 0.0018 189 180 396 377
person 0.0016 411 221 491 344
person 0.0016 476 221 499 341
person 0.0013 492 258 500 340
person 0.0013 56 229 441 374
person 0.0011 411 231 452 302
person 0.0011 0 44 24 142
tvmonitor 0.0174 0 216 52 370
tvmonitor 0.0048 0 222 23 367
