bus 0.9993 57 65 458 254
car 0.8520 462 144 489 166
car 0.1665 489 148 500 163
car 0.0123 471 141 493 163
car 0.0089 476 146 490 165
car 0.0065 486 138 500 164
car 0.0042 459 144 478 159
car 0.0034 59 99 81 127
car 0.0012 493 151 500 172
person 0.4335 401 111 418 126
person 0.1635 281 108 298 132
person 0.1073 361 108 382 128
person 0.0146 341 108 364 130
person 0.0069 168 121 205 176
person 0.0067 106 132 140 184
person 0.0058 481 138 492 151
person 0.0052 114 134 138 165
person 0.0044 392 109 425 128
person 0.0040 489 136 496 153
person 0.0039 349 110 367 127
person 0.0036 143 121 177 178
person 0.0021 239 104 267 132
person 0.0020 131 132 164 183
person 0.0019 212 101 237 133
person 0.0018 254 106 274 131
person 0.0015 300 108 322 131
person 0.0014 177 128 200 160
person 0.0012 256 116 271 131
person 0.0011 477 154 488 169
person 0.0010 261 106 282 132
