bottle 0.9520 230 177 245 231
bottle 0.7572 243 174 257 232
bottle 0.0475 135 186 155 228
chair 0.4453 3 391 318 497
chair 0.0446 0 380 153 497
chair 0.0145 3 319 202 496
chair 0.0042 116 472 330 500
chair 0.0040 0 429 202 499
chair 0.0029 -1 324 104 493
chair 0.0021 131 448 314 500
chair 0.0015 5 287 134 450
chair 0.0015 0 359 68 505
chair 0.0014 1 268 65 442
chair 0.0012 31 473 212 500
chair 0.0011 2 441 92 500
dog 0.0621 70 402 348 500
dog 0.0279 116 437 366 498
dog 0.0060 161 475 342 501
dog 0.0012 221 477 321 499
dog 0.0010 203 399 391 500
person 0.0027 73 190 103 225
person 0.0011 85 322 332 496
pottedplant 0.0047 130 349 169 439
pottedplant 0.0019 132 351 162 375
sofa 0.4756 19 394 345 499
sofa 0.0036 0 342 32 445
sofa 0.0015 0 285 43 465
tvmonitor 0.9908 163 291 269 379
tvmonitor 0.0020 2 437 69 499
tvmonitor 0.0010 0 328 22 458
