person 0.9895 104 76 316 436
person 0.9825 217 329 371 500
person 0.9684 -1 125 85 478
person 0.9399 256 150 369 333
person 0.8994 22 334 178 498
person 0.2699 35 135 116 314
person 0.1620 327 226 375 409
person 0.1505 22 353 105 499
person 0.1142 66 130 112 223
person 0.0839 362 236 375 397
person 0.0547 72 312 365 499
person 0.0450 336 227 375 333
person 0.0385 363 256 375 345
person 0.0295 45 368 259 497
person 0.0251 348 230 370 277
person 0.0193 355 228 374 331
person 0.0174 20 112 121 405
person 0.0132 303 187 376 364
person 0.0115 35 131 102 222
person 0.0112 360 285 375 501
person 0.0108 331 282 375 503
person 0.0106 309 222 375 486
person 0.0067 367 219 374 289
person 0.0058 351 229 375 516
person 0.0049 2 356 72 500
person 0.0048 235 150 376 500
person 0.0048 0 142 9 492
person 0.0040 0 126 46 436
person 0.0032 370 234 375 273
person 0.0029 2 123 323 516
person 0.0028 -1 113 20 482
person 0.0027 16 140 181 503
person 0.0026 367 270 375 391
person 0.0024 91 489 163 500
person 0.0020 202 127 363 378
person 0.0020 44 473 201 501
person 0.0016 36 439 339 501
person 0.0015 304 252 376 337
person 0.0014 9 430 191 505
person 0.0014 370 253 375 293
person 0.0012 369 362 375 511
person 0.0011 337 200 374 287
person 0.0011 0 400 19 502
person 0.0011 324 268 377 358
person 0.0011 0 290 13 500
person 0.0011 84 442 189 500
person 0.0010 8 127 92 322
person 0.0010 12 442 86 500
person 0.0010 357 385 375 511
person 0.0010 269 145 352 272
