car 0.0112 491 39 500 96
car 0.0053 495 44 499 77
car 0.0025 471 15 499 87
car 0.0021 493 10 500 83
car 0.0014 496 31 500 63
car 0.0010 493 58 499 92
chair 0.5194 12 125 170 190
chair 0.0060 -2 148 101 298
chair 0.0046 493 182 500 271
chair 0.0024 485 148 499 326
chair 0.0019 0 143 18 302
chair 0.0013 406 158 500 318
chair 0.0012 -2 126 145 234
chair 0.0011 492 211 500 298
diningtable 0.9647 3 171 497 376
diningtable 0.0029 53 197 449 295
diningtable 0.0018 312 173 503 380
diningtable 0.0010 56 122 449 324
pottedplant 0.0234 263 167 307 214
pottedplant 0.0011 330 139 370 193
pottedplant 0.0010 379 169 418 200
sofa 0.0023 364 172 506 380
sofa 0.0013 365 276 499 374
