bottle 0.0697 86 260 111 326
bottle 0.0095 326 294 357 359
bottle 0.0032 0 213 7 283
bottle 0.0031 311 266 332 316
bottle 0.0025 0 234 4 263
bottle 0.0020 332 325 353 358
bottle 0.0015 73 248 108 321
chair 0.9949 273 185 335 285
chair 0.9683 191 203 249 278
chair 0.9481 355 168 419 280
chair 0.4928 130 208 191 288
chair 0.2809 253 166 295 188
chair 0.2334 310 162 355 180
chair 0.1601 147 172 187 194
chair 0.0806 78 183 107 209
chair 0.0501 0 351 44 374
chair 0.0295 216 265 291 289
chair 0.0282 0 325 48 375
chair 0.0228 197 169 237 188
chair 0.0200 15 202 46 238
chair 0.0160 76 367 202 375
chair 0.0153 0 331 91 375
chair 0.0149 60 192 87 218
chair 0.0133 65 187 108 236
chair 0.0116 0 302 29 377
chair 0.0102 136 186 188 265
chair 0.0099 407 327 499 374
chair 0.0083 52 202 203 282
chair 0.0073 321 171 394 276
chair 0.0065 56 213 106 265
chair 0.0064 4 353 78 374
chair 0.0062 103 173 188 277
chair 0.0052 49 366 153 375
chair 0.0048 44 358 243 376
chair 0.0045 0 223 183 318
chair 0.0037 97 368 258 375
chair 0.0037 51 220 94 250
chair 0.0037 -3 355 175 375
chair 0.0036 0 288 88 381
chair 0.0036 0 281 47 371
chair 0.0035 0 240 7 313
chair 0.0034 369 285 501 375
chair 0.0033 477 177 498 295
chair 0.0032 48 222 122 276
chair 0.0032 0 211 9 270
chair 0.0028 318 178 363 267
chair 0.0028 9 365 117 374
chair 0.0026 -4 362 51 375
chair 0.0025 150 207 200 275
chair 0.0024 331 190 369 281
chair 0.0022 443 305 498 376
chair 0.0020 0 243 18 376
chair 0.0018 22 198 63 248
chair 0.0017 108 235 186 291
chair 0.0017 30 355 112 374
chair 0.0015 0 326 12 374
chair 0.0014 50 194 122 251
chair 0.0013 0 220 6 291
chair 0.0013 62 186 105 212
chair 0.0013 0 187 18 286
chair 0.0013 447 352 501 373
chair 0.0012 358 366 460 375
chair 0.0012 0 204 12 251
chair 0.0011 48 212 158 266
chair 0.0011 326 354 503 376
chair 0.0010 484 209 499 380
chair 0.0010 492 205 500 292
chair 0.0010 0 253 6 359
diningtable 0.9401 -11 248 453 373
diningtable 0.6546 88 181 387 256
diningtable 0.0670 163 183 282 238
diningtable 0.0204 70 174 407 310
diningtable 0.0012 298 178 374 272
sofa 0.0017 81 357 320 375
