bird 0.9695 116 108 376 326
bird 0.4290 79 106 498 380
bird 0.0309 439 108 500 283
bird 0.0061 451 118 500 214
bird 0.0047 106 109 384 210
bird 0.0044 471 93 499 209
bird 0.0038 166 147 390 280
bird 0.0020 472 115 500 150
bird 0.0012 443 10 500 237
person 0.1188 439 100 501 317
person 0.0285 220 121 508 374
person 0.0248 117 34 533 342
person 0.0086 376 69 501 370
person 0.0023 442 162 500 398
person 0.0020 479 113 500 301
person 0.0015 0 84 14 302
person 0.0014 465 117 501 386
pottedplant 0.0028 0 84 16 245
pottedplant 0.0027 0 48 63 249
pottedplant 0.0013 0 125 8 197
tvmonitor 0.0097 1 48 85 247
tvmonitor 0.0011 0 225 90 366
