bottle 0.0169 354 139 374 227
bottle 0.0123 354 142 374 333
bottle 0.0023 367 140 375 232
bottle 0.0014 0 -1 7 29
bottle 0.0014 333 143 375 335
bottle 0.0012 0 0 7 13
bottle 0.0011 0 0 20 10
bottle 0.0011 0 0 36 28
chair 0.4616 130 287 235 500
chair 0.0598 0 435 35 499
chair 0.0535 0 437 71 499
chair 0.0462 205 395 249 498
chair 0.0322 2 381 132 500
chair 0.0302 0 404 22 500
chair 0.0220 121 384 249 500
chair 0.0061 0 379 35 492
chair 0.0055 34 375 223 500
chair 0.0042 0 449 22 498
chair 0.0035 0 359 72 502
chair 0.0031 240 313 375 498
chair 0.0018 0 449 9 499
chair 0.0018 0 398 8 496
chair 0.0018 -9 430 110 503
chair 0.0015 0 486 7 500
chair 0.0012 73 359 139 500
chair 0.0012 101 432 271 502
chair 0.0012 5 490 88 499
chair 0.0010 5 436 192 501
person 0.9978 129 246 234 499
person 0.0029 1 224 140 505
person 0.0018 34 237 230 504
person 0.0011 112 254 219 406
pottedplant 0.9894 222 6 281 63
pottedplant 0.8941 237 128 301 189
pottedplant 0.0125 0 378 10 456
pottedplant 0.0098 0 349 16 479
pottedplant 0.0080 2 149 140 510
pottedplant 0.0057 237 134 273 184
pottedplant 0.0050 234 84 304 204
pottedplant 0.0044 136 0 196 60
pottedplant 0.0040 0 266 12 485
pottedplant 0.0024 0 331 7 448
pottedplant 0.0022 229 3 330 56
pottedplant 0.0017 260 6 280 63
pottedplant 0.0016 0 294 45 494
pottedplant 0.0012 1 356 34 475
pottedplant 0.0011 165 5 201 40
tvmonitor 0.0028 356 152 374 359
tvmonitor 0.0014 336 5 374 81
tvmonitor 0.0012 353 0 374 6
