bottle 0.0064 238 137 275 223
bottle 0.0021 242 162 264 220
bottle 0.0020 217 140 233 183
bottle 0.0010 216 129 264 229
bottle 0.0010 238 151 252 173
chair 0.0964 300 156 503 375
chair 0.0793 405 220 500 372
chair 0.0168 56 163 227 371
chair 0.0121 0 165 22 337
chair 0.0098 0 183 49 349
chair 0.0077 410 305 498 374
chair 0.0074 477 249 500 370
chair 0.0071 333 276 493 377
chair 0.0069 447 277 497 373
chair 0.0065 475 159 499 285
chair 0.0063 441 150 500 355
chair 0.0028 0 200 6 326
chair 0.0024 465 177 502 382
chair 0.0016 491 172 500 266
chair 0.0015 -2 163 121 383
chair 0.0011 0 240 21 378
diningtable 0.7403 137 285 338 373
diningtable 0.0181 99 228 345 377
diningtable 0.0120 1 324 95 376
diningtable 0.0029 3 291 185 374
diningtable 0.0010 66 173 268 369
person 0.9995 74 95 218 354
person 0.9982 255 104 489 377
person 0.9818 257 101 394 341
person 0.9351 192 110 284 280
person 0.1394 367 102 500 385
person 0.1208 210 99 368 287
person 0.0478 0 121 18 325
person 0.0469 286 102 385 264
person 0.0375 0 114 51 332
person 0.0144 -1 79 28 338
person 0.0141 133 95 303 334
person 0.0071 0 130 6 265
person 0.0064 220 4 296 123
person 0.0040 121 70 541 364
person 0.0031 0 25 13 279
person 0.0018 0 179 7 288
person 0.0018 268 0 295 33
person 0.0017 257 -1 295 128
person 0.0011 160 102 245 258
person 0.0010 478 115 499 245
person 0.0010 267 141 465 287
tvmonitor 0.0012 0 10 7 66
