aeroplane 0.0021 0 38 15 178
person 0.4561 380 250 398 294
person 0.0747 56 258 72 287
person 0.0014 492 248 499 309
person 0.0013 495 236 500 256
person 0.0012 494 241 500 264
person 0.0011 417 243 431 289
train 0.9437 325 229 499 291
train 0.0075 402 228 500 273
train 0.0040 231 239 330 281
train 0.0029 72 216 421 280
train 0.0022 444 233 499 290
train 0.0021 326 224 497 258
train 0.0021 330 172 496 278
train 0.0019 407 146 499 272
train 0.0015 35 260 469 331
train 0.0014 325 235 422 286
train 0.0010 50 230 371 301
