bottle 0.9907 119 55 182 240
bottle 0.9876 153 57 266 501
bottle 0.0147 321 27 333 260
bottle 0.0105 252 99 334 479
bottle 0.0065 103 75 219 251
bottle 0.0044 318 0 334 68
bottle 0.0039 296 26 334 258
bottle 0.0029 328 128 333 265
bottle 0.0023 313 0 334 282
bottle 0.0020 327 96 334 221
bottle 0.0020 326 7 333 116
bottle 0.0019 266 85 335 279
bottle 0.0018 55 56 185 217
bottle 0.0016 323 88 334 351
bottle 0.0012 0 141 10 414
diningtable 0.0231 15 87 314 474
diningtable 0.0037 21 389 317 501
diningtable 0.0031 23 445 314 500
diningtable 0.0022 133 64 360 500
diningtable 0.0012 4 281 331 506
person 0.3732 188 3 307 98
person 0.2165 -1 1 91 131
person 0.1327 65 1 217 103
person 0.0280 1 3 172 115
person 0.0224 -3 -7 126 206
person 0.0160 223 1 326 64
person 0.0147 288 0 333 65
person 0.0136 322 -16 334 227
person 0.0085 319 -3 334 97
person 0.0072 16 -11 212 210
person 0.0067 96 -3 289 71
person 0.0065 79 26 203 164
person 0.0064 324 -4 333 72
person 0.0060 95 0 199 57
person 0.0057 204 12 332 162
person 0.0052 228 -1 343 105
person 0.0047 313 -27 334 274
person 0.0043 297 -4 334 253
person 0.0043 0 -7 16 140
person 0.0038 181 1 270 59
person 0.0034 81 -10 301 203
person 0.0030 0 -18 12 229
person 0.0026 0 0 7 25
person 0.0023 0 0 18 11
person 0.0022 0 0 32 27
person 0.0021 177 0 214 24
person 0.0019 103 22 280 151
person 0.0019 0 0 8 13
person 0.0019 0 0 17 29
person 0.0018 0 0 32 95
person 0.0017 -1 1 66 90
person 0.0015 173 0 217 13
person 0.0015 0 -5 42 182
person 0.0014 104 0 215 31
person 0.0013 209 -4 289 140
person 0.0012 -2 0 88 55
person 0.0011 2 -1 111 28
person 0.0011 0 -4 127 74
person 0.0010 56 0 136 54
person 0.0010 83 3 159 89
person 0.0010 45 0 145 29
person 0.0010 33 0 101 11
