person 0.9669 137 162 177 303
person 0.9109 76 165 118 303
person 0.4959 292 160 328 278
person 0.3057 309 142 367 298
person 0.1181 358 212 396 301
person 0.1178 365 209 419 294
person 0.1119 206 157 271 302
person 0.0129 12 181 49 293
person 0.0055 286 135 349 280
person 0.0049 384 210 427 268
person 0.0042 10 143 80 296
person 0.0033 26 186 67 290
person 0.0025 116 227 136 269
person 0.0020 27 164 109 301
person 0.0016 334 197 374 305
person 0.0014 360 214 384 250
person 0.0014 366 212 417 254
person 0.0012 300 77 370 272
person 0.0010 317 184 386 311
tvmonitor 0.9329 -4 5 504 417
