bottle 0.0069 490 36 500 85
bottle 0.0022 390 38 410 69
bottle 0.0021 494 46 500 75
bottle 0.0013 398 36 415 72
bottle 0.0012 400 38 412 58
chair 0.0019 442 129 500 318
chair 0.0017 0 99 127 338
chair 0.0011 -1 142 55 332
chair 0.0010 370 94 501 344
chair 0.0010 0 143 16 330
diningtable 0.9490 130 112 470 335
person 0.9971 349 0 448 135
person 0.8590 0 -2 121 334
person 0.0119 0 13 63 327
person 0.0025 348 0 444 64
person 0.0024 0 39 11 306
person 0.0019 0 20 26 321
person 0.0019 11 -2 247 335
person 0.0019 481 0 500 87
tvmonitor 0.0013 444 0 499 62
