bicycle 0.0010 149 326 225 332
boat 0.0047 7 100 79 350
bottle 0.0011 113 289 205 333
bus 0.2462 0 128 52 341
bus 0.0458 122 239 193 287
bus 0.0442 93 263 479 331
bus 0.0058 -1 5 108 326
bus 0.0030 102 197 480 339
bus 0.0018 101 236 190 339
car 0.9385 0 0 85 88
car 0.2301 0 115 51 335
car 0.0130 0 14 91 307
car 0.0051 472 326 499 332
car 0.0036 0 0 90 43
car 0.0027 430 207 460 213
car 0.0015 473 317 500 331
car 0.0015 -1 3 27 87
car 0.0014 14 0 91 17
car 0.0013 -1 0 27 5
car 0.0012 -8 -3 100 21
car 0.0011 -7 0 74 7
motorbike 0.6617 249 141 299 209
person 0.9629 246 109 296 184
person 0.6312 201 226 272 272
person 0.0720 96 239 108 279
person 0.0526 89 235 99 281
person 0.0150 471 226 499 324
person 0.0117 473 223 493 255
person 0.0116 102 241 109 262
person 0.0070 101 239 111 278
person 0.0058 90 238 112 313
person 0.0054 90 234 98 257
person 0.0044 97 240 106 264
person 0.0043 468 220 488 248
person 0.0041 93 237 102 255
person 0.0039 99 292 140 332
person 0.0035 491 214 500 264
person 0.0025 79 231 104 322
person 0.0024 494 226 499 253
person 0.0023 98 300 123 331
person 0.0021 472 201 498 274
person 0.0018 115 302 141 331
person 0.0016 488 325 499 333
person 0.0016 467 224 485 265
person 0.0015 91 242 97 274
person 0.0015 494 214 499 240
person 0.0011 491 314 499 333
person 0.0010 492 185 499 243
person 0.0010 100 292 192 333
