bottle 0.0123 183 204 190 222
bottle 0.0039 373 168 387 199
bottle 0.0033 319 135 341 162
bottle 0.0023 48 329 160 374
chair 0.2072 130 213 383 379
chair 0.1446 322 232 495 374
chair 0.0253 152 279 427 380
chair 0.0179 108 260 180 366
chair 0.0085 6 279 183 376
chair 0.0042 35 274 308 377
chair 0.0035 78 327 422 377
chair 0.0035 474 245 499 371
chair 0.0019 -2 328 134 375
chair 0.0016 442 170 498 307
chair 0.0015 166 355 389 375
chair 0.0013 441 244 500 370
person 0.9997 207 64 340 264
person 0.9973 88 164 186 263
person 0.9925 179 185 389 372
person 0.9815 326 179 496 373
person 0.8943 0 137 171 371
person 0.0099 442 182 500 376
person 0.0079 83 153 172 347
person 0.0045 12 156 183 278
person 0.0037 -13 166 439 382
person 0.0031 65 106 206 333
person 0.0030 479 195 500 366
person 0.0019 0 114 61 388
person 0.0018 0 135 14 369
person 0.0017 182 202 295 378
person 0.0010 -1 107 28 393
pottedplant 0.0011 384 146 412 192
sofa 0.4178 165 218 492 376
sofa 0.0080 333 204 522 378
sofa 0.0014 211 326 516 375
