bicycle 0.0447 0 48 353 320
bicycle 0.0028 -1 116 175 327
chair 0.1045 50 57 304 312
chair 0.0734 167 -1 322 127
chair 0.0124 303 0 404 59
chair 0.0123 166 1 407 76
chair 0.0032 321 0 424 41
chair 0.0024 63 1 295 171
chair 0.0018 259 0 467 70
chair 0.0017 356 -1 402 32
chair 0.0017 165 1 277 59
chair 0.0014 273 1 368 60
chair 0.0013 145 1 422 171
chair 0.0011 362 0 412 20
person 0.9962 70 18 336 307
person 0.0150 4 176 125 326
person 0.0075 0 300 24 334
person 0.0061 0 191 57 331
person 0.0035 -2 35 64 311
person 0.0024 -4 64 134 323
person 0.0018 3 235 91 334
person 0.0018 -2 24 30 320
person 0.0017 0 269 25 336
person 0.0015 0 178 25 322
person 0.0015 0 64 14 283
person 0.0013 0 289 14 334
person 0.0013 0 313 10 334
person 0.0012 0 325 11 334
person 0.0011 1 272 48 334
sofa 0.0010 332 0 453 39
