bicycle 0.9897 5 200 77 338
bicycle 0.9802 171 212 333 376
bicycle 0.2606 398 337 499 375
bicycle 0.0919 71 175 140 319
bicycle 0.0124 67 181 94 299
bicycle 0.0088 303 296 502 376
bicycle 0.0084 321 350 508 375
bicycle 0.0043 450 299 497 374
bicycle 0.0042 170 146 275 384
bicycle 0.0032 487 242 500 312
bicycle 0.0027 0 182 19 322
bicycle 0.0024 249 328 490 375
bicycle 0.0022 407 292 497 381
bicycle 0.0015 151 220 220 367
bicycle 0.0014 473 299 500 374
bicycle 0.0012 126 175 202 328
bicycle 0.0011 61 186 114 313
bicycle 0.0011 440 245 501 377
bottle 0.2548 464 274 479 310
motorbike 0.0018 488 229 500 296
person 0.9987 -2 104 89 320
person 0.9963 168 108 283 365
person 0.9849 115 116 185 323
person 0.9802 80 130 135 320
person 0.0171 0 104 14 315
person 0.0078 69 112 204 331
person 0.0068 144 111 215 333
person 0.0031 71 156 97 296
person 0.0027 0 147 6 262
person 0.0026 -2 89 25 327
person 0.0025 0 99 5 208
person 0.0024 479 237 500 352
person 0.0022 0 180 5 315
person 0.0019 104 140 137 308
person 0.0016 475 275 500 372
person 0.0013 484 146 499 330
pottedplant 0.0032 480 225 500 336
pottedplant 0.0015 488 224 500 288
