bottle 0.0019 362 0 386 35
horse 0.9834 4 33 316 318
horse 0.8712 241 10 470 314
horse 0.1319 360 10 482 309
horse 0.0161 160 46 395 318
horse 0.0136 425 37 480 290
horse 0.0125 300 199 479 318
horse 0.0088 222 203 407 317
horse 0.0066 297 4 480 219
horse 0.0054 26 154 298 318
horse 0.0042 64 193 417 318
horse 0.0033 275 197 372 308
horse 0.0030 390 13 480 189
horse 0.0018 262 179 448 291
horse 0.0016 465 46 479 283
horse 0.0013 350 172 485 298
horse 0.0012 461 22 479 160
person 0.6416 239 0 296 66
person 0.4524 143 0 211 42
person 0.2703 -1 0 62 86
person 0.2134 98 -1 173 45
person 0.1069 0 1 28 83
person 0.0733 306 209 373 313
person 0.0367 190 0 275 57
person 0.0281 0 -2 50 159
person 0.0218 163 -1 313 68
person 0.0194 60 0 149 55
person 0.0181 0 0 53 44
person 0.0151 0 10 23 145
person 0.0122 132 0 180 44
person 0.0117 42 0 209 65
person 0.0093 61 0 105 56
person 0.0067 -5 8 191 317
person 0.0051 149 0 210 21
person 0.0041 39 0 86 59
person 0.0040 26 5 301 273
person 0.0039 0 -3 8 82
person 0.0038 357 0 392 42
person 0.0037 -1 17 28 286
person 0.0036 250 0 293 28
person 0.0033 143 24 334 302
person 0.0031 0 13 55 292
person 0.0031 202 0 256 44
person 0.0030 14 0 107 58
person 0.0027 235 27 299 301
person 0.0026 393 17 478 211
person 0.0024 0 41 18 212
person 0.0021 0 0 11 18
person 0.0019 187 0 209 7
person 0.0019 0 47 7 129
person 0.0017 76 0 126 45
person 0.0014 -2 0 47 18
person 0.0014 213 0 406 72
person 0.0013 0 0 24 29
person 0.0013 0 0 25 7
person 0.0013 110 -2 299 45
person 0.0012 0 16 84 189
person 0.0012 253 0 305 17
person 0.0012 462 46 480 208
person 0.0011 191 0 261 17
person 0.0011 117 0 167 30
person 0.0010 193 0 218 6
person 0.0010 -1 0 11 9
person 0.0010 132 0 190 20
