chair 0.0115 53 2 303 193
chair 0.0075 1 0 92 105
chair 0.0057 447 123 500 374
chair 0.0055 481 139 500 358
chair 0.0039 469 85 501 351
chair 0.0014 408 179 499 377
chair 0.0013 375 7 501 360
chair 0.0011 295 0 385 36
chair 0.0010 484 51 500 305
pottedplant 0.0086 0 0 60 129
pottedplant 0.0045 290 0 456 34
pottedplant 0.0041 0 0 124 96
pottedplant 0.0039 0 41 28 140
pottedplant 0.0018 3 60 41 146
sofa 0.9644 173 14 501 362
sofa 0.0064 67 4 335 188
sofa 0.0038 51 1 307 90
sofa 0.0029 13 0 485 262
