horse 0.9982 199 107 481 312
horse 0.9710 48 152 169 290
horse 0.6310 133 136 275 307
horse 0.0049 0 157 6 244
horse 0.0045 118 126 210 294
horse 0.0039 155 137 251 262
horse 0.0016 0 146 14 250
horse 0.0013 59 136 198 231
person 0.9978 231 26 394 186
person 0.1565 83 129 169 270
person 0.0813 182 133 232 186
person 0.0722 94 126 165 175
person 0.0130 181 134 210 169
person 0.0037 173 137 267 264
person 0.0036 204 140 232 176
person 0.0020 118 122 209 275
person 0.0018 0 160 13 308
person 0.0012 184 129 250 219
person 0.0011 182 147 227 219
person 0.0010 220 28 423 281
person 0.0010 0 68 13 256
