car 0.4521 57 0 191 19
car 0.2942 220 0 271 9
car 0.0769 -24 -1 164 17
car 0.0340 0 1 13 15
car 0.0189 40 0 144 15
car 0.0161 0 0 22 10
car 0.0126 125 0 187 17
car 0.0125 94 0 183 11
car 0.0090 29 0 135 8
car 0.0082 471 0 500 5
car 0.0062 196 0 256 9
car 0.0060 202 0 269 15
car 0.0059 179 0 233 15
car 0.0055 221 0 250 6
car 0.0050 0 0 33 16
car 0.0043 -5 0 53 10
car 0.0041 -17 0 207 35
car 0.0039 248 0 276 8
car 0.0035 168 0 226 9
car 0.0033 425 0 507 6
car 0.0032 486 0 500 7
car 0.0031 164 0 189 5
car 0.0029 101 2 178 24
car 0.0026 153 0 182 5
car 0.0025 240 1 269 12
car 0.0022 179 0 214 7
car 0.0020 -4 0 70 16
car 0.0019 239 0 305 8
car 0.0018 233 0 288 15
car 0.0017 0 -1 22 30
car 0.0017 261 0 286 6
car 0.0017 157 0 218 16
car 0.0017 136 0 196 8
car 0.0015 458 0 493 4
car 0.0015 231 -2 260 10
car 0.0012 98 -1 267 18
car 0.0012 172 0 202 6
motorbike 0.9997 24 66 453 321
person 0.0117 209 0 239 6
person 0.0033 211 0 236 17
person 0.0012 206 1 228 15
person 0.0011 189 0 221 7
