bird 0.9995 151 202 295 276
bird 0.9929 186 142 233 211
bird 0.9880 309 146 368 224
bird 0.9868 240 114 290 183
bird 0.9287 454 285 499 367
bird 0.4457 252 98 279 122
bird 0.2958 0 124 13 170
bird 0.1683 449 98 468 113
bird 0.1679 0 123 19 206
bird 0.0856 493 62 499 86
bird 0.0686 456 331 498 366
bird 0.0445 0 89 16 186
bird 0.0408 468 256 499 336
bird 0.0327 447 1 464 7
bird 0.0170 0 160 21 205
bird 0.0159 491 55 500 95
bird 0.0156 468 286 499 324
bird 0.0145 486 292 500 348
bird 0.0141 1 120 10 145
bird 0.0128 243 128 287 167
bird 0.0125 0 99 12 154
bird 0.0103 491 20 500 87
bird 0.0100 452 1 476 7
bird 0.0098 397 0 418 4
bird 0.0098 478 2 495 16
bird 0.0093 435 1 458 6
bird 0.0086 0 140 11 168
bird 0.0081 494 47 499 75
bird 0.0073 404 0 429 5
bird 0.0072 475 1 496 8
bird 0.0059 448 210 498 357
bird 0.0056 450 2 463 15
bird 0.0053 423 0 450 5
bird 0.0048 491 0 499 19
bird 0.0046 488 0 499 8
bird 0.0044 0 60 8 147
bird 0.0043 456 3 473 15
bird 0.0042 413 0 440 5
bird 0.0036 213 190 435 358
bird 0.0036 490 -3 499 68
bird 0.0035 0 162 13 216
bird 0.0034 0 114 20 153
bird 0.0033 0 13 13 175
bird 0.0031 457 315 500 356
bird 0.0027 494 76 499 102
bird 0.0027 473 293 499 346
bird 0.0024 464 1 486 7
bird 0.0020 478 167 499 340
bird 0.0018 469 3 483 16
bird 0.0016 258 100 286 133
bird 0.0015 486 316 499 368
bird 0.0014 413 275 501 370
bird 0.0013 0 155 10 181
bird 0.0013 276 115 287 133
bird 0.0012 487 274 500 326
bird 0.0012 491 65 500 128
bird 0.0011 477 1 495 33
bird 0.0010 0 105 8 132
bird 0.0010 242 98 285 155
bird 0.0010 385 0 412 4
bird 0.0010 0 30 6 137
bird 0.0010 3 123 17 142
