motorbike 0.9924 86 68 349 268
motorbike 0.9829 88 10 169 81
motorbike 0.3157 216 52 359 272
motorbike 0.0511 68 2 112 59
motorbike 0.0321 278 3 363 60
motorbike 0.0240 279 8 322 56
motorbike 0.0214 222 3 371 125
motorbike 0.0093 98 1 150 67
motorbike 0.0084 21 1 114 62
motorbike 0.0073 83 9 128 76
motorbike 0.0034 290 0 381 40
motorbike 0.0032 59 -19 417 254
motorbike 0.0030 236 5 325 56
motorbike 0.0020 162 1 348 71
motorbike 0.0014 249 1 349 43
motorbike 0.0012 299 0 344 29
motorbike 0.0011 117 1 168 68
person 0.9822 225 11 359 266
person 0.0194 69 0 111 46
person 0.0135 0 0 8 19
person 0.0126 263 7 372 152
person 0.0123 152 -9 372 193
person 0.0117 0 -4 21 70
person 0.0111 0 -7 7 76
person 0.0085 293 0 373 89
person 0.0057 0 0 23 19
person 0.0052 0 -1 8 10
person 0.0051 25 1 42 15
person 0.0050 4 -1 47 68
person 0.0049 298 0 345 18
person 0.0048 44 0 96 63
person 0.0029 32 0 54 6
person 0.0028 236 2 278 57
person 0.0028 2 0 23 8
person 0.0027 382 0 397 16
person 0.0026 296 0 349 9
person 0.0026 41 0 63 5
person 0.0024 10 0 56 16
person 0.0023 298 0 325 7
person 0.0022 385 0 411 6
person 0.0022 219 0 265 59
person 0.0021 378 0 399 7
person 0.0020 306 0 335 7
person 0.0020 21 0 72 67
person 0.0019 15 1 34 16
person 0.0018 293 0 341 44
person 0.0018 25 0 112 43
person 0.0016 2 -5 98 74
person 0.0016 394 0 421 5
person 0.0016 23 0 44 8
person 0.0014 326 0 354 5
person 0.0014 87 0 112 6
person 0.0013 0 -3 10 32
person 0.0013 102 -2 143 46
person 0.0012 48 0 75 5
person 0.0012 106 0 132 6
person 0.0011 317 0 345 5
person 0.0011 78 0 105 5
person 0.0011 314 0 385 8
person 0.0011 212 32 309 237
person 0.0011 335 0 365 5
person 0.0010 240 0 267 4
person 0.0010 31 1 52 15
person 0.0010 57 0 106 18
person 0.0010 329 1 376 65
person 0.0010 224 21 340 168
person 0.0010 97 0 123 6
