bird 0.0056 49 0 230 99
bottle 0.0010 271 371 311 374
cat 0.9930 192 162 328 235
cat 0.9885 0 165 165 252
cat 0.9744 359 179 500 240
cat 0.0049 -16 144 185 296
cat 0.0023 469 201 501 235
cat 0.0016 331 182 500 284
cat 0.0015 46 162 162 228
cat 0.0014 276 177 481 245
cat 0.0013 31 335 387 378
cat 0.0013 470 184 499 258
dog 0.0019 148 354 331 375
person 0.0050 449 0 499 70
person 0.0026 451 0 499 23
person 0.0014 473 0 499 9
person 0.0011 486 0 500 10
pottedplant 0.0018 162 354 353 375
pottedplant 0.0010 0 363 11 375
sofa 0.6951 7 217 491 375
sofa 0.0073 26 334 467 377
sofa 0.0039 3 190 274 373
tvmonitor 0.0025 323 0 493 135
