bottle 0.0025 461 363 491 375
bottle 0.0022 274 305 307 374
bottle 0.0013 342 121 352 146
cat 0.0035 451 363 498 375
chair 0.9951 166 244 270 374
chair 0.9837 0 244 145 374
chair 0.2555 120 184 212 202
chair 0.1050 130 180 268 208
chair 0.0942 269 127 300 197
chair 0.0871 140 187 230 205
chair 0.0202 199 185 255 209
chair 0.0160 0 193 55 368
chair 0.0119 273 126 299 168
chair 0.0109 115 184 246 226
chair 0.0106 1 177 98 359
chair 0.0100 114 184 166 210
chair 0.0079 0 217 22 372
chair 0.0061 193 174 254 192
chair 0.0044 11 254 125 308
chair 0.0038 137 163 266 203
chair 0.0034 23 275 141 346
chair 0.0024 24 301 145 374
chair 0.0022 116 211 303 348
chair 0.0016 417 220 456 312
chair 0.0013 51 209 156 358
chair 0.0012 12 191 169 307
chair 0.0010 109 199 179 340
diningtable 0.9121 17 214 309 378
diningtable 0.0339 4 169 499 381
diningtable 0.0058 20 269 241 373
diningtable 0.0027 38 201 303 294
diningtable 0.0015 112 228 458 375
sofa 0.1876 451 201 499 358
sofa 0.0049 470 224 499 361
sofa 0.0038 445 123 501 328
sofa 0.0020 415 195 494 337
