bird 0.9252 275 108 324 141
bird 0.6212 67 170 489 314
bird 0.4990 3 255 163 328
bird 0.4619 250 58 277 87
bird 0.3805 398 131 421 156
bird 0.1335 419 143 437 172
bird 0.0738 453 151 485 195
bird 0.0604 398 94 425 115
bird 0.0521 125 52 177 78
bird 0.0416 28 84 490 295
bird 0.0277 54 199 296 289
bird 0.0275 422 145 450 177
bird 0.0151 402 133 428 164
bird 0.0129 289 0 311 30
bird 0.0117 245 143 268 169
bird 0.0046 493 4 500 26
bird 0.0040 420 144 435 160
bird 0.0036 0 269 53 330
bird 0.0033 491 0 499 19
bird 0.0032 412 21 426 36
bird 0.0023 0 143 135 338
bird 0.0023 464 151 486 178
bird 0.0022 51 266 77 280
bird 0.0022 415 17 442 38
bird 0.0022 2 220 92 331
bird 0.0022 277 0 367 8
bird 0.0017 11 226 248 318
bird 0.0016 489 -2 500 33
bird 0.0016 3 261 89 319
bird 0.0015 291 0 310 17
bird 0.0014 196 250 235 295
bird 0.0014 281 0 325 21
bird 0.0013 -1 167 281 326
bird 0.0012 397 96 434 123
bird 0.0012 469 154 484 170
bird 0.0012 270 -1 402 17
bird 0.0012 424 148 446 166
bird 0.0012 415 150 486 195
bird 0.0011 399 8 415 20
bird 0.0011 307 106 328 131
bird 0.0011 406 142 432 170
bird 0.0010 492 143 500 195
bird 0.0010 495 9 500 33
