bicycle 0.0013 189 282 387 376
bottle 0.0561 206 0 220 8
bottle 0.0423 197 0 216 7
bottle 0.0236 186 0 208 6
bottle 0.0196 179 0 195 5
bottle 0.0166 171 0 185 7
bottle 0.0157 157 0 175 11
bottle 0.0056 136 0 161 17
bottle 0.0039 255 269 344 377
bottle 0.0038 117 0 139 12
bottle 0.0035 145 0 169 17
bottle 0.0025 142 0 193 17
bottle 0.0020 128 0 151 16
bottle 0.0014 108 0 132 11
bottle 0.0014 99 0 121 10
bottle 0.0010 169 -1 223 7
cat 0.9675 179 118 344 263
cat 0.0099 155 100 473 288
cat 0.0071 283 268 339 303
cat 0.0040 161 101 354 383
cat 0.0013 261 268 343 319
chair 0.0086 0 -2 11 51
chair 0.0050 0 -1 23 72
chair 0.0029 0 0 23 36
chair 0.0022 0 -2 17 128
chair 0.0022 0 -1 8 93
dog 0.0865 477 247 499 373
dog 0.0118 482 157 499 379
dog 0.0022 491 227 500 342
dog 0.0017 449 186 500 378
dog 0.0014 469 123 501 380
person 0.0094 127 0 171 17
person 0.0031 63 0 116 18
person 0.0011 469 50 501 365
person 0.0011 484 114 499 363
sofa 0.0010 14 -2 340 39
