bottle 0.0040 292 54 376 157
chair 0.0280 400 -9 499 166
chair 0.0047 66 0 148 76
chair 0.0025 301 285 505 378
chair 0.0016 0 95 13 350
chair 0.0014 309 5 497 202
diningtable 0.9984 0 40 499 385
person 0.6152 0 -8 83 195
person 0.4972 107 1 320 72
person 0.0827 1 21 87 338
person 0.0634 331 0 415 68
person 0.0436 283 0 443 77
person 0.0403 0 -3 67 111
person 0.0115 154 0 325 46
person 0.0115 406 19 500 251
person 0.0096 313 18 498 361
person 0.0076 44 2 229 80
person 0.0067 274 -2 402 52
person 0.0048 421 0 453 4
person 0.0046 0 0 55 70
person 0.0044 -3 -1 126 95
person 0.0042 393 0 461 8
person 0.0040 365 -1 463 47
person 0.0037 468 7 501 264
person 0.0036 480 37 499 235
person 0.0036 72 0 173 73
person 0.0034 0 21 16 223
person 0.0032 0 6 23 120
person 0.0029 8 23 171 356
person 0.0027 442 54 500 332
person 0.0027 101 0 175 19
person 0.0026 0 51 12 337
person 0.0025 0 42 28 371
person 0.0021 -2 -7 33 250
person 0.0020 384 -3 493 139
person 0.0019 391 -1 482 68
person 0.0017 411 0 501 7
person 0.0017 317 -5 487 53
person 0.0016 278 11 456 126
person 0.0015 93 0 195 44
person 0.0015 114 17 377 109
person 0.0014 386 -1 438 70
person 0.0014 2 0 85 46
person 0.0013 399 0 435 6
person 0.0011 331 0 386 52
person 0.0011 393 0 460 19
person 0.0011 0 -7 10 56
person 0.0011 -14 45 311 385
person 0.0010 369 0 416 50
person 0.0010 245 2 353 45
sofa 0.0037 371 1 505 138
