bottle 0.0189 0 183 4 209
bottle 0.0113 0 176 5 237
bottle 0.0092 1 183 8 208
bottle 0.0063 0 176 4 201
bottle 0.0059 0 190 4 219
bottle 0.0046 0 184 9 245
bottle 0.0028 0 189 4 260
bottle 0.0022 0 156 5 217
bottle 0.0018 0 196 3 293
bottle 0.0016 0 165 9 210
bottle 0.0016 0 227 2 262
bottle 0.0011 1 192 8 217
bottle 0.0010 0 196 3 235
chair 0.1705 141 306 219 494
chair 0.0873 2 152 217 504
chair 0.0225 76 298 214 502
chair 0.0166 0 239 23 508
chair 0.0094 142 449 221 499
chair 0.0080 107 381 217 499
chair 0.0062 0 259 10 489
chair 0.0051 158 159 222 502
chair 0.0043 0 157 7 437
chair 0.0031 0 367 20 497
chair 0.0023 0 323 38 503
chair 0.0022 0 396 10 505
chair 0.0019 0 141 13 488
chair 0.0018 0 140 54 511
chair 0.0016 16 384 204 499
chair 0.0015 216 256 220 387
chair 0.0014 213 204 219 427
chair 0.0014 1 384 84 501
chair 0.0014 0 355 3 520
chair 0.0012 0 280 3 402
chair 0.0011 0 242 116 499
chair 0.0010 77 438 212 499
person 0.9977 5 2 213 503
person 0.2969 0 51 31 198
person 0.0584 0 58 39 420
person 0.0105 1 19 79 489
person 0.0098 0 50 30 127
person 0.0076 0 111 25 480
person 0.0072 0 89 13 464
person 0.0069 0 132 7 424
person 0.0042 0 96 8 304
person 0.0037 0 76 10 208
person 0.0030 0 106 3 211
person 0.0018 0 225 3 341
person 0.0015 213 158 219 397
