motorbike 0.9910 216 182 304 238
motorbike 0.9908 127 181 204 233
motorbike 0.9906 49 186 113 233
motorbike 0.9756 340 181 459 242
motorbike 0.0039 186 174 209 218
motorbike 0.0020 66 193 97 229
motorbike 0.0019 226 192 285 233
motorbike 0.0011 39 159 123 257
person 0.9354 187 159 209 208
person 0.5009 129 161 147 203
person 0.3546 159 154 181 194
person 0.1764 139 165 191 228
person 0.0908 243 181 290 218
person 0.0582 152 152 183 210
person 0.0361 132 163 145 189
person 0.0312 127 162 160 226
person 0.0113 158 166 204 223
person 0.0105 345 179 448 223
person 0.0090 61 173 106 227
person 0.0076 379 178 443 240
person 0.0071 74 184 104 215
person 0.0068 249 185 276 222
person 0.0053 163 157 177 182
person 0.0024 185 157 208 186
person 0.0020 179 159 201 208
person 0.0013 351 186 425 213
person 0.0011 133 159 157 207
