bicycle 0.0026 316 69 392 120
bicycle 0.0014 321 91 380 119
bottle 0.0048 173 365 196 375
bottle 0.0011 263 353 322 375
car 0.9953 48 43 154 81
car 0.9560 0 62 63 156
car 0.8954 324 52 379 82
car 0.6140 163 51 234 71
car 0.4568 0 48 41 75
car 0.1382 298 48 388 86
car 0.0368 0 51 12 69
car 0.0337 51 44 116 72
car 0.0285 0 48 24 61
car 0.0164 0 47 35 65
car 0.0104 0 50 52 107
car 0.0085 274 43 358 89
car 0.0077 0 77 58 220
car 0.0076 226 42 263 65
car 0.0059 0 63 28 154
car 0.0059 140 49 239 78
car 0.0057 1 51 26 67
car 0.0057 130 45 167 67
car 0.0051 0 55 9 78
car 0.0041 0 50 13 82
car 0.0029 0 84 21 216
car 0.0029 317 53 420 95
car 0.0025 240 31 266 65
car 0.0022 0 52 8 140
car 0.0017 -13 50 30 72
car 0.0015 0 98 7 168
car 0.0015 330 53 357 82
car 0.0015 153 36 247 73
car 0.0013 1 44 29 111
car 0.0012 0 60 14 105
car 0.0011 0 56 25 92
chair 0.3026 363 288 501 374
chair 0.1969 -3 163 193 370
chair 0.1547 466 203 500 331
chair 0.1191 337 331 496 374
chair 0.0994 447 215 499 372
chair 0.0988 329 244 490 376
chair 0.0674 7 283 175 374
chair 0.0270 410 243 497 374
chair 0.0163 471 247 500 371
chair 0.0153 447 302 499 375
chair 0.0095 362 75 392 120
chair 0.0090 25 243 241 372
chair 0.0073 -1 324 191 376
chair 0.0068 312 351 478 375
chair 0.0041 357 365 478 374
chair 0.0035 287 336 424 375
chair 0.0034 -1 225 98 370
chair 0.0029 -15 353 189 375
chair 0.0025 0 147 8 234
chair 0.0020 469 318 500 379
chair 0.0019 365 355 470 374
chair 0.0017 243 354 429 375
chair 0.0017 0 213 15 377
chair 0.0017 457 186 499 291
chair 0.0017 0 113 15 331
chair 0.0014 0 328 95 376
chair 0.0013 403 366 511 375
chair 0.0012 452 338 497 375
chair 0.0012 0 158 6 281
chair 0.0010 488 296 500 374
chair 0.0010 386 347 511 377
chair 0.0010 0 306 50 374
chair 0.0010 312 365 409 374
chair 0.0010 492 262 500 365
diningtable 0.9604 131 184 438 371
diningtable 0.5177 190 244 367 372
diningtable 0.0144 178 280 472 374
diningtable 0.0131 101 275 332 373
diningtable 0.0091 8 228 260 374
diningtable 0.0071 233 326 509 377
diningtable 0.0026 114 214 311 340
diningtable 0.0014 42 330 297 376
motorbike 0.0090 256 38 302 94
motorbike 0.0083 276 40 323 92
motorbike 0.0013 259 55 288 96
person 0.9995 146 92 267 216
person 0.9976 2 100 185 374
person 0.9787 307 163 376 253
person 0.9726 324 176 481 375
person 0.9067 186 266 332 376
person 0.0157 309 161 372 207
person 0.0057 57 117 277 375
person 0.0029 473 154 500 292
person 0.0023 467 114 502 332
person 0.0020 130 166 579 374
person 0.0018 98 169 189 364
person 0.0014 84 104 164 373
person 0.0013 356 69 392 121
person 0.0011 289 170 452 263
