bottle 0.0528 152 40 167 79
bottle 0.0214 166 41 182 78
bottle 0.0042 160 33 180 79
bottle 0.0025 70 355 255 376
bottle 0.0024 66 174 90 218
bottle 0.0022 138 44 155 77
bottle 0.0016 5 104 191 387
bottle 0.0014 79 164 98 205
bottle 0.0012 56 217 99 253
bottle 0.0012 144 355 227 374
bottle 0.0010 55 206 105 273
chair 0.0047 332 53 478 199
chair 0.0024 89 164 424 379
diningtable 0.0014 0 75 12 161
person 0.9985 113 73 410 372
person 0.9964 339 3 459 186
person 0.1617 393 124 502 323
person 0.0697 0 24 19 191
person 0.0129 0 35 29 264
person 0.0062 430 93 502 269
person 0.0056 0 78 17 308
person 0.0049 318 64 500 368
person 0.0036 221 58 429 325
person 0.0023 437 147 501 356
person 0.0023 448 111 497 191
person 0.0022 482 143 499 332
person 0.0022 0 60 51 297
person 0.0014 -1 -25 28 182
person 0.0014 1 6 50 206
person 0.0010 467 117 501 357
tvmonitor 0.0023 0 56 11 151
tvmonitor 0.0013 -2 88 98 300
