bird 0.0014 448 353 500 374
bird 0.0013 488 353 499 375
boat 0.9747 56 105 285 212
boat 0.9701 213 107 448 214
boat 0.4971 11 113 175 198
boat 0.0447 371 111 499 209
boat 0.0292 42 129 197 174
boat 0.0267 -2 76 61 194
boat 0.0247 2 139 84 196
boat 0.0245 0 89 29 185
boat 0.0218 148 57 442 208
boat 0.0205 16 170 72 195
boat 0.0179 450 123 500 204
boat 0.0157 0 132 27 196
boat 0.0137 0 112 47 190
boat 0.0106 388 125 442 200
boat 0.0091 118 83 371 188
boat 0.0089 477 120 499 208
boat 0.0070 116 97 292 145
boat 0.0060 8 120 164 163
boat 0.0059 487 148 500 206
boat 0.0059 0 157 23 193
boat 0.0055 404 28 501 214
boat 0.0048 233 -11 489 215
boat 0.0048 280 136 509 220
boat 0.0040 0 123 12 186
boat 0.0039 3 -9 273 205
boat 0.0038 275 190 515 221
boat 0.0032 80 152 167 211
boat 0.0030 138 96 194 126
boat 0.0028 16 117 74 188
boat 0.0026 -3 -8 133 201
boat 0.0022 118 100 211 138
boat 0.0014 392 131 443 162
boat 0.0014 -2 105 91 171
boat 0.0014 424 124 484 202
boat 0.0014 401 121 456 185
boat 0.0013 491 107 500 203
boat 0.0012 8 58 119 189
boat 0.0012 481 42 500 202
boat 0.0011 400 116 501 166
boat 0.0011 305 75 506 200
boat 0.0010 -1 185 27 197
boat 0.0010 0 177 26 202
boat 0.0010 1 112 21 169
car 0.0101 487 170 499 209
car 0.0016 491 184 499 209
person 0.0062 452 176 460 203
