bottle 0.0088 0 396 16 501
bottle 0.0036 0 367 6 507
bottle 0.0010 0 430 8 503
chair 0.0128 0 327 13 501
chair 0.0031 0 295 43 493
chair 0.0024 0 373 35 495
chair 0.0013 -1 355 69 502
person 0.9984 132 83 300 494
person 0.9959 14 135 170 502
person 0.9854 252 80 372 485
person 0.6895 0 77 85 496
person 0.1950 44 84 158 336
person 0.1263 91 82 150 170
person 0.1107 228 102 277 157
person 0.0934 203 111 234 144
person 0.0500 330 96 375 494
person 0.0411 0 127 46 498
person 0.0353 98 127 173 471
person 0.0109 89 83 219 497
person 0.0070 90 88 154 279
person 0.0069 364 129 375 466
person 0.0065 0 247 11 503
person 0.0051 351 81 376 475
person 0.0051 46 84 152 204
person 0.0037 116 88 156 190
person 0.0032 -1 69 23 487
person 0.0024 367 140 374 213
person 0.0023 324 86 375 244
person 0.0019 0 92 9 468
person 0.0019 0 300 5 457
person 0.0019 307 230 375 482
person 0.0018 248 106 373 303
person 0.0016 0 87 72 316
person 0.0016 370 168 374 204
person 0.0014 320 102 363 185
person 0.0011 11 45 313 472
person 0.0011 357 101 374 222
person 0.0011 41 111 121 285
person 0.0010 0 99 6 177
