bottle 0.4711 8 258 26 312
bottle 0.0105 0 267 5 299
bottle 0.0077 0 258 7 308
bottle 0.0067 121 311 263 428
bottle 0.0044 3 270 31 353
bottle 0.0040 0 258 17 309
bottle 0.0026 0 272 4 311
bottle 0.0018 0 267 5 335
bottle 0.0017 0 238 17 355
bottle 0.0015 0 282 19 321
chair 0.0076 95 315 336 497
chair 0.0046 244 368 332 500
chair 0.0018 81 174 304 481
chair 0.0011 267 299 333 487
diningtable 0.0010 93 378 340 499
person 0.9998 26 17 313 491
person 0.0049 320 134 332 344
person 0.0020 294 122 332 321
person 0.0016 0 233 8 296
person 0.0015 301 162 332 277
person 0.0012 321 206 333 426
pottedplant 0.4590 258 209 317 266
pottedplant 0.0046 259 225 297 265
pottedplant 0.0022 257 158 318 281
