cat 0.0073 212 351 300 376
cat 0.0022 156 355 326 375
chair 0.9416 207 249 324 367
chair 0.0335 0 313 137 373
chair 0.0051 214 250 313 308
chair 0.0042 0 238 46 322
chair 0.0028 473 241 499 377
chair 0.0020 0 255 23 362
chair 0.0014 0 189 24 315
chair 0.0013 0 267 99 378
chair 0.0011 0 270 7 370
chair 0.0010 0 264 45 353
dog 0.0019 121 355 322 376
sofa 0.2563 -1 297 142 375
sofa 0.0110 -3 327 109 375
sofa 0.0037 472 267 499 380
sofa 0.0028 -13 292 267 373
sofa 0.0025 -6 348 145 376
tvmonitor 0.9861 58 188 102 222
tvmonitor 0.0126 211 204 236 223
