bicycle 0.0016 457 147 497 176
chair 0.9946 199 189 290 289
chair 0.9943 118 194 199 306
chair 0.9461 346 179 414 284
chair 0.6548 0 210 83 354
chair 0.5474 318 180 348 256
chair 0.5426 385 153 426 185
chair 0.5233 74 175 126 275
chair 0.4962 421 176 471 242
chair 0.2034 1 272 83 372
chair 0.1259 425 178 468 215
chair 0.0548 0 302 54 373
chair 0.0344 337 170 361 193
chair 0.0302 0 323 90 374
chair 0.0279 414 185 483 289
chair 0.0246 0 169 10 228
chair 0.0236 364 173 420 249
chair 0.0202 404 191 498 368
chair 0.0139 316 286 499 374
chair 0.0129 0 240 27 350
chair 0.0113 31 147 71 217
chair 0.0097 2 243 50 346
chair 0.0085 387 158 428 225
chair 0.0078 0 152 20 238
chair 0.0063 480 218 500 372
chair 0.0049 442 217 500 374
chair 0.0046 0 281 7 375
chair 0.0045 445 183 494 263
chair 0.0041 407 175 429 205
chair 0.0040 451 300 498 377
chair 0.0038 384 161 414 190
chair 0.0034 0 211 54 292
chair 0.0031 364 333 502 376
chair 0.0029 389 167 424 197
chair 0.0026 234 181 262 213
chair 0.0025 333 174 370 250
chair 0.0024 330 172 353 207
chair 0.0024 452 203 497 298
chair 0.0023 -1 331 171 374
chair 0.0023 229 190 291 263
chair 0.0023 -10 243 114 369
chair 0.0022 476 185 498 317
chair 0.0022 306 354 522 375
chair 0.0020 -1 313 27 385
chair 0.0020 75 178 166 294
chair 0.0020 364 156 427 199
chair 0.0019 77 175 118 206
chair 0.0018 0 331 8 381
chair 0.0016 0 351 6 376
chair 0.0015 197 185 252 262
chair 0.0014 -5 218 39 369
chair 0.0013 369 168 387 180
chair 0.0012 325 180 493 374
chair 0.0011 -4 296 72 403
chair 0.0011 0 174 8 264
chair 0.0010 0 133 9 220
chair 0.0010 0 247 8 336
chair 0.0010 0 338 26 375
chair 0.0010 15 248 75 345
chair 0.0010 203 183 277 240
diningtable 0.2090 92 188 261 293
diningtable 0.1564 339 176 422 247
diningtable 0.0067 329 178 465 264
diningtable 0.0038 140 179 258 234
diningtable 0.0022 174 178 307 276
diningtable 0.0015 86 297 493 374
diningtable 0.0011 92 334 488 375
person 0.0051 0 199 24 304
pottedplant 0.0010 0 238 9 302
sofa 0.0061 2 298 190 376
sofa 0.0010 -8 329 271 375
tvmonitor 0.0013 403 56 447 97
