aeroplane 0.9845 158 158 217 183
aeroplane 0.9646 246 191 303 210
aeroplane 0.9414 304 223 361 242
aeroplane 0.8675 380 227 438 250
aeroplane 0.8630 320 202 378 224
aeroplane 0.8566 431 258 486 283
aeroplane 0.0405 316 199 353 220
aeroplane 0.0125 304 209 376 240
aeroplane 0.0098 442 256 468 279
aeroplane 0.0068 160 156 199 176
aeroplane 0.0067 268 194 309 209
aeroplane 0.0038 383 225 414 246
aeroplane 0.0035 248 195 280 206
aeroplane 0.0034 336 209 378 229
aeroplane 0.0031 306 220 337 239
aeroplane 0.0029 259 195 288 206
aeroplane 0.0019 -3 0 53 10
aeroplane 0.0019 0 0 13 8
aeroplane 0.0018 -1 0 27 7
aeroplane 0.0016 0 2 12 16
aeroplane 0.0016 239 191 279 210
aeroplane 0.0015 247 192 281 202
aeroplane 0.0014 0 1 24 29
aeroplane 0.0012 375 227 450 263
aeroplane 0.0010 241 191 313 225
aeroplane 0.0010 277 198 306 207
