car 0.0070 51 59 167 122
chair 0.0026 493 121 499 217
chair 0.0025 372 93 403 130
motorbike 0.9978 77 64 358 363
motorbike 0.0017 49 86 75 120
motorbike 0.0013 45 65 85 122
person 0.0012 486 83 499 276
pottedplant 0.4004 393 91 460 210
pottedplant 0.0877 389 -3 467 219
pottedplant 0.0070 373 78 408 135
pottedplant 0.0040 435 98 461 204
pottedplant 0.0037 336 -9 485 213
pottedplant 0.0025 411 -35 491 224
pottedplant 0.0018 278 82 353 218
pottedplant 0.0015 320 88 363 109
pottedplant 0.0014 348 93 372 131
pottedplant 0.0013 493 146 499 219
pottedplant 0.0013 452 0 475 7
pottedplant 0.0011 335 78 375 134
pottedplant 0.0010 452 0 476 22
