chair 0.8603 206 210 262 300
chair 0.6650 95 195 148 287
chair 0.0427 96 188 187 294
chair 0.0202 206 189 258 260
chair 0.0167 94 292 139 388
chair 0.0130 121 164 150 276
chair 0.0049 188 163 269 290
chair 0.0039 95 205 146 391
chair 0.0025 173 179 227 264
chair 0.0024 223 201 277 285
chair 0.0022 239 207 264 301
chair 0.0019 220 209 260 242
chair 0.0018 124 164 149 195
chair 0.0017 219 180 252 210
chair 0.0017 95 164 148 249
chair 0.0016 177 207 245 267
chair 0.0015 230 181 262 208
chair 0.0011 91 177 115 264
diningtable 0.9458 110 195 249 299
diningtable 0.0035 143 167 263 283
diningtable 0.0029 142 210 216 302
diningtable 0.0011 100 191 262 392
person 0.0433 98 155 178 289
person 0.0022 156 175 179 269
person 0.0019 161 176 218 264
person 0.0017 176 176 203 263
person 0.0016 123 162 165 285
person 0.0015 164 175 190 265
