bird 0.9961 142 128 275 309
bird 0.0045 139 108 278 460
bottle 0.0049 0 186 4 263
bottle 0.0021 0 274 21 329
bottle 0.0021 0 291 8 352
bottle 0.0021 0 202 3 249
bottle 0.0020 0 235 18 357
bottle 0.0018 0 305 6 339
bottle 0.0015 0 300 19 341
bottle 0.0014 0 313 5 347
chair 0.0038 2 319 98 487
person 0.8978 -2 171 257 498
person 0.0074 2 330 94 497
person 0.0032 8 330 91 415
person 0.0022 0 205 17 349
person 0.0022 0 257 13 491
person 0.0018 59 0 125 57
person 0.0014 2 214 146 503
person 0.0010 59 97 275 392
pottedplant 0.0143 0 0 63 87
pottedplant 0.0058 262 205 342 272
tvmonitor 0.0141 193 374 369 499
