bottle 0.5056 349 211 374 254
bottle 0.0880 255 177 267 211
bottle 0.0012 492 266 499 328
chair 0.9373 105 53 173 210
chair 0.8508 204 39 291 196
chair 0.7952 314 85 427 222
chair 0.4888 0 68 20 172
chair 0.4097 297 60 452 263
chair 0.3387 3 43 64 172
chair 0.2880 37 133 140 284
chair 0.2486 297 154 499 337
chair 0.1923 366 197 504 333
chair 0.0895 313 62 470 177
chair 0.0467 0 59 7 176
chair 0.0449 368 58 499 335
chair 0.0401 344 102 447 206
chair 0.0214 72 245 133 299
chair 0.0155 358 292 504 333
chair 0.0086 2 85 45 174
chair 0.0065 51 77 158 221
chair 0.0048 233 85 283 186
chair 0.0045 9 34 114 177
chair 0.0036 0 100 5 185
chair 0.0035 405 134 500 315
chair 0.0033 20 157 85 263
chair 0.0030 0 55 9 129
chair 0.0030 65 199 137 301
chair 0.0024 146 91 174 203
chair 0.0021 0 39 7 108
chair 0.0018 253 252 495 334
chair 0.0017 394 74 440 145
chair 0.0017 484 169 499 329
chair 0.0016 3 20 129 268
chair 0.0016 0 67 13 249
chair 0.0012 0 35 23 133
chair 0.0012 124 84 191 207
chair 0.0012 359 76 502 201
chair 0.0012 103 77 148 189
chair 0.0011 119 107 166 206
chair 0.0011 411 71 500 167
chair 0.0011 3 62 87 227
person 0.9944 31 81 149 293
person 0.9939 210 4 296 195
person 0.9929 4 11 86 161
person 0.9655 106 28 171 172
person 0.9475 307 62 417 227
person 0.9249 257 86 497 337
person 0.0070 411 68 498 326
person 0.0016 437 60 499 159
sofa 0.0266 213 44 514 346
sofa 0.0046 238 59 444 219
