bottle 0.9915 222 238 256 355
bottle 0.0762 373 352 423 374
bottle 0.0281 265 232 297 301
bottle 0.0237 225 234 257 302
bottle 0.0099 352 369 388 375
bottle 0.0091 200 233 218 293
bottle 0.0084 491 336 499 375
bottle 0.0071 307 354 479 375
bottle 0.0051 352 365 426 374
bottle 0.0051 187 232 222 302
bottle 0.0050 201 231 232 302
bottle 0.0049 243 230 272 299
bottle 0.0049 291 366 316 374
bottle 0.0046 354 353 408 375
bottle 0.0045 324 366 398 374
bottle 0.0041 307 350 355 374
bottle 0.0036 341 338 447 373
bottle 0.0032 206 239 224 297
bottle 0.0028 333 352 387 375
bottle 0.0024 240 227 254 271
bottle 0.0023 492 293 500 377
bottle 0.0022 286 340 424 374
bottle 0.0020 292 353 315 375
bottle 0.0018 479 275 500 373
bottle 0.0018 272 230 316 303
bottle 0.0015 207 241 240 349
bottle 0.0014 328 368 354 374
bottle 0.0012 273 364 332 374
bottle 0.0011 370 369 408 375
chair 0.0025 -7 235 137 370
chair 0.0025 0 291 200 375
diningtable 0.6107 57 289 506 376
diningtable 0.1135 45 326 464 373
diningtable 0.0142 31 299 312 373
diningtable 0.0111 148 230 491 376
diningtable 0.0094 254 354 456 375
diningtable 0.0024 158 355 399 375
diningtable 0.0022 204 332 520 375
diningtable 0.0016 332 353 532 375
diningtable 0.0016 263 340 410 374
diningtable 0.0016 1 330 268 373
person 0.9975 337 58 500 366
person 0.9919 3 109 161 375
person 0.0353 -1 127 56 372
person 0.0228 -1 95 28 379
person 0.0148 0 105 15 370
person 0.0065 0 188 91 375
person 0.0031 486 92 499 353
person 0.0027 444 68 500 376
person 0.0020 471 52 501 364
person 0.0011 0 92 92 326
person 0.0011 0 201 6 324
pottedplant 0.0035 278 210 354 327
