bottle 0.1954 238 240 251 288
bottle 0.1821 223 288 235 337
bottle 0.0460 62 202 82 249
bottle 0.0101 219 246 235 294
bottle 0.0061 172 220 198 258
bottle 0.0059 225 247 242 291
bottle 0.0048 176 217 219 251
bottle 0.0040 55 200 85 269
bottle 0.0040 50 196 71 246
bottle 0.0037 208 256 239 336
bottle 0.0023 239 241 249 270
bottle 0.0020 170 210 201 293
bottle 0.0016 489 261 500 321
bottle 0.0016 224 296 233 329
bottle 0.0016 219 277 259 340
bottle 0.0014 182 207 221 270
bottle 0.0014 216 262 234 307
bottle 0.0013 222 236 258 328
bottle 0.0012 472 261 500 308
bottle 0.0010 206 225 238 309
chair 0.4179 424 214 470 280
chair 0.0368 232 150 273 237
chair 0.0072 394 207 473 273
chair 0.0061 401 331 499 375
chair 0.0033 475 300 500 375
chair 0.0030 488 301 499 369
chair 0.0024 383 351 515 375
chair 0.0021 475 216 499 314
chair 0.0019 0 318 8 381
chair 0.0019 0 242 20 376
chair 0.0019 490 352 499 376
chair 0.0018 261 189 337 251
chair 0.0018 473 350 500 375
chair 0.0017 387 366 507 375
chair 0.0016 250 154 318 321
chair 0.0016 451 302 499 376
chair 0.0015 450 353 500 374
chair 0.0015 0 306 47 375
chair 0.0015 0 298 25 380
chair 0.0013 260 180 299 261
chair 0.0012 402 285 500 381
chair 0.0010 473 236 501 276
diningtable 0.3856 0 240 101 374
diningtable 0.1526 -8 228 279 375
diningtable 0.0083 5 188 174 378
diningtable 0.0050 118 235 308 369
diningtable 0.0034 160 329 418 374
diningtable 0.0033 475 232 499 328
diningtable 0.0028 145 287 357 372
diningtable 0.0026 77 155 213 322
diningtable 0.0013 231 353 442 375
person 0.9991 86 79 211 364
person 0.9977 269 165 397 336
person 0.8670 266 265 372 375
person 0.6555 265 148 335 246
person 0.4925 311 271 496 374
person 0.1940 306 266 398 374
person 0.0937 266 152 400 240
person 0.0753 0 171 42 271
person 0.0667 98 116 117 149
person 0.0515 273 255 323 341
person 0.0504 0 128 53 288
person 0.0301 261 160 338 316
person 0.0219 320 353 506 375
person 0.0214 199 329 282 375
person 0.0196 -1 132 28 258
person 0.0133 -1 107 88 274
person 0.0106 0 179 26 322
person 0.0084 1 183 91 352
person 0.0072 0 88 17 243
person 0.0071 245 218 414 384
person 0.0058 0 149 7 232
person 0.0047 -1 146 34 356
person 0.0043 302 322 504 378
person 0.0041 0 214 19 375
person 0.0036 285 268 345 353
person 0.0036 310 268 364 355
person 0.0036 281 336 428 374
person 0.0035 216 332 339 375
person 0.0032 476 271 501 376
person 0.0028 0 192 9 262
person 0.0025 378 353 458 374
person 0.0023 0 110 6 212
person 0.0021 348 265 396 356
person 0.0017 235 155 371 272
person 0.0017 97 116 111 137
person 0.0014 488 335 500 377
person 0.0014 0 107 123 387
person 0.0013 351 270 375 311
person 0.0013 266 181 325 259
pottedplant 0.0043 10 13 95 170
pottedplant 0.0017 267 305 278 322
sofa 0.3594 267 160 454 269
sofa 0.0455 251 136 414 314
sofa 0.0175 253 166 474 374
sofa 0.0032 315 152 472 242
sofa 0.0015 93 108 566 375
tvmonitor 0.1046 0 106 87 250
tvmonitor 0.0014 183 164 231 226
tvmonitor 0.0013 473 252 501 288
