bird 0.9810 214 125 435 305
bird 0.9234 68 156 274 271
bird 0.0203 467 242 500 349
bird 0.0141 132 121 290 208
bird 0.0130 99 131 394 288
bird 0.0123 190 118 294 267
bird 0.0113 103 193 299 282
bird 0.0091 56 54 293 280
bird 0.0089 450 225 499 368
bird 0.0057 192 114 292 188
bird 0.0053 108 -1 255 43
bird 0.0035 298 0 363 22
bird 0.0034 475 1 501 70
bird 0.0029 409 52 500 278
bird 0.0029 147 3 256 65
bird 0.0025 477 11 499 146
bird 0.0023 488 -4 500 69
bird 0.0021 448 0 499 69
bird 0.0020 177 -1 302 42
bird 0.0020 50 1 293 75
bird 0.0019 83 -1 243 23
bird 0.0019 439 0 499 157
bird 0.0018 343 0 483 39
bird 0.0017 67 170 184 270
bird 0.0015 404 0 499 45
bird 0.0014 100 6 227 60
bird 0.0011 71 -2 352 48
bird 0.0011 -13 -1 148 21
bird 0.0011 62 0 193 41
bird 0.0010 223 117 333 274
bird 0.0010 412 0 502 9
