bus 0.0023 31 188 76 223
car 0.9956 340 197 432 232
car 0.9955 285 206 341 229
car 0.9946 151 201 206 227
car 0.9880 97 204 144 225
car 0.9757 465 200 497 229
car 0.9629 37 208 74 226
car 0.9371 67 203 101 224
car 0.8058 249 201 315 226
car 0.2094 206 208 244 226
car 0.1077 407 197 469 228
car 0.0542 149 197 244 226
car 0.0336 247 203 286 225
car 0.0130 253 196 313 217
car 0.0129 223 210 245 225
car 0.0126 62 205 83 220
car 0.0087 181 188 232 210
car 0.0086 66 202 94 210
car 0.0081 100 205 122 220
car 0.0071 270 200 354 227
car 0.0068 116 202 154 225
car 0.0049 174 206 240 227
car 0.0044 277 199 322 216
car 0.0044 338 207 359 215
car 0.0043 182 199 206 212
car 0.0032 329 207 351 217
car 0.0031 158 197 210 218
car 0.0028 65 200 102 215
car 0.0028 122 200 151 211
car 0.0027 62 208 78 226
car 0.0026 278 201 306 226
car 0.0019 182 188 212 196
car 0.0019 116 205 143 221
car 0.0018 443 214 500 376
car 0.0016 482 210 499 381
car 0.0016 287 200 318 211
car 0.0016 303 206 351 224
car 0.0014 66 206 134 227
car 0.0014 272 199 295 209
car 0.0014 477 326 499 374
car 0.0013 108 198 150 216
car 0.0013 35 209 54 226
car 0.0012 94 201 108 210
car 0.0011 92 204 109 219
car 0.0011 493 195 500 215
motorbike 0.0094 477 275 499 375
motorbike 0.0017 476 335 500 375
motorbike 0.0011 452 298 499 375
motorbike 0.0010 442 239 500 377
