bottle 0.9460 1 247 44 373
bottle 0.8091 24 243 174 367
bottle 0.1286 154 332 250 375
bottle 0.0502 185 343 227 373
bottle 0.0321 191 350 261 374
bottle 0.0162 124 348 279 376
bottle 0.0122 184 336 286 375
bottle 0.0119 0 169 14 305
bottle 0.0100 63 237 265 367
bottle 0.0098 24 179 238 380
bottle 0.0084 39 331 302 378
bottle 0.0082 0 224 9 287
bottle 0.0066 214 363 277 374
bottle 0.0065 1 253 84 370
bottle 0.0035 0 230 5 351
bottle 0.0029 0 177 12 248
bottle 0.0024 0 219 21 312
bottle 0.0022 143 352 235 374
bottle 0.0020 175 363 260 374
bottle 0.0019 122 353 176 374
bottle 0.0018 29 351 260 375
bottle 0.0016 0 295 30 378
bottle 0.0014 0 242 7 312
bottle 0.0013 196 277 281 374
bottle 0.0013 0 256 6 283
bottle 0.0011 178 311 227 374
bottle 0.0011 83 293 334 376
bottle 0.0011 155 354 359 376
bottle 0.0010 0 151 11 229
bottle 0.0010 128 317 237 370
bottle 0.0010 1 331 93 375
chair 0.1190 171 34 527 378
chair 0.0048 367 116 498 379
chair 0.0029 411 57 500 331
chair 0.0026 441 158 500 375
chair 0.0013 325 233 499 373
diningtable 0.0088 8 329 265 377
diningtable 0.0013 11 354 238 375
person 0.9995 145 3 497 377
person 0.0056 -1 66 66 235
person 0.0032 0 104 14 255
person 0.0031 31 51 397 377
person 0.0016 0 135 9 217
