chair 0.8180 -1 244 56 374
chair 0.0018 54 150 202 377
chair 0.0017 41 182 69 213
chair 0.0016 0 236 28 357
person 0.9999 67 72 180 374
person 0.9974 340 70 447 375
person 0.9956 226 59 340 381
person 0.9953 166 108 247 370
person 0.0206 326 72 393 375
person 0.0078 93 97 254 380
person 0.0033 469 29 502 386
person 0.0032 399 67 460 377
person 0.0031 277 65 355 378
person 0.0022 207 86 275 364
person 0.0010 485 87 499 359
sofa 0.0300 -2 202 59 270
sofa 0.0097 -1 198 62 336
sofa 0.0011 0 227 54 306
