chair 0.9957 46 195 118 324
chair 0.9952 126 202 209 325
chair 0.1613 61 195 105 278
chair 0.0716 0 238 27 336
chair 0.0246 -1 285 26 336
chair 0.0099 28 200 61 302
chair 0.0097 0 278 11 330
chair 0.0079 119 199 170 272
chair 0.0069 17 203 86 321
chair 0.0066 64 198 140 284
chair 0.0056 155 196 184 230
chair 0.0053 15 204 45 321
chair 0.0046 156 197 213 252
chair 0.0023 0 296 16 334
chair 0.0019 57 194 97 220
chair 0.0019 0 309 25 333
chair 0.0018 0 250 8 334
chair 0.0017 141 198 189 252
chair 0.0014 111 187 147 261
chair 0.0013 0 188 23 312
diningtable 0.9477 34 203 215 326
diningtable 0.3006 59 196 144 323
pottedplant 0.0611 367 207 414 273
pottedplant 0.0278 129 97 173 115
pottedplant 0.0215 374 236 406 267
pottedplant 0.0088 112 186 142 216
pottedplant 0.0013 110 185 146 237
pottedplant 0.0010 357 204 428 322
sofa 0.8369 369 223 500 333
