bus 0.0012 245 0 341 9
car 0.9973 -1 10 96 53
car 0.9798 325 19 431 67
car 0.0342 0 15 9 53
car 0.0117 347 7 470 61
car 0.0106 0 28 5 52
car 0.0097 490 19 499 60
car 0.0072 493 27 499 54
car 0.0057 0 11 7 31
car 0.0033 326 11 472 95
car 0.0028 0 3 10 41
car 0.0027 414 5 459 59
car 0.0021 0 17 22 51
car 0.0018 491 30 500 88
chair 0.0038 15 89 82 228
cow 0.1955 57 -4 516 335
person 0.4059 93 -1 113 43
person 0.3818 247 2 265 44
person 0.3763 147 4 161 43
person 0.2390 131 5 146 42
person 0.1223 111 5 124 41
person 0.1015 72 0 84 21
person 0.0725 23 2 37 15
person 0.0469 38 2 49 14
person 0.0258 491 2 499 54
person 0.0206 0 5 7 26
person 0.0163 0 0 8 19
person 0.0125 54 1 68 15
person 0.0117 47 1 60 14
person 0.0101 4 7 17 24
person 0.0093 5 1 19 17
person 0.0063 3 0 22 8
person 0.0062 13 0 37 19
person 0.0061 0 -1 9 9
person 0.0054 0 0 11 30
person 0.0053 2 2 20 27
person 0.0047 14 0 33 9
person 0.0033 23 0 40 10
person 0.0026 65 1 84 26
person 0.0025 494 11 499 45
person 0.0024 118 4 142 42
person 0.0022 134 8 144 35
person 0.0016 72 0 88 9
person 0.0012 91 -1 111 23
person 0.0010 494 0 499 31
person 0.0010 86 0 101 42
