bottle 0.0731 210 197 230 274
bottle 0.0168 300 189 331 249
bottle 0.0087 312 187 332 241
bottle 0.0026 171 370 199 374
bottle 0.0025 252 187 269 240
bottle 0.0012 308 299 360 374
chair 0.6119 301 107 342 159
chair 0.2112 442 251 500 372
chair 0.1936 0 248 65 374
chair 0.0804 298 101 378 163
chair 0.0449 220 101 284 153
chair 0.0226 1 276 131 372
chair 0.0096 211 63 285 142
chair 0.0065 468 266 500 378
chair 0.0059 -7 156 144 382
chair 0.0044 407 219 501 375
chair 0.0039 481 195 500 365
chair 0.0035 0 302 49 374
chair 0.0025 491 106 500 188
chair 0.0023 9 280 250 375
chair 0.0023 360 275 502 373
chair 0.0023 0 182 86 351
chair 0.0021 0 181 19 350
chair 0.0018 96 162 151 220
chair 0.0017 -1 328 92 376
chair 0.0017 125 71 150 111
chair 0.0016 -1 367 107 374
chair 0.0016 287 92 358 204
chair 0.0013 0 274 26 376
chair 0.0013 0 152 6 243
chair 0.0012 468 168 501 392
chair 0.0012 0 173 8 281
chair 0.0012 115 168 141 215
chair 0.0011 491 305 500 380
diningtable 0.9672 5 170 494 373
diningtable 0.1657 136 141 368 233
diningtable 0.0484 251 121 420 239
diningtable 0.0416 9 225 346 374
diningtable 0.0407 90 135 409 299
diningtable 0.0110 315 276 496 374
diningtable 0.0040 232 225 499 377
diningtable 0.0015 123 115 314 211
diningtable 0.0013 62 215 437 333
diningtable 0.0012 127 284 459 378
person 0.9974 288 86 426 235
person 0.9963 0 118 162 320
person 0.9957 217 52 286 142
person 0.9955 378 126 500 318
person 0.9912 84 46 128 145
person 0.9888 87 103 169 205
person 0.7570 328 83 379 166
person 0.4688 145 80 182 141
person 0.2348 297 82 381 186
person 0.2087 139 93 182 176
person 0.1162 146 81 175 114
person 0.0281 126 94 194 210
person 0.0266 481 139 499 307
person 0.0134 12 110 168 218
person 0.0127 126 91 172 154
person 0.0106 150 84 200 155
person 0.0074 0 156 19 319
person 0.0065 -1 143 92 330
person 0.0059 95 136 151 217
person 0.0053 493 155 500 255
person 0.0044 375 123 451 270
person 0.0038 443 167 500 365
person 0.0035 492 191 499 291
person 0.0025 470 115 500 332
person 0.0024 309 111 364 185
person 0.0023 145 81 209 193
person 0.0022 104 70 181 181
person 0.0022 302 167 509 379
person 0.0018 483 85 499 245
person 0.0015 94 105 238 210
person 0.0014 -1 129 30 345
person 0.0013 0 183 8 286
person 0.0013 84 130 161 254
person 0.0012 289 126 387 255
person 0.0011 98 64 139 146
person 0.0011 143 102 173 150
