person 0.9994 7 -1 332 374
person 0.9764 304 54 495 372
person 0.8189 406 0 500 68
person 0.0532 0 5 51 204
person 0.0287 160 4 501 376
person 0.0192 362 4 504 315
person 0.0156 331 -3 494 86
person 0.0092 389 1 434 64
person 0.0080 0 37 58 349
person 0.0062 436 10 502 228
person 0.0039 444 30 499 384
person 0.0036 471 40 501 374
person 0.0034 444 4 499 86
person 0.0028 485 72 499 344
person 0.0027 0 0 124 372
person 0.0026 478 23 500 189
person 0.0024 -2 17 34 283
person 0.0022 471 0 500 71
person 0.0022 313 -2 495 207
person 0.0021 369 1 465 65
person 0.0020 0 61 20 239
person 0.0015 475 9 500 117
person 0.0014 467 -2 502 215
person 0.0014 431 -1 503 128
person 0.0013 1 12 83 258
person 0.0012 491 0 499 77
person 0.0010 409 8 429 56
person 0.0010 0 6 25 179
