bicycle 0.9965 31 49 447 323
bicycle 0.0494 414 47 490 111
bicycle 0.0470 431 25 475 78
bicycle 0.0149 389 22 481 135
bicycle 0.0099 448 13 496 83
bicycle 0.0080 332 9 487 250
bicycle 0.0043 408 38 498 178
bicycle 0.0042 430 14 502 139
bicycle 0.0031 447 38 497 114
bicycle 0.0030 408 24 461 103
bicycle 0.0030 280 23 452 292
bicycle 0.0025 450 29 474 66
bicycle 0.0019 363 90 452 155
bicycle 0.0017 442 77 491 101
bicycle 0.0017 415 74 476 105
bicycle 0.0017 387 62 485 119
bicycle 0.0014 412 2 491 103
car 0.0028 386 0 449 21
car 0.0022 341 0 398 9
car 0.0017 374 0 443 9
car 0.0013 352 0 384 7
person 0.8770 359 3 440 156
person 0.8704 390 3 501 372
person 0.8361 253 7 314 203
person 0.2534 303 4 367 209
person 0.0757 249 -5 400 259
person 0.0209 257 33 343 262
person 0.0131 349 60 444 176
person 0.0083 451 1 498 72
person 0.0050 437 -25 500 326
person 0.0048 470 4 499 92
person 0.0046 295 0 376 103
person 0.0042 328 20 489 302
person 0.0040 344 0 376 7
person 0.0039 313 4 391 158
person 0.0035 275 -4 361 139
person 0.0026 488 37 499 352
person 0.0025 470 22 502 362
person 0.0024 403 20 501 225
person 0.0020 332 0 380 74
person 0.0018 472 0 497 5
person 0.0012 492 -7 500 86
person 0.0011 337 0 416 135
person 0.0011 300 11 338 172
person 0.0010 311 1 364 73
