bottle 0.0010 0 70 7 181
chair 0.7828 413 55 499 192
chair 0.3433 180 2 337 130
chair 0.0527 0 197 101 367
chair 0.0490 248 16 341 134
chair 0.0257 0 21 66 138
chair 0.0164 52 -1 214 92
chair 0.0150 0 109 59 365
chair 0.0128 410 77 500 278
chair 0.0067 0 229 25 364
chair 0.0061 4 285 175 375
chair 0.0057 103 -2 320 103
chair 0.0054 0 276 44 372
chair 0.0046 0 152 16 351
chair 0.0043 0 -3 86 105
chair 0.0034 2 64 77 126
chair 0.0034 1 3 54 92
chair 0.0029 374 55 500 378
chair 0.0021 98 0 192 69
chair 0.0018 441 82 499 361
chair 0.0017 -1 103 30 368
chair 0.0016 2 174 173 376
chair 0.0014 6 3 180 124
chair 0.0013 380 19 502 239
chair 0.0012 0 39 19 176
chair 0.0011 0 324 48 375
chair 0.0011 484 113 499 332
diningtable 0.9932 0 54 498 378
person 0.0767 0 52 120 380
person 0.0483 6 48 350 383
person 0.0376 0 0 56 358
person 0.0230 -1 6 26 351
person 0.0134 0 22 13 337
person 0.0017 0 37 15 205
pottedplant 0.0060 0 0 53 71
pottedplant 0.0018 0 -6 8 57
pottedplant 0.0013 0 -2 26 73
