bottle 0.9855 331 0 479 90
bottle 0.3221 415 -2 496 39
bottle 0.0789 446 7 500 94
bottle 0.0492 447 0 499 35
bottle 0.0278 212 3 451 89
bottle 0.0271 405 11 500 113
bottle 0.0180 426 0 489 24
bottle 0.0165 387 -1 483 25
bottle 0.0131 312 -6 501 151
bottle 0.0118 262 291 484 373
bottle 0.0085 382 0 454 9
bottle 0.0082 278 -1 465 55
bottle 0.0060 435 10 502 177
bottle 0.0054 469 20 500 105
bottle 0.0040 336 0 441 8
bottle 0.0040 488 -2 499 39
bottle 0.0033 469 -2 500 73
bottle 0.0031 491 -1 500 22
bottle 0.0029 350 -2 468 45
bottle 0.0028 471 0 500 7
bottle 0.0026 422 0 491 10
bottle 0.0024 488 0 500 78
bottle 0.0018 326 -1 460 24
bottle 0.0017 488 0 500 9
bottle 0.0017 397 0 438 6
bottle 0.0016 361 30 501 95
bottle 0.0015 434 5 481 41
bottle 0.0014 432 45 502 105
bottle 0.0014 463 0 500 23
bottle 0.0012 385 0 454 18
bottle 0.0011 493 2 500 32
bottle 0.0010 379 0 418 5
cat 0.1034 12 288 322 372
cat 0.0192 6 230 399 375
dog 0.1072 55 293 351 374
dog 0.0141 -6 232 502 375
dog 0.0033 34 327 459 375
dog 0.0011 112 324 293 376
person 0.9910 5 5 496 375
person 0.0668 -2 245 176 372
person 0.0253 100 20 476 227
person 0.0245 310 20 500 357
person 0.0172 441 25 500 333
person 0.0074 365 15 503 245
person 0.0061 187 -1 469 149
person 0.0038 0 188 272 375
person 0.0024 165 76 483 355
person 0.0018 119 311 285 369
person 0.0017 486 86 500 332
person 0.0017 468 50 501 364
person 0.0016 0 331 66 375
person 0.0015 -2 110 132 386
person 0.0014 1 188 94 376
person 0.0014 6 15 268 358
person 0.0013 480 31 500 213
person 0.0011 463 2 503 216
person 0.0010 0 239 61 374
person 0.0010 -1 89 59 358
