chair 0.9357 194 141 284 248
chair 0.8957 300 179 497 374
chair 0.7203 119 149 175 300
chair 0.3022 289 149 504 265
chair 0.2238 57 145 107 174
chair 0.0810 117 149 201 249
chair 0.0396 3 160 173 372
chair 0.0381 130 174 165 328
chair 0.0370 283 157 363 267
chair 0.0221 84 144 169 330
chair 0.0191 131 140 169 156
chair 0.0139 3 296 184 374
chair 0.0110 272 144 318 211
chair 0.0101 257 142 301 216
chair 0.0091 279 148 359 209
chair 0.0083 214 137 262 195
chair 0.0074 0 303 49 376
chair 0.0070 222 130 264 151
chair 0.0066 219 136 263 161
chair 0.0059 0 151 11 171
chair 0.0057 0 330 92 375
chair 0.0052 225 129 265 142
chair 0.0043 247 133 301 148
chair 0.0033 258 141 342 196
chair 0.0032 230 141 286 223
chair 0.0031 157 143 254 249
chair 0.0025 231 140 319 249
chair 0.0025 0 351 49 374
chair 0.0024 0 280 27 371
chair 0.0020 104 148 130 174
chair 0.0019 -12 353 184 375
chair 0.0018 298 198 407 368
chair 0.0018 400 145 503 269
chair 0.0016 230 156 438 260
chair 0.0014 0 153 9 213
chair 0.0013 355 134 460 150
chair 0.0012 120 150 237 293
chair 0.0011 0 339 28 374
chair 0.0010 -3 327 267 375
diningtable 0.4312 57 157 288 263
diningtable 0.2265 30 146 301 342
diningtable 0.0447 126 142 363 244
diningtable 0.0199 4 115 496 379
diningtable 0.0066 67 125 427 265
sofa 0.2879 286 143 505 249
