car 0.1682 21 88 478 350
car 0.0128 467 275 500 374
car 0.0049 449 243 499 371
car 0.0045 476 227 499 362
car 0.0045 23 297 246 372
car 0.0034 492 141 499 168
car 0.0018 71 293 417 374
car 0.0017 0 242 19 377
car 0.0017 491 295 500 374
car 0.0014 455 320 499 377
car 0.0013 490 135 499 187
car 0.0010 99 328 265 375
car 0.0010 0 242 59 373
car 0.0010 71 179 424 370
car 0.0010 -3 282 140 374
motorbike 0.0054 0 166 21 278
person 0.9644 40 121 178 360
person 0.5412 251 220 389 370
person 0.2932 380 100 401 125
person 0.0613 407 95 426 129
person 0.0436 84 147 191 322
person 0.0431 425 98 442 113
person 0.0228 492 109 499 171
person 0.0130 416 95 442 127
person 0.0128 42 145 131 329
person 0.0108 380 102 416 132
person 0.0099 409 96 447 148
person 0.0092 0 357 11 374
person 0.0057 411 94 425 116
person 0.0056 396 95 421 129
person 0.0045 0 148 21 269
person 0.0043 54 117 160 276
person 0.0036 0 364 23 375
person 0.0035 493 83 499 154
person 0.0034 494 121 499 159
person 0.0034 0 172 18 330
person 0.0025 32 208 106 356
person 0.0024 52 201 156 357
person 0.0022 29 215 67 290
person 0.0022 494 109 499 143
person 0.0012 0 352 23 375
person 0.0010 43 207 84 297
person 0.0010 0 336 11 376
person 0.0010 0 97 18 235
person 0.0010 413 240 455 295
person 0.0010 212 122 437 375
tvmonitor 0.0093 383 342 436 374
tvmonitor 0.0012 75 323 208 374
