bottle 0.5151 222 128 236 177
chair 0.9968 267 140 370 296
chair 0.9851 129 147 205 273
chair 0.1049 158 146 205 249
chair 0.0312 467 180 500 383
chair 0.0147 480 167 500 337
chair 0.0130 0 243 25 374
chair 0.0072 0 241 50 371
chair 0.0056 90 171 196 301
chair 0.0055 1 170 92 307
chair 0.0045 0 162 23 311
chair 0.0028 257 147 296 240
chair 0.0022 493 175 499 292
chair 0.0022 0 166 8 258
chair 0.0016 -1 237 138 374
chair 0.0012 265 171 370 244
chair 0.0012 0 129 62 290
chair 0.0012 -2 135 33 338
diningtable 0.9328 17 182 186 296
diningtable 0.0074 0 206 24 355
diningtable 0.0047 5 174 235 369
diningtable 0.0030 74 173 172 280
diningtable 0.0019 -1 174 56 356
person 0.0045 483 139 500 309
person 0.0019 0 88 15 273
sofa 0.1399 467 243 500 372
sofa 0.0147 454 181 500 382
tvmonitor 0.4257 438 180 476 231
