bottle 0.0027 396 122 400 147
chair 0.9955 228 132 288 219
chair 0.6740 165 243 299 299
chair 0.4968 234 186 364 294
chair 0.4006 261 113 296 179
chair 0.3988 238 115 293 197
chair 0.3087 300 98 342 149
chair 0.1150 363 93 398 148
chair 0.0587 195 227 387 298
chair 0.0453 358 108 397 178
chair 0.0380 379 122 399 233
chair 0.0199 361 128 398 203
chair 0.0174 75 234 266 297
chair 0.0111 3 232 211 299
chair 0.0076 349 119 383 190
chair 0.0071 160 242 227 299
chair 0.0045 367 103 398 133
chair 0.0032 339 108 393 203
chair 0.0032 164 149 363 299
chair 0.0028 -10 283 148 300
chair 0.0026 10 293 90 299
chair 0.0024 255 169 349 265
chair 0.0023 378 105 400 142
chair 0.0022 22 261 251 299
chair 0.0015 -2 266 106 301
chair 0.0014 364 105 385 131
chair 0.0013 375 123 401 300
chair 0.0012 352 102 382 164
chair 0.0012 117 203 291 295
chair 0.0011 129 8 159 75
chair 0.0011 199 263 334 299
chair 0.0011 36 294 141 299
chair 0.0011 52 284 208 300
diningtable 0.1015 247 219 399 298
diningtable 0.0097 168 260 407 298
diningtable 0.0077 380 149 399 273
diningtable 0.0077 364 147 399 227
diningtable 0.0041 356 133 401 312
diningtable 0.0027 290 142 401 302
person 0.0613 382 96 400 214
person 0.0351 364 78 398 144
person 0.0274 392 89 400 147
person 0.0271 377 83 399 158
person 0.0130 394 80 399 131
person 0.0090 372 68 401 220
person 0.0079 396 93 400 118
person 0.0041 391 120 400 184
person 0.0022 142 141 325 302
person 0.0014 255 92 394 308
person 0.0010 5 169 94 306
tvmonitor 0.9949 43 98 125 170
tvmonitor 0.9936 123 88 187 137
tvmonitor 0.9926 365 63 396 93
tvmonitor 0.9843 310 60 339 92
tvmonitor 0.9829 256 59 285 87
tvmonitor 0.9815 178 77 230 122
tvmonitor 0.8864 0 74 25 120
tvmonitor 0.7549 209 59 239 82
tvmonitor 0.5205 165 56 190 79
tvmonitor 0.4204 0 0 15 79
tvmonitor 0.2165 147 1 185 36
tvmonitor 0.1371 83 68 120 96
tvmonitor 0.0866 15 8 51 91
tvmonitor 0.0588 -2 189 83 301
tvmonitor 0.0512 0 66 18 87
tvmonitor 0.0445 0 172 37 300
tvmonitor 0.0394 0 -3 7 77
tvmonitor 0.0378 0 80 22 157
tvmonitor 0.0340 393 58 400 108
tvmonitor 0.0264 37 74 78 103
tvmonitor 0.0122 148 1 170 30
tvmonitor 0.0114 5 5 41 78
tvmonitor 0.0114 0 193 22 299
tvmonitor 0.0095 0 114 6 179
tvmonitor 0.0092 218 74 257 114
tvmonitor 0.0090 0 37 22 116
tvmonitor 0.0084 208 62 240 109
tvmonitor 0.0069 0 75 11 114
tvmonitor 0.0065 0 95 16 192
tvmonitor 0.0062 128 64 164 103
tvmonitor 0.0054 163 48 193 85
tvmonitor 0.0052 396 70 400 96
tvmonitor 0.0042 0 101 9 146
tvmonitor 0.0031 0 158 6 216
tvmonitor 0.0029 0 105 20 141
tvmonitor 0.0026 393 142 400 221
tvmonitor 0.0026 129 55 158 76
tvmonitor 0.0026 146 0 170 4
tvmonitor 0.0025 0 93 22 129
tvmonitor 0.0024 0 139 20 263
tvmonitor 0.0023 0 68 22 98
tvmonitor 0.0021 -14 78 31 116
tvmonitor 0.0021 0 31 6 89
tvmonitor 0.0020 392 177 400 231
tvmonitor 0.0019 343 0 403 15
tvmonitor 0.0018 0 107 28 296
tvmonitor 0.0015 396 80 399 109
tvmonitor 0.0015 127 0 172 16
tvmonitor 0.0014 154 2 192 75
tvmonitor 0.0013 112 5 148 77
tvmonitor 0.0012 0 68 10 86
tvmonitor 0.0011 159 0 187 3
tvmonitor 0.0011 125 0 174 8
