boat 0.9867 76 -14 485 280
boat 0.2386 338 208 403 233
boat 0.0355 80 203 483 272
boat 0.0346 441 83 499 247
boat 0.0182 313 207 471 236
boat 0.0092 322 194 423 233
boat 0.0072 310 208 374 234
boat 0.0068 408 203 495 249
boat 0.0063 372 0 503 259
boat 0.0048 477 77 499 223
boat 0.0040 491 193 500 259
boat 0.0036 269 205 412 236
boat 0.0031 453 192 499 254
boat 0.0019 55 152 471 281
boat 0.0017 322 205 399 223
boat 0.0017 368 127 500 246
boat 0.0015 465 49 501 253
boat 0.0015 475 132 500 253
boat 0.0012 250 168 277 180
boat 0.0012 37 -8 306 272
boat 0.0011 241 36 495 275
boat 0.0010 457 239 499 259
person 0.0021 317 213 343 237
person 0.0018 179 209 191 219
person 0.0014 309 208 356 234
person 0.0014 495 162 499 191
