bicycle 0.0012 490 129 499 210
car 0.0018 476 115 499 152
chair 0.6872 -2 101 209 377
chair 0.0443 22 168 316 375
chair 0.0180 130 213 361 375
chair 0.0155 9 282 170 377
chair 0.0152 0 269 46 353
chair 0.0040 0 223 54 370
chair 0.0023 -7 34 133 351
chair 0.0018 0 269 89 377
chair 0.0016 80 279 349 375
chair 0.0016 0 277 29 370
chair 0.0015 55 119 160 269
chair 0.0012 10 200 174 355
diningtable 0.0011 202 355 431 376
person 0.9898 151 120 341 377
person 0.9567 5 77 251 369
person 0.7481 247 76 393 371
person 0.5437 214 10 343 125
person 0.4280 63 64 427 371
person 0.0950 210 4 282 120
person 0.0218 215 8 356 239
person 0.0038 95 2 339 198
person 0.0035 477 94 499 234
person 0.0019 118 12 318 122
person 0.0018 489 157 499 239
person 0.0014 482 122 499 292
