boat 0.0011 -2 102 57 285
bottle 0.0029 491 319 500 379
bottle 0.0019 241 333 354 375
bottle 0.0017 492 352 499 375
bottle 0.0014 275 352 329 374
bus 0.0024 0 191 45 218
chair 0.0202 104 273 321 377
chair 0.0018 356 239 507 374
chair 0.0015 7 284 272 375
chair 0.0013 94 355 309 375
person 0.9981 339 134 496 375
person 0.9938 275 201 358 368
person 0.9933 119 169 314 377
person 0.0258 142 220 416 373
person 0.0211 174 221 302 370
person 0.0038 0 200 4 223
person 0.0034 209 179 307 328
person 0.0032 483 182 500 379
person 0.0031 446 113 500 362
person 0.0022 0 195 6 217
person 0.0017 493 185 499 282
person 0.0017 125 169 301 278
person 0.0013 469 137 501 394
pottedplant 0.0013 444 93 500 325
pottedplant 0.0012 480 130 499 316
