bottle 0.0044 71 239 170 332
chair 0.0092 311 216 503 330
chair 0.0069 103 256 475 332
chair 0.0038 147 203 507 336
chair 0.0014 58 291 446 333
chair 0.0013 402 189 501 334
chair 0.0011 481 211 499 336
person 0.9642 241 113 496 331
person 0.0355 23 96 483 342
person 0.0114 371 97 503 339
person 0.0101 55 246 360 333
person 0.0021 441 92 500 327
person 0.0016 41 140 311 345
person 0.0013 8 6 190 328
person 0.0013 483 166 500 331
person 0.0011 0 58 11 311
person 0.0010 101 92 185 302
tvmonitor 0.0616 44 239 225 332
tvmonitor 0.0100 27 -1 473 336
tvmonitor 0.0040 243 35 494 299
tvmonitor 0.0017 55 232 157 325
tvmonitor 0.0010 -14 245 156 332
