bicycle 0.0015 5 193 118 316
bottle 0.0029 222 99 235 112
bottle 0.0027 58 178 79 219
car 0.0056 172 67 265 116
chair 0.0758 122 96 148 142
chair 0.0124 113 81 145 164
chair 0.0123 140 90 172 129
chair 0.0078 170 85 200 120
chair 0.0056 68 209 105 268
chair 0.0036 311 65 352 99
chair 0.0029 306 278 491 373
chair 0.0023 345 333 478 375
chair 0.0022 86 55 153 197
chair 0.0019 313 45 354 112
chair 0.0016 233 92 333 205
chair 0.0013 121 98 156 167
chair 0.0012 315 353 510 374
chair 0.0010 137 93 179 145
diningtable 0.0020 167 83 273 125
motorbike 0.1171 -1 223 122 335
motorbike 0.0019 1 132 119 358
motorbike 0.0010 -1 201 66 333
person 0.9982 122 152 307 374
person 0.9946 335 232 451 368
person 0.9941 420 122 473 200
person 0.9924 358 148 406 215
person 0.9919 78 56 135 238
person 0.9914 0 60 68 244
person 0.8545 183 61 206 116
person 0.6964 271 42 318 112
person 0.3738 114 81 335 307
person 0.0116 285 41 343 114
person 0.0097 174 75 202 118
person 0.0092 259 40 339 140
person 0.0069 163 162 402 376
person 0.0069 0 67 18 234
person 0.0056 206 163 310 369
person 0.0047 243 88 343 208
person 0.0045 276 43 307 92
person 0.0040 238 160 313 315
person 0.0037 482 142 499 274
person 0.0031 173 172 274 381
person 0.0031 25 93 401 406
person 0.0026 0 153 16 321
person 0.0019 492 151 500 259
person 0.0015 181 72 213 133
person 0.0014 0 224 22 338
person 0.0014 190 63 214 115
person 0.0013 0 163 94 315
person 0.0013 0 253 8 316
person 0.0013 113 136 212 369
person 0.0012 0 98 5 239
person 0.0012 255 54 308 124
person 0.0012 0 166 7 273
person 0.0011 -4 60 37 264
person 0.0010 478 273 500 374
pottedplant 0.0019 373 0 401 10
sofa 0.0160 453 90 499 155
tvmonitor 0.0022 41 106 87 131
tvmonitor 0.0019 79 48 129 112
