bus 0.0059 195 178 215 191
bus 0.0029 196 174 236 195
car 0.9854 242 192 271 214
car 0.8361 214 182 237 201
car 0.2281 147 186 182 207
car 0.1533 196 183 214 199
car 0.0630 359 196 386 211
car 0.0536 7 183 62 195
car 0.0509 0 181 30 195
car 0.0490 0 177 8 193
car 0.0125 116 184 146 192
car 0.0110 -6 284 503 374
car 0.0083 250 190 271 207
car 0.0072 77 183 122 194
car 0.0070 1 167 496 377
car 0.0055 245 187 265 195
car 0.0053 240 183 249 197
car 0.0031 323 194 342 205
car 0.0029 205 182 225 199
car 0.0013 -1 175 10 202
car 0.0013 254 187 269 195
car 0.0013 10 329 487 375
car 0.0012 227 183 240 199
car 0.0011 190 181 225 200
cow 0.0046 -10 -8 513 211
train 0.0015 -1 8 497 372
