bird 0.0022 14 21 34 38
cat 0.3977 126 175 192 331
cat 0.0097 123 175 175 270
cat 0.0012 74 170 183 340
chair 0.1360 1 285 40 365
chair 0.0047 1 320 45 377
chair 0.0034 141 78 219 141
chair 0.0027 0 245 30 348
dog 0.0468 36 165 208 376
dog 0.0387 106 182 191 373
person 0.9988 316 106 460 377
person 0.9987 166 67 324 377
person 0.9947 14 82 180 366
person 0.0107 54 62 291 378
person 0.0036 143 52 445 386
person 0.0035 0 117 13 357
person 0.0020 -1 96 27 374
person 0.0016 0 100 55 372
person 0.0010 0 217 25 347
pottedplant 0.5963 117 114 180 184
pottedplant 0.2233 98 1 178 102
pottedplant 0.0503 9 19 57 80
pottedplant 0.0374 0 0 13 18
pottedplant 0.0333 0 0 24 36
pottedplant 0.0243 10 0 36 9
pottedplant 0.0199 2 0 21 18
pottedplant 0.0190 1 0 22 9
pottedplant 0.0182 3 0 49 48
pottedplant 0.0166 8 0 37 37
pottedplant 0.0145 3 0 42 21
pottedplant 0.0124 0 0 13 45
pottedplant 0.0107 19 44 64 76
pottedplant 0.0101 1 0 45 10
pottedplant 0.0101 102 50 182 103
pottedplant 0.0087 0 0 12 11
pottedplant 0.0060 101 16 189 170
pottedplant 0.0059 -1 -5 25 74
pottedplant 0.0049 38 40 63 69
pottedplant 0.0042 0 74 16 197
pottedplant 0.0041 13 0 33 17
pottedplant 0.0037 0 112 21 164
pottedplant 0.0036 0 4 11 29
pottedplant 0.0034 32 42 222 353
pottedplant 0.0034 1 6 66 123
pottedplant 0.0028 -4 6 68 67
pottedplant 0.0020 33 0 51 7
pottedplant 0.0019 3 6 20 26
pottedplant 0.0019 13 18 36 42
pottedplant 0.0016 0 10 9 38
pottedplant 0.0014 0 99 12 318
pottedplant 0.0011 11 9 52 39
pottedplant 0.0011 96 0 124 8
pottedplant 0.0011 8 31 77 95
pottedplant 0.0011 0 20 18 166
pottedplant 0.0010 21 0 41 16
