bus 0.9919 289 128 468 225
bus 0.9256 236 149 315 214
bus 0.7391 454 111 498 224
bus 0.0187 351 118 504 219
bus 0.0041 226 140 361 220
bus 0.0036 176 184 220 201
bus 0.0020 236 159 283 217
bus 0.0017 306 126 452 172
bus 0.0016 290 148 336 215
bus 0.0015 229 181 237 201
car 0.0246 91 189 148 202
car 0.0040 174 188 221 203
car 0.0036 218 185 231 198
car 0.0036 111 190 147 197
car 0.0025 174 190 201 201
car 0.0022 89 188 112 197
car 0.0017 104 191 136 200
car 0.0014 490 186 499 238
person 0.4014 110 202 123 226
person 0.0094 0 219 14 371
person 0.0084 0 251 9 315
person 0.0030 0 251 7 359
person 0.0022 0 122 11 353
person 0.0018 0 197 6 299
person 0.0016 491 162 500 234
person 0.0010 92 202 127 227
