bird 0.9024 26 187 74 282
bird 0.8665 47 277 119 330
bird 0.0271 18 142 83 283
bird 0.0050 -1 74 16 266
bird 0.0018 -5 285 110 331
chair 0.0230 0 2 25 86
chair 0.0056 0 13 11 82
chair 0.0012 -1 19 24 63
dog 0.9817 97 35 235 130
dog 0.9642 107 94 271 301
dog 0.9572 -1 58 139 239
dog 0.1107 279 105 322 153
dog 0.0535 3 7 134 104
dog 0.0324 0 53 20 238
dog 0.0260 0 54 43 135
dog 0.0091 0 55 49 236
dog 0.0053 0 16 28 120
dog 0.0053 233 91 322 149
dog 0.0037 90 25 248 207
dog 0.0024 14 21 121 172
dog 0.0022 3 107 99 264
dog 0.0015 0 0 52 141
person 0.0181 0 -1 14 33
person 0.0088 0 -2 24 68
person 0.0084 0 -3 11 59
person 0.0032 0 0 10 20
person 0.0011 -1 -9 33 148
person 0.0011 -1 0 10 8
person 0.0010 0 -7 57 98
sheep 0.9753 255 107 394 295
sheep 0.9597 455 134 499 229
sheep 0.1030 18 6 119 87
sheep 0.0207 0 58 25 208
sheep 0.0126 267 102 326 266
sheep 0.0030 9 0 74 17
sheep 0.0020 0 99 6 224
sheep 0.0018 0 0 24 6
sheep 0.0015 1 14 43 96
sheep 0.0015 0 -1 22 22
sheep 0.0015 0 77 9 195
sheep 0.0011 -1 0 49 19
