cow 0.9780 26 86 357 499
cow 0.5109 0 131 21 462
cow 0.0201 0 93 36 425
cow 0.0114 0 117 20 244
cow 0.0100 2 131 66 467
cow 0.0062 1 114 33 214
cow 0.0054 0 211 11 495
cow 0.0019 0 97 41 269
cow 0.0017 0 119 7 216
cow 0.0016 0 86 138 497
cow 0.0013 0 121 19 175
cow 0.0012 4 133 32 303
person 0.3523 336 132 375 462
person 0.0361 282 73 376 506
person 0.0342 177 74 373 500
person 0.0155 358 121 374 435
person 0.0079 330 71 375 331
person 0.0045 239 53 372 370
person 0.0044 358 73 375 290
person 0.0043 331 281 374 502
person 0.0029 311 188 373 519
person 0.0023 361 209 375 500
person 0.0012 368 129 375 263
person 0.0011 350 14 376 313
