bicycle 0.9897 163 160 242 249
bicycle 0.4945 215 126 251 155
bicycle 0.0016 213 125 260 170
bicycle 0.0013 220 138 247 154
bottle 0.0033 194 211 204 228
bottle 0.0014 203 187 230 198
bottle 0.0013 229 166 244 182
person 0.9994 383 147 453 297
person 0.9993 23 91 83 329
person 0.9991 122 100 168 264
person 0.9966 231 136 271 249
person 0.0349 175 146 259 246
person 0.0039 377 145 450 214
person 0.0029 474 130 501 166
person 0.0019 0 132 18 285
person 0.0018 0 164 6 259
person 0.0015 380 178 416 205
person 0.0010 407 153 452 267
pottedplant 0.0050 0 143 8 210
pottedplant 0.0027 0 119 19 239
pottedplant 0.0011 0 204 21 357
