bottle 0.0048 275 322 292 375
bottle 0.0016 252 81 263 98
chair 0.9443 270 127 320 209
chair 0.9142 198 160 250 222
chair 0.7467 438 125 497 207
chair 0.3713 0 184 21 254
chair 0.3449 401 178 430 264
chair 0.2838 369 133 391 174
chair 0.1703 449 161 499 226
chair 0.1640 24 287 226 373
chair 0.0881 352 122 371 155
chair 0.0479 185 131 257 227
chair 0.0396 287 127 337 206
chair 0.0312 315 287 490 375
chair 0.0304 288 131 330 163
chair 0.0289 36 332 212 375
chair 0.0260 280 241 453 373
chair 0.0244 4 260 124 376
chair 0.0219 315 126 361 175
chair 0.0187 362 330 503 375
chair 0.0184 452 179 499 264
chair 0.0152 -1 180 16 231
chair 0.0146 0 141 8 194
chair 0.0134 467 124 500 209
chair 0.0131 -1 330 134 376
chair 0.0127 34 353 250 375
chair 0.0115 361 132 396 193
chair 0.0097 265 123 306 187
chair 0.0095 256 325 477 377
chair 0.0075 303 367 439 375
chair 0.0065 429 326 501 375
chair 0.0050 49 308 161 374
chair 0.0050 257 352 455 375
chair 0.0049 15 353 90 374
chair 0.0048 406 262 500 377
chair 0.0046 0 138 5 171
chair 0.0043 0 188 17 312
chair 0.0042 0 120 7 176
chair 0.0041 -12 351 146 376
chair 0.0038 340 305 444 374
chair 0.0036 450 352 498 374
chair 0.0034 411 162 498 284
chair 0.0034 478 272 500 376
chair 0.0030 63 368 217 374
chair 0.0029 182 171 255 239
chair 0.0029 391 181 435 324
chair 0.0029 0 198 11 266
chair 0.0024 356 134 384 173
chair 0.0023 351 138 373 171
chair 0.0023 448 181 492 218
chair 0.0022 24 367 159 374
chair 0.0022 0 167 11 215
chair 0.0022 329 124 368 155
chair 0.0020 109 148 131 188
chair 0.0019 421 365 512 375
chair 0.0019 42 169 120 242
chair 0.0019 342 365 474 375
chair 0.0019 2 179 41 245
chair 0.0019 368 126 405 181
chair 0.0018 491 161 499 233
chair 0.0018 0 161 6 190
chair 0.0017 0 329 69 375
chair 0.0017 449 279 499 372
chair 0.0016 100 334 264 375
chair 0.0016 478 189 500 312
chair 0.0016 0 352 48 374
chair 0.0014 0 178 8 203
chair 0.0013 230 329 368 376
chair 0.0012 490 123 500 185
chair 0.0012 121 355 319 375
chair 0.0012 385 348 514 376
chair 0.0011 43 244 161 376
chair 0.0011 410 187 439 286
chair 0.0011 171 178 198 206
chair 0.0010 120 367 256 374
chair 0.0010 361 268 458 374
diningtable 0.7442 163 182 348 381
diningtable 0.1395 24 247 230 370
diningtable 0.0916 170 214 488 380
diningtable 0.0409 126 148 278 277
diningtable 0.0401 6 215 323 378
diningtable 0.0284 261 187 417 356
diningtable 0.0269 128 102 293 217
diningtable 0.0249 293 128 377 175
diningtable 0.0245 276 123 356 215
diningtable 0.0233 287 155 423 278
diningtable 0.0216 174 91 338 124
diningtable 0.0215 168 280 405 378
diningtable 0.0204 100 65 319 250
diningtable 0.0172 39 291 289 374
diningtable 0.0165 225 97 285 114
diningtable 0.0130 182 329 474 378
diningtable 0.0100 156 151 252 211
diningtable 0.0092 49 330 371 376
diningtable 0.0071 204 131 380 242
diningtable 0.0070 177 100 400 341
diningtable 0.0052 176 70 304 115
diningtable 0.0050 107 86 329 179
diningtable 0.0046 62 141 225 245
diningtable 0.0036 289 137 331 168
diningtable 0.0036 22 180 170 315
diningtable 0.0035 288 120 417 217
diningtable 0.0030 173 167 323 266
diningtable 0.0026 67 202 256 351
diningtable 0.0025 -7 111 440 383
diningtable 0.0022 -26 26 451 291
diningtable 0.0022 287 131 349 163
diningtable 0.0020 321 202 497 360
diningtable 0.0014 142 73 265 113
diningtable 0.0014 135 92 272 126
diningtable 0.0013 152 100 259 148
diningtable 0.0012 188 354 409 375
diningtable 0.0011 209 330 349 375
person 0.9964 19 174 239 370
person 0.9909 279 162 437 373
person 0.9562 214 52 255 99
person 0.9327 106 141 237 289
person 0.8855 193 110 251 194
person 0.8346 135 102 181 146
person 0.6433 294 129 381 231
person 0.4411 0 256 130 370
person 0.2945 362 219 497 372
person 0.1349 110 121 144 188
person 0.1133 205 100 259 172
person 0.0729 158 140 246 245
person 0.0669 108 120 185 185
person 0.0607 138 103 165 137
person 0.0318 291 129 338 225
person 0.0301 120 117 144 151
person 0.0263 121 104 177 167
person 0.0258 108 119 302 321
person 0.0169 307 127 362 205
person 0.0168 299 151 407 260
person 0.0131 435 207 500 380
person 0.0113 160 99 253 204
person 0.0098 157 30 201 97
person 0.0070 -61 81 404 348
person 0.0052 -1 244 69 372
person 0.0050 482 210 499 378
person 0.0041 204 32 230 59
person 0.0038 282 146 358 265
person 0.0033 87 53 273 263
person 0.0031 327 130 379 200
person 0.0030 -13 250 215 393
person 0.0028 92 162 199 335
person 0.0028 110 131 212 235
person 0.0024 124 122 140 145
person 0.0023 134 133 189 193
person 0.0021 170 173 230 245
person 0.0021 122 195 237 249
person 0.0019 296 165 342 247
person 0.0019 108 128 131 183
person 0.0018 279 87 430 290
person 0.0017 156 34 244 95
person 0.0017 0 209 17 351
person 0.0017 268 174 370 358
person 0.0016 181 124 232 204
person 0.0014 0 110 7 171
person 0.0013 121 123 179 154
person 0.0013 195 100 279 147
person 0.0013 183 102 231 172
person 0.0012 194 55 218 96
person 0.0012 179 48 224 107
person 0.0012 135 119 598 378
person 0.0011 125 164 242 368
person 0.0011 130 40 433 228
person 0.0010 160 29 191 62
