bottle 0.9896 378 187 418 313
bottle 0.9882 94 178 132 294
bottle 0.9758 117 148 147 273
bottle 0.4419 370 185 395 289
bottle 0.0121 370 174 408 248
bottle 0.0100 375 195 398 257
bottle 0.0085 391 181 421 272
bottle 0.0047 262 271 342 311
bottle 0.0041 376 172 401 208
bottle 0.0031 385 167 405 202
bottle 0.0020 371 185 393 239
bottle 0.0016 375 184 400 227
bottle 0.0014 398 183 416 239
bottle 0.0014 389 189 407 234
chair 0.0099 410 266 498 375
chair 0.0019 433 182 501 380
person 0.0022 438 97 499 349
