bottle 0.0105 184 61 211 99
chair 0.9771 292 74 420 360
chair 0.9728 187 88 373 387
chair 0.2132 3 9 191 251
chair 0.0992 444 42 501 345
chair 0.0699 209 12 443 312
chair 0.0255 380 4 498 366
chair 0.0135 3 111 180 379
chair 0.0098 413 126 499 374
chair 0.0051 116 74 462 398
chair 0.0048 51 13 287 245
chair 0.0044 482 65 500 324
chair 0.0038 96 27 193 247
chair 0.0036 160 28 341 287
chair 0.0035 257 119 411 258
chair 0.0020 429 241 501 374
chair 0.0013 467 88 501 383
diningtable 0.0206 71 3 429 372
sofa 0.0088 8 -3 488 262
sofa 0.0030 3 223 177 378
