bottle 0.1597 298 223 312 259
bottle 0.0045 302 224 314 246
bottle 0.0010 286 224 301 258
chair 0.2352 355 205 502 354
chair 0.0813 475 224 499 369
chair 0.0085 446 223 500 367
chair 0.0053 209 186 351 285
chair 0.0026 490 256 500 371
chair 0.0025 472 297 500 373
chair 0.0021 468 157 501 375
chair 0.0018 447 162 499 222
chair 0.0016 162 193 253 251
chair 0.0012 134 175 356 364
chair 0.0011 456 277 498 373
chair 0.0011 480 163 500 339
chair 0.0011 366 70 502 370
person 0.9967 179 154 253 253
person 0.9049 236 153 292 258
person 0.0261 145 159 297 266
sofa 0.1062 158 163 346 269
sofa 0.0124 142 151 355 341
tvmonitor 0.0024 293 201 348 270
tvmonitor 0.0010 4 -12 56 343
