bottle 0.0011 -1 366 28 374
bottle 0.0010 8 368 39 374
bottle 0.0010 0 363 10 374
chair 0.9554 234 113 359 216
chair 0.4839 147 110 209 137
chair 0.2321 145 109 215 220
chair 0.2209 245 107 309 192
chair 0.0234 144 107 210 158
chair 0.0132 6 76 189 347
chair 0.0075 8 138 45 217
chair 0.0056 0 92 16 238
chair 0.0037 185 113 295 222
chair 0.0026 0 141 50 364
chair 0.0025 0 106 7 202
chair 0.0024 473 92 500 127
chair 0.0019 143 137 192 224
chair 0.0016 15 140 35 199
chair 0.0014 9 161 183 265
chair 0.0014 310 70 504 248
chair 0.0014 210 79 377 238
chair 0.0012 269 106 315 171
diningtable 0.9430 139 115 303 220
diningtable 0.8889 4 202 498 383
diningtable 0.0091 145 136 260 241
diningtable 0.0055 31 115 211 247
person 0.9987 14 65 189 266
person 0.0169 475 52 499 133
person 0.0095 485 68 499 124
person 0.0037 489 44 499 106
person 0.0025 473 84 500 123
person 0.0014 480 61 499 238
person 0.0013 0 156 8 223
pottedplant 0.0013 0 39 4 68
tvmonitor 0.0727 0 186 47 372
tvmonitor 0.0023 0 204 25 379
