bottle 0.8591 117 238 134 283
bottle 0.0603 111 220 136 285
bottle 0.0010 225 108 245 143
chair 0.5342 0 323 88 375
chair 0.2545 94 136 147 257
chair 0.1245 97 133 199 276
chair 0.0237 94 142 149 191
chair 0.0205 0 134 8 204
chair 0.0151 1 137 87 255
chair 0.0085 0 330 163 376
chair 0.0071 348 107 434 277
chair 0.0063 394 109 469 220
chair 0.0052 352 194 513 387
chair 0.0049 101 162 138 279
chair 0.0046 0 304 28 378
chair 0.0032 489 98 500 153
chair 0.0027 -2 294 69 381
chair 0.0025 188 331 292 375
chair 0.0023 1 338 62 374
chair 0.0021 397 105 466 168
chair 0.0020 0 319 10 381
chair 0.0015 359 278 508 377
chair 0.0012 243 279 489 375
chair 0.0012 -13 343 82 380
chair 0.0011 143 352 299 375
chair 0.0010 1 130 46 232
chair 0.0010 0 345 12 379
chair 0.0010 0 243 20 375
diningtable 0.9861 1 233 255 375
diningtable 0.0064 25 113 240 381
person 0.9984 253 123 405 376
person 0.9867 101 95 211 265
person 0.9847 367 159 501 374
person 0.8863 331 71 421 254
person 0.8260 160 73 283 353
person 0.1953 0 124 19 293
person 0.0401 299 56 438 310
person 0.0237 1 133 55 284
person 0.0207 97 76 251 347
person 0.0154 0 140 7 270
person 0.0114 0 112 28 358
person 0.0109 328 65 479 373
person 0.0086 193 58 285 245
person 0.0064 0 72 16 231
person 0.0048 288 75 445 191
person 0.0037 0 159 16 370
person 0.0037 2 104 123 385
person 0.0029 -1 111 87 254
person 0.0026 481 97 499 260
person 0.0023 189 50 393 329
person 0.0020 0 82 6 199
person 0.0019 435 166 503 366
person 0.0019 -2 56 30 275
person 0.0019 274 76 332 143
person 0.0019 0 186 9 282
person 0.0018 0 174 55 386
person 0.0016 148 93 255 272
person 0.0016 482 174 499 358
person 0.0015 106 155 317 387
person 0.0012 479 77 499 166
person 0.0011 148 59 503 384
pottedplant 0.0029 307 0 351 69
tvmonitor 0.0104 490 88 500 109
tvmonitor 0.0010 489 56 500 107
