car 0.5831 0 5 500 239
car 0.0644 334 0 411 31
car 0.0482 104 0 190 27
car 0.0144 447 0 490 32
car 0.0096 138 0 221 27
car 0.0060 449 15 500 160
car 0.0035 115 0 178 15
car 0.0032 280 0 452 50
car 0.0031 341 0 439 43
car 0.0029 482 34 500 179
car 0.0017 432 2 502 40
car 0.0012 -6 1 63 31
car 0.0011 414 12 495 145
car 0.0010 31 0 105 30
person 0.2490 5 0 42 46
person 0.1189 471 4 500 97
person 0.0987 252 0 293 14
person 0.0944 281 0 322 15
person 0.0881 69 1 110 42
person 0.0493 396 0 431 50
person 0.0451 333 0 386 43
person 0.0353 0 2 25 61
person 0.0307 154 0 198 22
person 0.0265 415 0 452 47
person 0.0206 231 0 276 14
person 0.0205 254 0 273 13
person 0.0190 210 0 258 14
person 0.0170 0 7 9 52
person 0.0170 468 11 500 165
person 0.0159 0 8 15 112
person 0.0120 470 -1 500 48
person 0.0119 430 1 470 43
person 0.0117 291 0 388 27
person 0.0109 432 0 456 24
person 0.0096 298 0 344 15
person 0.0091 193 0 239 15
person 0.0085 0 -2 8 35
person 0.0084 257 1 307 19
person 0.0080 81 0 120 34
person 0.0077 449 0 499 119
person 0.0074 474 0 500 24
person 0.0073 252 0 275 7
person 0.0064 487 -2 499 25
person 0.0063 32 0 53 30
person 0.0061 0 -2 30 35
person 0.0055 307 0 334 20
person 0.0053 44 0 82 42
person 0.0052 251 0 277 20
person 0.0051 404 0 430 23
person 0.0049 255 0 340 24
person 0.0048 0 23 8 82
person 0.0047 241 0 287 9
person 0.0047 262 0 284 13
person 0.0041 372 0 415 46
person 0.0040 490 -1 500 15
person 0.0038 183 0 208 21
person 0.0038 30 0 68 43
person 0.0038 193 0 219 20
person 0.0036 297 0 324 20
person 0.0035 0 0 45 23
person 0.0034 291 0 312 14
person 0.0033 107 0 131 22
person 0.0032 0 0 8 13
person 0.0029 339 0 384 23
person 0.0029 492 11 500 95
person 0.0029 245 0 264 13
person 0.0028 272 0 291 13
person 0.0027 234 0 254 13
person 0.0027 173 0 218 15
person 0.0025 255 0 311 8
person 0.0025 197 0 253 7
person 0.0024 260 0 286 6
person 0.0024 490 -7 500 47
person 0.0023 216 0 271 8
person 0.0022 316 0 345 21
person 0.0022 112 0 165 20
person 0.0020 294 -1 338 27
person 0.0019 398 -1 465 66
person 0.0019 414 0 439 23
person 0.0019 434 0 458 5
person 0.0019 188 0 204 13
person 0.0019 243 0 267 6
person 0.0019 488 0 500 7
person 0.0019 39 0 64 30
person 0.0019 201 0 228 19
person 0.0019 211 0 239 5
person 0.0018 226 0 245 13
person 0.0017 0 -2 54 68
person 0.0017 46 1 126 32
person 0.0017 88 0 113 24
person 0.0017 197 0 215 14
person 0.0017 308 0 334 5
person 0.0017 492 41 500 113
person 0.0016 311 0 330 13
person 0.0016 0 1 6 21
person 0.0015 473 0 498 6
person 0.0015 205 0 224 14
person 0.0015 311 0 360 28
person 0.0015 20 0 47 31
person 0.0015 453 1 496 61
person 0.0015 303 0 320 13
person 0.0014 -6 2 63 43
person 0.0013 164 -1 190 18
person 0.0013 334 1 414 60
person 0.0013 231 0 257 6
person 0.0013 317 0 344 5
person 0.0013 46 0 75 23
person 0.0013 295 0 347 7
person 0.0013 8 0 54 15
person 0.0012 313 0 365 15
person 0.0012 186 0 207 6
person 0.0012 202 0 229 5
person 0.0012 289 0 315 6
person 0.0012 0 0 9 6
person 0.0012 270 0 294 6
person 0.0012 32 0 53 6
person 0.0012 222 1 266 19
person 0.0011 221 0 248 6
person 0.0011 215 0 235 13
person 0.0011 194 0 218 6
person 0.0010 284 0 304 13
person 0.0010 97 0 122 23
person 0.0010 0 8 5 32
person 0.0010 71 0 93 33
person 0.0010 1 0 26 5
person 0.0010 301 0 323 6
