chair 0.1150 91 162 160 208
chair 0.0942 -2 146 53 323
chair 0.0339 472 220 499 330
chair 0.0287 20 164 257 337
chair 0.0240 444 194 500 330
chair 0.0179 264 177 287 216
chair 0.0179 40 260 217 333
chair 0.0124 15 215 176 331
chair 0.0115 311 253 495 332
chair 0.0112 264 175 297 227
chair 0.0095 0 218 19 332
chair 0.0067 274 183 309 235
chair 0.0066 41 290 135 333
chair 0.0060 454 243 498 332
chair 0.0054 26 200 111 328
chair 0.0054 410 237 498 334
chair 0.0049 7 174 84 327
chair 0.0043 -7 256 141 331
chair 0.0039 -3 289 202 333
chair 0.0034 -11 144 142 337
chair 0.0033 2 248 48 328
chair 0.0032 138 252 365 336
chair 0.0030 490 247 500 334
chair 0.0027 0 250 6 332
chair 0.0024 222 198 506 333
chair 0.0019 -2 294 98 333
chair 0.0019 43 294 297 332
chair 0.0017 58 274 113 333
chair 0.0017 43 313 244 333
chair 0.0016 1 288 50 334
chair 0.0016 291 185 309 232
chair 0.0016 200 255 457 334
chair 0.0015 492 207 500 310
chair 0.0015 410 289 496 333
chair 0.0013 46 236 129 334
chair 0.0011 451 285 497 334
chair 0.0010 244 291 491 333
chair 0.0010 143 154 424 339
diningtable 0.9922 46 186 356 334
diningtable 0.0011 53 145 523 336
person 0.0016 483 97 500 274
person 0.0012 444 80 501 292
pottedplant 0.1654 -1 134 52 311
pottedplant 0.0351 446 168 501 330
pottedplant 0.0192 471 176 500 323
pottedplant 0.0060 474 101 499 168
pottedplant 0.0059 0 141 23 305
pottedplant 0.0057 490 104 500 170
pottedplant 0.0037 481 114 500 283
pottedplant 0.0016 0 275 7 331
pottedplant 0.0015 473 108 500 141
pottedplant 0.0012 492 203 500 301
