bottle 0.0013 141 1 181 110
car 0.9987 -3 50 505 322
car 0.0357 476 110 500 205
car 0.0131 487 126 499 171
car 0.0070 491 105 500 166
car 0.0050 475 133 499 175
car 0.0046 480 68 499 172
car 0.0024 492 135 499 162
car 0.0018 445 96 499 243
car 0.0013 0 234 98 329
car 0.0012 469 92 501 274
car 0.0012 458 114 497 199
car 0.0010 0 85 15 257
person 0.2312 408 25 463 144
person 0.0331 415 24 459 92
person 0.0021 381 15 453 128
person 0.0019 414 16 483 104
person 0.0012 308 0 335 4
person 0.0012 492 60 500 136
person 0.0010 479 46 499 144
