bottle 0.0095 273 272 308 314
bottle 0.0083 270 270 289 290
bottle 0.0071 271 270 299 294
bottle 0.0050 143 299 153 328
bottle 0.0028 261 271 330 323
bottle 0.0024 167 240 185 306
bottle 0.0021 232 234 241 259
bottle 0.0019 275 270 321 297
bottle 0.0011 283 270 326 312
bottle 0.0010 158 227 167 245
chair 0.9869 0 334 133 496
chair 0.0975 0 211 109 491
chair 0.0649 203 306 337 494
chair 0.0452 134 204 191 339
chair 0.0304 81 232 158 322
chair 0.0259 226 378 373 500
chair 0.0113 189 371 311 499
chair 0.0088 76 204 181 342
chair 0.0080 101 335 170 491
chair 0.0063 129 231 172 327
chair 0.0041 117 234 157 326
chair 0.0030 99 257 168 328
chair 0.0028 161 228 190 325
chair 0.0028 221 442 310 500
chair 0.0024 232 271 373 469
chair 0.0022 -1 355 76 500
chair 0.0021 0 287 14 500
chair 0.0019 214 472 375 500
chair 0.0019 194 433 361 502
chair 0.0016 6 429 131 500
chair 0.0011 237 485 302 499
chair 0.0011 197 262 281 458
chair 0.0010 -1 289 45 500
chair 0.0010 0 375 34 492
diningtable 0.0034 3 203 144 366
person 0.9986 80 180 158 329
person 0.9964 213 121 289 389
person 0.9833 0 195 156 488
person 0.9019 240 78 374 490
person 0.8994 135 189 191 322
person 0.3762 197 277 303 470
person 0.3603 136 186 189 255
person 0.0180 206 146 336 520
person 0.0146 97 184 201 326
person 0.0087 10 178 134 322
person 0.0077 301 155 375 367
person 0.0065 0 189 11 482
person 0.0062 224 263 301 413
person 0.0060 82 176 142 260
person 0.0053 0 194 69 479
person 0.0047 27 199 171 358
person 0.0037 259 234 384 501
person 0.0027 0 187 16 331
person 0.0024 168 160 182 171
person 0.0023 0 199 36 281
person 0.0023 0 166 20 502
person 0.0023 0 198 6 309
person 0.0017 35 170 115 266
person 0.0013 362 100 374 260
person 0.0011 122 296 322 500
person 0.0011 48 170 155 284
person 0.0010 326 97 377 459
person 0.0010 70 133 183 369
person 0.0010 364 122 374 434
pottedplant 0.0017 365 109 375 184
