car 0.9862 334 -2 498 160
car 0.9455 -8 -2 443 370
car 0.0091 0 15 47 110
car 0.0068 0 45 7 106
car 0.0029 0 3 90 128
car 0.0021 0 66 5 98
car 0.0020 0 26 23 131
car 0.0016 1 2 185 130
car 0.0014 476 11 499 144
car 0.0012 490 7 500 86
car 0.0012 0 25 59 159
car 0.0011 436 0 500 131
car 0.0011 75 -2 425 211
car 0.0010 451 7 501 90
person 0.1320 0 3 46 70
person 0.0058 -1 -1 59 104
person 0.0055 0 13 8 80
person 0.0045 0 15 26 111
person 0.0033 0 34 7 104
person 0.0029 65 0 110 48
person 0.0024 1 2 88 67
person 0.0022 0 -2 9 53
person 0.0018 0 -3 30 56
person 0.0011 0 44 4 77
