car 0.0525 289 85 326 120
car 0.0105 2 70 57 97
car 0.0037 1 75 25 106
car 0.0024 433 87 438 112
car 0.0016 13 77 59 103
car 0.0010 281 81 342 128
chair 0.0014 301 133 327 182
chair 0.0010 319 135 348 180
motorbike 0.9967 96 151 402 443
motorbike 0.1441 73 79 294 409
person 0.9926 71 26 285 330
person 0.4562 16 97 38 137
person 0.2161 0 88 12 137
person 0.0956 1 94 20 138
person 0.0828 52 91 74 135
person 0.0771 121 93 141 132
person 0.0434 87 91 106 133
person 0.0381 341 86 379 121
person 0.0323 53 83 88 136
person 0.0318 103 90 123 133
person 0.0231 0 96 8 139
person 0.0125 68 89 90 136
person 0.0122 28 89 45 135
person 0.0102 94 91 112 133
person 0.0090 78 91 97 134
person 0.0069 4 95 17 126
person 0.0056 36 88 56 136
person 0.0051 0 113 5 143
person 0.0050 0 85 8 168
person 0.0047 0 82 21 120
person 0.0037 14 97 28 126
person 0.0033 0 86 9 118
person 0.0029 392 95 423 121
person 0.0026 6 76 45 136
person 0.0025 45 90 64 135
person 0.0023 32 95 42 127
person 0.0022 41 105 53 136
person 0.0019 0 96 6 219
person 0.0018 320 92 343 126
person 0.0018 13 120 26 139
person 0.0018 0 118 4 156
person 0.0017 138 98 152 121
person 0.0017 56 97 69 127
person 0.0017 2 88 18 112
person 0.0017 9 32 22 56
person 0.0015 0 69 16 220
person 0.0015 4 119 20 139
person 0.0013 433 76 438 164
person 0.0011 111 91 134 134
