cow 0.9911 287 161 500 360
cow 0.9041 179 145 332 274
cow 0.2695 34 120 238 228
cow 0.0660 33 130 71 186
cow 0.0342 184 146 469 328
cow 0.0292 215 152 416 269
cow 0.0143 33 127 134 195
cow 0.0123 176 149 268 258
cow 0.0070 480 113 499 207
cow 0.0063 487 132 500 195
cow 0.0050 178 80 392 294
cow 0.0021 32 137 56 173
cow 0.0020 121 138 305 234
cow 0.0020 479 124 500 277
cow 0.0017 42 57 278 258
cow 0.0015 36 133 89 206
cow 0.0013 401 175 502 342
cow 0.0012 487 117 500 167
cow 0.0010 4 97 48 167
cow 0.0010 34 126 105 174
tvmonitor 0.0018 322 21 397 78
