bottle 0.0012 477 368 496 374
chair 0.4127 409 178 502 380
chair 0.3544 2 121 486 371
chair 0.0688 1 141 56 219
chair 0.0489 0 156 127 382
chair 0.0193 264 167 468 378
chair 0.0191 381 60 502 378
chair 0.0166 432 108 501 340
chair 0.0154 0 138 55 366
chair 0.0101 186 136 230 158
chair 0.0073 0 149 27 236
chair 0.0071 311 230 499 375
chair 0.0067 0 178 17 384
chair 0.0064 262 285 475 374
chair 0.0059 4 174 267 375
chair 0.0056 493 125 499 214
chair 0.0040 2 113 53 192
chair 0.0038 146 131 174 166
chair 0.0027 131 98 185 170
chair 0.0026 434 238 500 372
chair 0.0025 484 86 500 242
chair 0.0022 362 278 502 374
chair 0.0018 0 160 51 249
chair 0.0016 115 209 466 383
chair 0.0015 0 101 25 201
chair 0.0015 496 158 500 194
chair 0.0015 0 140 8 241
chair 0.0015 0 235 99 376
chair 0.0015 482 143 500 331
chair 0.0013 60 126 100 206
chair 0.0013 225 239 440 370
chair 0.0011 466 114 503 359
chair 0.0010 149 135 200 163
chair 0.0010 494 147 500 247
chair 0.0010 480 207 500 382
diningtable 0.1398 -13 123 447 371
diningtable 0.1023 0 119 95 213
diningtable 0.0060 0 145 65 216
diningtable 0.0042 44 120 92 209
diningtable 0.0014 2 115 92 162
diningtable 0.0010 18 116 75 192
person 0.9982 365 19 495 198
person 0.9960 237 42 291 138
person 0.2663 114 93 164 176
person 0.0234 379 25 499 352
person 0.0061 484 37 499 207
person 0.0034 492 66 499 185
person 0.0020 437 68 501 321
pottedplant 0.0017 0 104 9 147
pottedplant 0.0015 0 112 6 139
