bottle 0.0013 0 310 20 317
cat 0.0025 0 297 20 318
chair 0.3128 395 209 421 292
chair 0.2163 342 279 421 318
chair 0.0784 298 213 357 310
chair 0.0095 382 180 421 296
chair 0.0083 345 225 420 324
chair 0.0078 309 253 421 317
chair 0.0073 399 233 422 313
chair 0.0073 113 281 195 317
chair 0.0060 261 279 428 317
chair 0.0054 400 139 422 292
chair 0.0039 329 220 360 305
chair 0.0025 301 293 431 319
chair 0.0024 411 213 421 294
chair 0.0021 377 255 422 320
chair 0.0015 0 299 41 317
chair 0.0013 212 184 264 293
person 0.0015 142 62 157 112
person 0.0015 137 58 160 127
pottedplant 0.2605 293 179 309 205
pottedplant 0.0109 294 162 309 201
pottedplant 0.0034 418 137 422 162
pottedplant 0.0030 286 153 315 204
pottedplant 0.0024 415 127 422 170
pottedplant 0.0015 0 300 11 318
pottedplant 0.0014 292 177 305 197
pottedplant 0.0013 129 309 203 317
pottedplant 0.0011 0 308 10 318
pottedplant 0.0011 135 301 197 317
tvmonitor 0.9922 320 153 371 204
tvmonitor 0.0067 415 109 422 165
tvmonitor 0.0057 85 281 159 317
tvmonitor 0.0022 405 77 421 177
tvmonitor 0.0017 176 89 233 136
tvmonitor 0.0013 25 189 90 311
tvmonitor 0.0013 404 100 422 254
tvmonitor 0.0012 412 177 422 217
tvmonitor 0.0011 105 286 143 317
tvmonitor 0.0010 31 281 145 318
tvmonitor 0.0010 3 237 39 313
