bottle 0.0099 17 326 69 333
bottle 0.0013 29 326 113 333
car 0.0041 331 4 485 79
car 0.0041 444 9 501 183
car 0.0040 371 18 501 167
car 0.0013 480 21 500 169
chair 0.0073 0 209 45 290
chair 0.0013 0 153 54 293
chair 0.0010 0 187 27 290
motorbike 0.9961 112 48 375 329
motorbike 0.4363 407 49 503 244
motorbike 0.0534 431 107 501 258
motorbike 0.0105 443 19 501 200
motorbike 0.0082 200 29 455 305
motorbike 0.0042 326 29 497 303
motorbike 0.0024 379 94 500 337
motorbike 0.0018 463 31 502 261
motorbike 0.0010 481 67 500 254
person 0.9684 379 3 477 216
person 0.9192 203 0 316 85
person 0.8345 296 -4 441 228
person 0.2458 29 30 76 239
person 0.0666 44 69 75 225
person 0.0185 0 16 7 64
person 0.0137 209 12 448 266
person 0.0097 292 0 313 7
person 0.0088 452 0 499 65
person 0.0086 0 19 5 50
person 0.0072 472 1 500 85
person 0.0051 2 24 58 243
person 0.0050 493 30 499 116
person 0.0046 307 4 359 62
person 0.0032 312 0 332 9
person 0.0031 319 0 342 7
person 0.0029 300 0 321 8
person 0.0029 490 10 499 72
person 0.0028 369 0 458 64
person 0.0028 273 0 317 63
person 0.0023 293 0 382 190
person 0.0023 479 10 500 128
person 0.0022 374 -5 454 149
person 0.0019 281 0 306 5
person 0.0019 0 -3 7 48
person 0.0018 0 12 19 126
person 0.0017 495 41 500 68
person 0.0015 329 0 351 6
person 0.0015 291 0 315 19
person 0.0014 0 47 18 221
person 0.0013 429 1 478 62
person 0.0012 289 3 454 79
person 0.0011 -1 22 24 58
person 0.0011 0 3 61 136
person 0.0010 168 7 335 172
person 0.0010 294 0 315 41
