bicycle 0.1077 1 153 87 319
bicycle 0.0040 0 134 17 312
bicycle 0.0030 -3 64 121 327
bicycle 0.0020 -1 119 30 325
boat 0.0098 23 23 477 303
boat 0.0019 215 51 441 279
chair 0.6781 258 178 292 233
chair 0.5595 294 147 372 245
chair 0.0099 374 144 493 252
chair 0.0092 245 147 407 242
chair 0.0063 258 177 288 202
motorbike 0.0050 0 84 62 312
motorbike 0.0014 -1 193 67 326
person 0.0027 0 119 16 301
person 0.0017 -1 49 30 294
person 0.0016 0 71 18 247
person 0.0015 0 76 60 295
pottedplant 0.0239 1 293 98 330
pottedplant 0.0032 1 -12 192 241
pottedplant 0.0016 -1 3 56 263
pottedplant 0.0014 137 116 186 176
pottedplant 0.0011 2 290 51 332
pottedplant 0.0010 275 321 347 332
