boat 0.9749 58 10 457 267
boat 0.0057 47 36 294 249
boat 0.0024 471 89 499 107
boat 0.0017 273 175 296 202
bus 0.0022 470 91 500 104
person 0.7945 71 184 87 219
person 0.5913 177 181 189 210
person 0.5783 339 179 357 211
person 0.4448 97 187 111 215
person 0.3774 303 193 317 218
person 0.2479 215 186 230 220
person 0.1883 309 194 328 217
person 0.0791 291 175 306 206
person 0.0138 191 194 207 210
person 0.0102 296 186 311 217
person 0.0031 300 196 312 218
person 0.0030 386 188 408 214
person 0.0028 193 188 216 215
person 0.0025 215 189 224 214
person 0.0022 340 182 349 207
person 0.0021 216 186 228 206
person 0.0020 79 184 100 218
person 0.0020 346 186 365 213
person 0.0012 294 194 332 218
person 0.0011 175 180 186 200
person 0.0010 198 209 213 221
