chair 0.0035 493 189 500 292
chair 0.0024 485 116 499 330
chair 0.0018 95 120 261 356
dog 0.9670 256 133 315 246
dog 0.9277 205 176 264 269
dog 0.0177 113 118 240 300
dog 0.0075 256 109 337 338
dog 0.0015 157 172 248 308
dog 0.0011 210 156 262 237
person 0.9986 115 73 236 321
person 0.9669 261 75 373 373
person 0.0026 154 69 344 362
person 0.0017 485 69 499 319
person 0.0013 471 49 500 335
person 0.0012 187 113 259 281
person 0.0010 265 85 367 247
pottedplant 0.0086 308 0 350 93
pottedplant 0.0025 305 2 359 147
pottedplant 0.0019 0 247 20 372
pottedplant 0.0014 488 250 500 303
pottedplant 0.0010 101 0 176 9
