cat 0.0064 474 226 500 255
cat 0.0014 488 227 499 253
chair 0.9658 74 212 174 373
chair 0.9100 388 219 470 376
chair 0.2383 480 243 499 377
chair 0.1014 249 267 401 377
chair 0.0230 492 253 500 373
chair 0.0050 446 223 501 369
chair 0.0049 490 302 500 381
chair 0.0046 491 228 500 325
chair 0.0037 456 270 497 376
chair 0.0018 403 260 496 376
chair 0.0014 341 239 455 376
chair 0.0012 243 324 411 376
diningtable 0.7086 245 226 492 374
diningtable 0.0010 355 217 513 378
person 0.9993 85 143 249 369
person 0.0051 478 220 500 315
person 0.0021 491 222 500 317
person 0.0014 11 109 83 392
sofa 0.5507 246 227 410 375
sofa 0.0037 275 210 508 363
