bus 0.0059 206 142 220 162
car 0.0573 216 149 221 166
car 0.0380 209 148 220 163
car 0.0304 217 151 220 183
car 0.0074 201 147 220 167
car 0.0062 216 140 220 162
car 0.0049 176 151 194 168
car 0.0045 210 149 220 183
car 0.0043 218 160 220 192
car 0.0027 199 152 211 163
car 0.0026 214 139 221 177
car 0.0022 204 151 217 163
car 0.0021 217 141 220 211
car 0.0018 196 151 207 162
car 0.0011 200 153 220 178
car 0.0010 217 155 221 254
person 0.9978 47 251 109 391
person 0.9774 0 201 63 398
person 0.7075 150 153 182 237
person 0.0506 0 239 12 397
person 0.0253 16 224 102 379
person 0.0193 0 182 11 335
person 0.0172 0 195 23 400
person 0.0060 0 221 4 325
person 0.0053 0 259 3 404
person 0.0031 0 97 8 307
person 0.0028 0 274 10 472
person 0.0015 153 163 166 232
person 0.0015 1 280 19 424
person 0.0015 0 198 19 317
person 0.0013 0 144 14 374
person 0.0012 0 270 12 311
person 0.0011 0 259 24 489
