bottle 0.0118 241 217 315 315
bottle 0.0022 482 238 499 381
chair 0.0017 85 138 343 348
chair 0.0011 334 122 455 299
dog 0.0040 483 189 499 375
person 0.9986 104 64 324 320
person 0.1868 248 11 385 311
person 0.1230 257 12 349 172
person 0.0200 266 41 360 254
person 0.0063 148 92 164 118
person 0.0058 320 123 397 296
person 0.0043 160 -4 352 268
person 0.0030 250 95 347 322
person 0.0022 263 -6 361 113
person 0.0020 485 125 499 351
person 0.0019 322 0 487 321
person 0.0012 0 39 12 291
person 0.0011 231 43 331 226
person 0.0011 211 71 312 316
person 0.0011 61 14 441 308
person 0.0010 470 104 501 369
pottedplant 0.0011 409 22 498 279
