bottle 0.0043 137 150 373 336
bottle 0.0035 -10 110 360 335
bottle 0.0022 0 65 8 106
bottle 0.0011 164 161 347 272
diningtable 0.0017 63 295 439 333
dog 0.9660 295 115 498 332
dog 0.2447 198 37 513 333
dog 0.0257 165 114 413 330
dog 0.0036 24 94 471 343
dog 0.0012 358 165 501 316
dog 0.0011 484 125 500 323
person 0.9944 211 0 502 333
person 0.9226 -4 0 349 331
person 0.1384 2 3 182 286
person 0.0086 0 6 23 105
person 0.0049 1 -2 47 94
person 0.0026 0 60 13 285
person 0.0021 470 52 501 317
person 0.0017 0 19 17 145
person 0.0015 484 75 500 296
person 0.0012 371 9 506 327
person 0.0012 0 29 7 105
person 0.0011 -1 43 27 300
person 0.0010 0 44 58 301
