chair 0.8206 196 168 241 208
chair 0.7633 229 189 283 247
chair 0.0918 241 169 292 195
chair 0.0685 118 154 156 197
chair 0.0081 348 172 427 277
chair 0.0057 132 161 202 214
chair 0.0044 0 186 17 336
chair 0.0035 254 294 344 331
chair 0.0034 0 260 6 333
chair 0.0030 155 298 326 332
chair 0.0028 239 168 307 224
chair 0.0024 146 151 188 199
chair 0.0024 278 182 324 233
chair 0.0014 70 219 145 327
chair 0.0014 147 178 208 232
chair 0.0013 0 261 19 336
chair 0.0012 168 157 190 183
person 0.9878 151 165 203 227
person 0.0086 253 168 307 194
pottedplant 0.0013 108 106 188 159
sofa 0.3252 236 168 308 201
sofa 0.0345 224 170 306 222
sofa 0.0252 191 169 293 203
sofa 0.0074 308 256 498 332
sofa 0.0037 66 295 358 332
sofa 0.0025 85 199 161 324
sofa 0.0024 396 247 501 332
sofa 0.0024 161 166 243 210
sofa 0.0017 108 312 334 332
tvmonitor 0.1193 121 157 151 194
tvmonitor 0.0677 378 141 404 167
tvmonitor 0.0251 176 145 193 158
tvmonitor 0.0012 0 161 8 226
tvmonitor 0.0011 170 148 189 161
tvmonitor 0.0011 491 252 500 314
