bottle 0.0114 113 102 127 138
bottle 0.0097 318 203 337 249
chair 0.9965 86 167 235 370
chair 0.8708 377 149 480 270
chair 0.0084 0 118 15 270
chair 0.0048 399 162 496 315
chair 0.0040 0 154 7 256
chair 0.0030 439 167 499 365
chair 0.0024 391 145 476 214
chair 0.0021 101 191 227 252
chair 0.0019 372 197 412 308
chair 0.0018 0 115 5 238
chair 0.0017 372 185 463 313
chair 0.0015 0 199 10 268
chair 0.0013 411 216 495 372
chair 0.0012 0 243 55 372
chair 0.0011 410 327 497 375
chair 0.0010 444 303 497 374
diningtable 0.0214 59 167 354 368
pottedplant 0.0019 0 164 17 307
sofa 0.9634 103 148 347 242
sofa 0.1889 66 158 423 339
sofa 0.0041 90 154 262 267
