bus 0.6724 374 37 477 168
bus 0.0176 492 86 500 150
bus 0.0116 474 100 495 150
bus 0.0099 460 47 487 158
bus 0.0076 480 44 498 160
bus 0.0063 495 105 500 132
bus 0.0041 441 43 472 162
bus 0.0031 468 98 485 151
bus 0.0020 460 97 474 153
bus 0.0014 444 36 495 164
bus 0.0012 494 45 499 152
bus 0.0010 373 86 478 144
car 0.3112 488 120 500 157
car 0.0833 475 123 498 153
car 0.0298 492 119 499 146
car 0.0271 493 114 499 136
car 0.0236 491 130 499 159
car 0.0106 490 97 500 155
car 0.0054 472 121 486 155
car 0.0011 477 134 494 154
car 0.0011 474 127 484 150
car 0.0010 477 123 494 143
chair 0.0274 147 128 166 162
chair 0.0165 143 125 159 166
chair 0.0105 233 152 261 216
chair 0.0070 157 132 176 159
chair 0.0057 166 132 189 159
chair 0.0050 232 162 262 256
chair 0.0017 176 130 195 160
chair 0.0011 234 160 281 290
chair 0.0010 135 113 163 171
person 0.9964 336 92 378 200
person 0.9816 408 97 451 213
person 0.2084 314 118 330 168
person 0.0268 156 76 196 161
person 0.0251 301 117 318 164
person 0.0034 397 97 438 190
person 0.0012 320 115 335 173
