aeroplane 0.9939 35 223 471 368
aeroplane 0.2845 228 198 495 369
aeroplane 0.0218 232 292 501 371
aeroplane 0.0180 48 224 289 334
aeroplane 0.0075 432 300 499 346
aeroplane 0.0051 369 292 497 369
aeroplane 0.0023 406 287 498 340
aeroplane 0.0021 295 249 503 362
aeroplane 0.0016 472 303 500 339
aeroplane 0.0011 476 330 498 341
aeroplane 0.0011 436 244 499 346
bird 0.0029 489 115 499 165
bird 0.0021 493 79 499 158
bird 0.0018 495 110 499 140
car 0.7769 21 335 47 346
car 0.3123 61 335 88 346
car 0.0264 0 324 15 335
car 0.0100 0 326 21 339
car 0.0015 53 330 88 345
car 0.0013 490 327 499 343
