bird 0.0013 310 264 332 307
bird 0.0011 330 269 346 314
bird 0.0010 220 369 249 375
boat 0.0910 321 68 336 110
boat 0.0025 0 45 8 105
boat 0.0023 0 61 5 89
boat 0.0020 0 8 14 178
dog 0.0025 0 160 5 264
dog 0.0018 314 157 351 178
person 0.9985 87 122 137 245
person 0.9958 414 106 444 173
person 0.9950 321 115 350 178
person 0.9853 346 113 374 178
person 0.8888 159 124 171 157
person 0.4183 143 126 156 159
person 0.1320 56 137 67 162
person 0.1129 130 126 145 159
person 0.0397 0 99 13 232
person 0.0388 0 126 6 226
person 0.0286 386 104 410 173
person 0.0222 51 136 60 161
person 0.0176 113 117 131 162
person 0.0060 301 262 332 331
person 0.0047 325 239 331 256
person 0.0045 49 135 62 168
person 0.0037 0 151 5 259
person 0.0033 118 122 137 167
person 0.0030 493 107 499 188
person 0.0026 322 240 355 326
person 0.0021 413 110 431 171
person 0.0018 318 116 333 166
person 0.0018 295 211 379 350
person 0.0016 0 81 5 200
person 0.0015 452 193 477 231
person 0.0015 154 127 165 154
person 0.0014 102 116 136 185
person 0.0013 451 191 497 286
person 0.0012 338 239 369 326
person 0.0012 0 148 3 188
person 0.0011 0 171 3 209
person 0.0011 403 114 435 176
person 0.0010 342 119 364 174
person 0.0010 347 218 369 251
person 0.0010 496 146 499 177
