boat 0.0486 85 139 115 149
boat 0.0044 84 126 116 147
car 0.9981 397 174 499 272
car 0.9912 319 153 441 197
car 0.9877 219 195 495 333
car 0.1401 0 259 89 333
car 0.1378 52 161 149 215
car 0.0806 59 158 207 236
car 0.0539 82 166 166 248
car 0.0445 401 173 502 224
car 0.0154 72 141 265 303
car 0.0129 451 162 498 211
car 0.0126 0 141 3 171
car 0.0083 385 126 509 310
car 0.0079 444 176 488 202
car 0.0071 -4 217 127 335
car 0.0067 327 149 485 217
car 0.0061 428 150 503 253
car 0.0061 495 156 500 181
car 0.0060 0 199 17 326
car 0.0045 471 159 499 235
car 0.0037 102 161 295 262
car 0.0023 453 172 496 195
car 0.0023 314 188 499 298
car 0.0023 50 163 91 212
car 0.0020 0 235 13 296
car 0.0017 0 131 4 157
car 0.0016 379 168 496 199
car 0.0012 145 128 229 273
car 0.0011 495 143 500 171
car 0.0010 36 97 468 344
car 0.0010 495 168 500 195
motorbike 0.2217 0 246 90 331
motorbike 0.0079 0 222 19 329
motorbike 0.0049 0 263 53 335
motorbike 0.0029 1 248 171 334
motorbike 0.0023 -1 165 93 337
motorbike 0.0017 0 261 24 337
person 0.9988 161 124 236 328
person 0.0240 0 138 5 200
person 0.0216 0 149 3 175
person 0.0093 0 130 5 245
person 0.0089 0 123 12 272
person 0.0041 349 152 373 171
person 0.0026 0 156 3 193
person 0.0025 0 175 15 325
person 0.0020 357 153 378 169
person 0.0020 493 143 499 195
person 0.0019 495 162 500 188
person 0.0018 0 119 5 182
person 0.0013 144 190 158 200
person 0.0013 490 160 500 215
person 0.0010 0 164 5 277
