car 0.0014 0 119 29 178
chair 0.5962 279 223 311 257
chair 0.0283 253 232 292 261
chair 0.0090 168 231 209 264
chair 0.0031 237 241 254 257
chair 0.0025 260 222 310 249
chair 0.0016 249 227 278 259
chair 0.0016 148 222 166 262
chair 0.0010 270 225 299 259
person 0.9996 42 188 82 292
pottedplant 0.9305 118 179 168 266
pottedplant 0.8446 317 226 338 256
pottedplant 0.0238 224 196 264 251
pottedplant 0.0055 0 231 8 279
pottedplant 0.0039 0 239 6 271
pottedplant 0.0035 316 226 358 258
pottedplant 0.0026 121 228 155 266
pottedplant 0.0026 0 200 6 267
pottedplant 0.0021 235 224 257 257
pottedplant 0.0018 319 229 339 278
pottedplant 0.0016 0 225 4 257
pottedplant 0.0011 0 126 31 166
pottedplant 0.0010 315 206 350 270
