boat 0.3436 0 231 23 279
boat 0.0995 0 187 45 205
boat 0.0330 6 196 204 224
boat 0.0157 0 141 46 216
boat 0.0079 -1 177 48 238
boat 0.0055 461 175 493 186
boat 0.0050 464 169 499 187
boat 0.0043 34 158 462 213
boat 0.0029 354 175 461 188
boat 0.0025 0 201 24 238
boat 0.0025 0 237 12 285
boat 0.0020 0 191 10 248
boat 0.0018 1 191 27 202
boat 0.0018 0 185 28 261
boat 0.0017 0 188 7 207
boat 0.0017 -2 126 52 262
boat 0.0016 0 252 7 275
boat 0.0016 0 243 11 268
boat 0.0016 -1 191 46 215
boat 0.0015 0 172 46 198
boat 0.0013 493 173 499 191
boat 0.0011 0 211 14 272
boat 0.0011 343 166 486 192
boat 0.0011 0 257 6 281
boat 0.0010 0 52 58 245
cow 0.8908 251 264 370 347
