bottle 0.9993 68 192 116 312
bottle 0.9987 317 22 370 142
bottle 0.9987 167 200 212 318
bottle 0.9984 317 184 365 317
bottle 0.9981 173 17 217 142
bottle 0.9979 122 10 171 138
bottle 0.9976 69 10 119 138
bottle 0.9972 212 197 263 318
bottle 0.9970 121 188 161 315
bottle 0.9965 367 192 415 313
bottle 0.9964 270 185 311 311
bottle 0.9961 19 7 70 140
bottle 0.9959 427 20 474 145
bottle 0.9945 18 192 68 314
bottle 0.9943 221 17 268 142
bottle 0.9934 277 21 320 143
bottle 0.9932 420 196 468 319
bottle 0.9930 374 20 427 143
bottle 0.6181 407 172 453 247
bottle 0.5643 366 170 408 226
bottle 0.5475 0 0 18 167
bottle 0.2773 311 6 356 55
bottle 0.2113 465 4 485 160
bottle 0.2050 0 177 16 323
bottle 0.1558 275 12 319 76
bottle 0.1447 110 0 129 45
bottle 0.1424 32 182 76 238
bottle 0.1296 208 0 229 146
bottle 0.1258 360 6 395 80
bottle 0.1060 363 183 393 320
bottle 0.1013 374 175 400 215
bottle 0.0856 481 131 500 341
bottle 0.0825 475 4 498 161
bottle 0.0782 407 7 451 56
bottle 0.0684 174 -1 221 66
bottle 0.0555 318 174 360 247
bottle 0.0485 136 0 161 8
bottle 0.0452 218 180 265 240
bottle 0.0418 452 0 490 64
bottle 0.0403 13 9 49 157
bottle 0.0377 77 0 105 8
bottle 0.0359 119 0 172 62
bottle 0.0292 0 106 13 291
bottle 0.0285 105 -1 139 61
bottle 0.0227 176 0 218 18
bottle 0.0225 124 0 152 8
bottle 0.0215 28 0 74 17
bottle 0.0208 248 0 308 63
bottle 0.0200 86 0 115 7
bottle 0.0196 401 182 437 261
bottle 0.0191 65 184 115 260
bottle 0.0188 56 0 106 9
bottle 0.0180 93 0 146 9
bottle 0.0167 98 0 140 19
bottle 0.0153 80 181 121 241
bottle 0.0150 268 179 315 241
bottle 0.0148 78 0 127 58
bottle 0.0143 357 162 400 214
bottle 0.0136 149 0 177 147
bottle 0.0124 473 80 501 316
bottle 0.0124 274 121 334 223
bottle 0.0123 435 0 478 17
bottle 0.0121 0 47 15 219
bottle 0.0118 94 0 126 6
bottle 0.0111 336 173 371 248
bottle 0.0108 142 0 174 7
bottle 0.0106 399 172 438 229
bottle 0.0105 104 0 136 7
bottle 0.0104 445 9 490 152
bottle 0.0102 382 0 434 9
bottle 0.0100 0 150 7 265
bottle 0.0098 406 185 429 317
bottle 0.0098 369 11 417 77
bottle 0.0096 266 259 321 320
bottle 0.0096 60 0 102 18
bottle 0.0091 1 242 21 333
bottle 0.0090 114 0 139 32
bottle 0.0084 425 177 468 244
bottle 0.0081 32 0 90 9
bottle 0.0078 118 0 160 17
bottle 0.0074 187 0 222 6
bottle 0.0072 17 0 50 6
bottle 0.0070 167 191 211 257
bottle 0.0069 306 19 330 151
bottle 0.0069 326 11 375 78
bottle 0.0068 19 0 74 63
bottle 0.0067 17 90 75 204
bottle 0.0060 404 0 432 6
bottle 0.0060 439 -1 491 9
bottle 0.0059 16 0 70 8
bottle 0.0058 0 2 7 92
bottle 0.0058 485 68 499 278
bottle 0.0055 361 167 376 223
bottle 0.0054 51 184 77 291
bottle 0.0053 309 0 353 20
bottle 0.0053 366 11 395 131
bottle 0.0052 368 184 412 257
bottle 0.0051 212 1 268 65
bottle 0.0051 299 9 339 77
bottle 0.0049 76 0 101 29
bottle 0.0048 194 0 257 7
bottle 0.0047 391 0 424 6
bottle 0.0046 0 13 6 145
bottle 0.0042 69 0 111 43
bottle 0.0041 298 2 370 44
bottle 0.0041 387 0 430 16
bottle 0.0039 473 -3 500 69
bottle 0.0038 289 0 333 19
bottle 0.0036 421 -1 474 10
bottle 0.0036 169 -1 183 58
bottle 0.0036 464 3 486 54
bottle 0.0034 369 92 424 150
bottle 0.0033 408 4 491 57
bottle 0.0033 386 12 436 75
bottle 0.0032 0 0 28 6
bottle 0.0032 201 0 242 67
bottle 0.0032 0 188 6 317
bottle 0.0030 -2 126 24 319
bottle 0.0030 354 0 385 7
bottle 0.0030 12 181 50 297
bottle 0.0029 0 -9 19 76
bottle 0.0029 117 191 164 256
bottle 0.0029 341 176 360 225
bottle 0.0028 343 0 394 9
bottle 0.0028 154 223 222 301
bottle 0.0027 3 72 60 270
bottle 0.0027 53 287 77 321
bottle 0.0026 11 325 35 332
bottle 0.0026 318 0 343 8
bottle 0.0026 337 155 378 216
bottle 0.0026 215 0 254 6
bottle 0.0025 206 44 278 121
bottle 0.0025 174 -1 199 19
bottle 0.0025 1 301 26 332
bottle 0.0024 126 0 149 15
bottle 0.0024 1 325 26 332
bottle 0.0024 449 75 492 293
bottle 0.0023 124 0 151 30
bottle 0.0023 77 0 124 19
bottle 0.0022 0 240 6 342
bottle 0.0022 14 290 31 332
bottle 0.0022 328 0 353 8
bottle 0.0022 405 170 430 208
bottle 0.0022 330 177 354 223
bottle 0.0021 109 212 174 289
bottle 0.0021 356 212 426 290
bottle 0.0021 345 -1 392 19
bottle 0.0021 83 0 160 41
bottle 0.0021 139 0 196 8
bottle 0.0021 409 177 426 226
bottle 0.0021 42 0 80 7
bottle 0.0020 262 3 331 88
bottle 0.0020 17 269 74 331
bottle 0.0020 183 0 246 16
bottle 0.0020 1 314 47 332
bottle 0.0020 16 139 82 261
bottle 0.0019 342 178 411 240
bottle 0.0019 306 0 334 8
bottle 0.0019 167 -1 188 20
bottle 0.0019 263 45 332 122
bottle 0.0019 165 0 191 7
bottle 0.0018 -2 37 27 279
bottle 0.0018 123 159 169 233
bottle 0.0018 467 326 485 332
bottle 0.0018 16 314 72 332
bottle 0.0018 415 44 485 121
bottle 0.0017 135 0 179 17
bottle 0.0017 384 181 408 220
bottle 0.0017 173 0 201 7
bottle 0.0017 0 56 5 180
bottle 0.0017 358 10 431 56
bottle 0.0017 228 181 258 222
bottle 0.0016 319 12 339 68
bottle 0.0015 0 91 6 208
bottle 0.0015 20 0 105 39
bottle 0.0015 117 0 141 16
bottle 0.0015 399 171 418 218
bottle 0.0015 412 0 442 8
bottle 0.0015 378 189 443 314
bottle 0.0015 361 -1 417 9
bottle 0.0014 493 154 499 298
bottle 0.0014 168 0 205 82
bottle 0.0014 0 314 9 332
bottle 0.0014 100 0 124 32
bottle 0.0013 238 5 281 78
bottle 0.0013 0 299 11 334
bottle 0.0013 493 24 499 160
bottle 0.0013 71 2 93 41
bottle 0.0012 0 -8 8 52
bottle 0.0012 9 0 59 16
bottle 0.0012 16 151 48 248
bottle 0.0012 422 14 451 155
bottle 0.0012 422 174 449 216
bottle 0.0011 367 187 386 251
bottle 0.0011 428 0 506 43
bottle 0.0011 118 4 138 52
bottle 0.0011 0 324 10 333
bottle 0.0011 4 324 83 332
bottle 0.0011 254 1 309 28
bottle 0.0011 305 0 354 10
bottle 0.0011 154 196 178 307
bottle 0.0010 362 45 436 119
bottle 0.0010 473 326 497 332
bottle 0.0010 373 175 451 224
bottle 0.0010 414 178 442 224
bottle 0.0010 480 242 501 332
bottle 0.0010 124 143 209 247
bottle 0.0010 400 0 453 9
bottle 0.0010 494 214 499 341
bottle 0.0010 -1 0 10 7
bottle 0.0010 140 2 179 81
person 0.0090 242 0 307 18
person 0.0056 237 0 318 42
person 0.0028 209 0 280 8
person 0.0015 274 0 330 19
person 0.0010 247 0 316 10
