chair 0.9696 1 5 65 102
chair 0.0066 0 23 4 122
chair 0.0035 0 -1 10 107
chair 0.0026 80 0 127 7
chair 0.0025 115 0 134 4
chair 0.0018 96 0 142 7
chair 0.0014 0 -3 8 200
chair 0.0014 51 30 182 319
chair 0.0013 85 0 103 4
chair 0.0012 93 0 114 4
chair 0.0011 -3 0 48 7
chair 0.0010 126 0 142 5
pottedplant 0.6358 60 120 194 329
pottedplant 0.5772 234 85 265 209
pottedplant 0.0413 45 93 262 361
pottedplant 0.0383 250 75 265 191
pottedplant 0.0101 254 28 265 173
pottedplant 0.0079 258 84 265 152
pottedplant 0.0078 230 103 265 276
pottedplant 0.0044 0 -5 4 60
pottedplant 0.0041 240 60 264 174
pottedplant 0.0039 253 87 265 135
pottedplant 0.0032 246 10 266 220
pottedplant 0.0027 0 14 4 84
pottedplant 0.0026 0 -4 11 80
pottedplant 0.0025 259 59 265 132
pottedplant 0.0022 0 0 14 5
pottedplant 0.0021 67 199 191 311
pottedplant 0.0019 221 10 263 223
pottedplant 0.0015 261 100 265 212
pottedplant 0.0015 0 0 5 8
pottedplant 0.0014 251 120 265 227
pottedplant 0.0014 0 26 3 58
pottedplant 0.0011 220 0 263 24
pottedplant 0.0011 200 74 265 391
