person 0.0129 485 195 500 232
person 0.0073 487 198 499 256
person 0.0060 489 191 499 211
person 0.0048 490 202 499 226
person 0.0042 491 190 498 202
person 0.0035 0 117 5 221
person 0.0032 479 204 498 236
person 0.0032 482 184 499 265
person 0.0026 491 196 499 218
person 0.0015 0 177 5 289
train 0.9997 89 14 481 323
train 0.3162 0 6 125 321
train 0.0323 474 117 500 229
train 0.0124 0 75 11 324
train 0.0033 0 39 26 305
train 0.0031 0 129 4 235
train 0.0025 477 75 500 195
train 0.0023 472 140 498 172
train 0.0017 488 164 499 212
train 0.0012 448 112 500 261
train 0.0012 0 30 13 239
train 0.0012 481 159 499 263
