bottle 0.0051 491 301 499 369
bottle 0.0021 482 294 501 380
bottle 0.0020 0 352 8 375
bottle 0.0018 475 366 497 374
bottle 0.0017 0 336 10 376
bottle 0.0014 142 161 215 292
person 0.2674 144 6 362 138
person 0.0096 187 3 297 125
person 0.0036 489 157 499 179
person 0.0015 487 153 499 196
tvmonitor 0.8358 110 4 397 180
tvmonitor 0.0357 22 -19 481 215
tvmonitor 0.0234 431 119 500 326
tvmonitor 0.0080 -1 0 68 20
tvmonitor 0.0064 133 0 363 102
tvmonitor 0.0049 27 0 92 20
tvmonitor 0.0042 0 275 22 373
tvmonitor 0.0039 382 13 500 358
tvmonitor 0.0035 -4 -3 291 156
tvmonitor 0.0029 -9 -1 138 21
tvmonitor 0.0029 0 65 16 294
tvmonitor 0.0020 -3 -1 97 40
tvmonitor 0.0013 189 7 445 130
tvmonitor 0.0011 -1 -2 129 92
tvmonitor 0.0010 -1 59 29 326
