cat 0.0654 175 145 220 191
cat 0.0651 175 140 233 226
cat 0.0447 171 110 271 243
cat 0.0167 175 145 206 170
cat 0.0011 174 143 239 301
chair 0.6960 125 211 320 449
chair 0.4742 -1 264 110 468
chair 0.0250 359 334 374 493
chair 0.0138 126 243 256 414
chair 0.0138 354 402 374 498
chair 0.0056 15 331 110 412
chair 0.0041 330 246 376 466
chair 0.0032 337 252 375 347
chair 0.0030 361 245 375 464
chair 0.0027 365 413 375 499
chair 0.0022 338 426 374 502
chair 0.0021 367 341 375 495
chair 0.0019 369 236 375 350
chair 0.0017 216 256 328 398
chair 0.0016 356 246 374 386
chair 0.0014 36 319 114 467
chair 0.0013 306 411 374 497
person 0.9828 140 109 297 447
person 0.0152 178 124 270 357
person 0.0026 82 85 358 471
