chair 0.9923 166 236 288 441
chair 0.0037 26 369 151 498
person 0.0121 363 207 374 428
person 0.0096 365 239 375 308
person 0.0093 364 220 375 286
person 0.0053 367 250 375 334
person 0.0029 366 247 374 279
person 0.0027 362 132 374 348
person 0.0019 333 227 375 484
person 0.0016 367 174 374 296
person 0.0010 353 206 375 501
sofa 0.4204 -3 317 135 496
sofa 0.0109 0 306 75 483
sofa 0.0073 1 301 91 380
sofa 0.0027 0 280 128 394
tvmonitor 0.9945 208 230 269 285
tvmonitor 0.9720 155 229 213 284
tvmonitor 0.0016 368 343 375 472
tvmonitor 0.0014 146 231 265 281
tvmonitor 0.0012 362 296 374 490
tvmonitor 0.0012 332 290 375 498
