bird 0.9639 113 75 202 134
bird 0.0361 157 75 204 130
bird 0.0143 114 83 162 115
bird 0.0098 173 74 201 108
bird 0.0016 120 79 193 107
bird 0.0011 156 101 197 133
person 0.9987 79 146 171 496
person 0.9946 213 229 235 300
person 0.9944 253 228 282 300
person 0.9937 42 216 69 302
person 0.9772 161 225 195 331
person 0.9679 0 216 20 332
person 0.9539 20 245 44 322
person 0.9421 232 229 254 301
person 0.8679 316 199 334 431
person 0.0199 36 222 50 289
person 0.0118 318 141 333 345
person 0.0084 28 233 54 315
person 0.0076 35 222 50 254
person 0.0072 0 210 4 339
person 0.0047 321 288 334 457
person 0.0047 328 239 334 423
person 0.0029 298 241 308 262
person 0.0028 0 198 17 295
person 0.0027 301 162 332 404
person 0.0024 116 134 179 344
person 0.0016 275 198 331 439
person 0.0016 74 158 173 332
person 0.0014 0 214 20 255
person 0.0013 307 200 331 355
person 0.0013 313 46 335 397
person 0.0012 0 219 5 249
person 0.0011 16 237 66 312
person 0.0010 136 202 188 355
person 0.0010 292 241 304 261
