car 0.0085 412 180 497 244
chair 0.0101 0 245 19 375
chair 0.0087 -2 328 96 375
chair 0.0059 0 302 49 376
chair 0.0054 0 307 9 378
chair 0.0027 0 339 27 374
chair 0.0020 90 355 312 376
chair 0.0020 106 368 228 375
chair 0.0020 0 336 11 376
chair 0.0020 -9 352 140 376
chair 0.0019 35 333 137 375
chair 0.0016 1 281 130 372
chair 0.0015 0 353 9 375
chair 0.0015 65 354 135 374
chair 0.0012 -7 366 93 375
chair 0.0012 0 364 10 375
chair 0.0012 2 256 43 367
chair 0.0011 59 366 180 374
chair 0.0010 -1 352 48 374
person 0.9974 242 40 416 377
person 0.0595 101 269 119 309
person 0.0426 121 267 138 303
person 0.0163 112 267 129 304
person 0.0103 124 271 136 296
person 0.0101 85 273 95 286
person 0.0069 134 274 143 294
person 0.0066 115 273 125 296
person 0.0034 104 271 116 298
person 0.0029 96 270 110 310
person 0.0029 98 272 107 295
person 0.0016 130 268 146 300
person 0.0014 0 183 16 381
person 0.0013 103 268 117 288
person 0.0011 472 183 498 260
pottedplant 0.0047 0 267 8 374
pottedplant 0.0012 0 157 15 377
tvmonitor 0.9960 56 243 168 347
tvmonitor 0.0378 410 184 498 256
tvmonitor 0.0044 380 167 503 273
tvmonitor 0.0025 412 264 495 330
tvmonitor 0.0025 33 226 185 381
tvmonitor 0.0023 491 179 499 245
tvmonitor 0.0012 448 180 499 246
