aeroplane 0.9917 0 43 500 385
aeroplane 0.0012 478 198 499 334
aeroplane 0.0010 472 24 499 104
bus 0.0161 353 0 478 44
car 0.0173 488 0 500 6
car 0.0078 474 0 500 5
car 0.0012 491 0 500 20
chair 0.0036 270 0 293 5
person 0.0013 325 0 337 18
person 0.0010 322 0 339 9
pottedplant 0.2941 202 25 231 66
pottedplant 0.1334 287 14 314 51
pottedplant 0.0036 243 0 266 4
pottedplant 0.0034 252 0 273 5
pottedplant 0.0025 210 23 235 58
pottedplant 0.0023 173 24 235 70
pottedplant 0.0021 264 0 283 5
pottedplant 0.0019 292 14 312 35
pottedplant 0.0019 294 13 312 24
pottedplant 0.0013 197 25 223 57
pottedplant 0.0011 288 22 301 41
pottedplant 0.0010 206 28 224 52
