bottle 0.2853 165 234 184 288
bottle 0.2032 166 236 190 323
bottle 0.0137 165 245 194 369
bottle 0.0030 158 225 184 310
bottle 0.0020 0 337 23 375
bottle 0.0016 0 317 12 367
bottle 0.0015 184 297 203 330
chair 0.0052 0 302 48 373
chair 0.0021 0 329 93 375
chair 0.0015 0 315 25 386
person 0.9997 53 121 196 374
person 0.9990 161 7 443 375
person 0.9372 430 79 500 363
person 0.0301 -2 145 52 360
person 0.0226 0 125 16 351
person 0.0223 0 255 44 366
person 0.0170 300 99 378 152
person 0.0166 0 209 27 354
person 0.0094 -1 76 27 367
person 0.0091 486 77 500 369
person 0.0071 468 79 501 363
person 0.0031 329 59 492 375
person 0.0017 0 336 14 377
person 0.0016 0 304 11 366
person 0.0013 4 6 82 355
person 0.0012 0 187 5 325
person 0.0011 1 200 44 333
