bottle 0.0020 419 310 438 359
bottle 0.0017 439 242 499 371
bottle 0.0016 357 331 508 375
bottle 0.0011 480 212 500 377
chair 0.1356 226 47 497 367
chair 0.0309 0 200 51 273
chair 0.0062 5 164 267 376
chair 0.0039 0 193 53 366
chair 0.0022 -1 121 55 296
chair 0.0015 0 164 26 252
chair 0.0013 0 185 32 223
chair 0.0013 0 195 26 307
chair 0.0011 0 224 22 365
diningtable 0.0180 26 333 475 375
diningtable 0.0085 23 293 478 376
diningtable 0.0031 321 353 542 376
diningtable 0.0023 1 215 501 378
diningtable 0.0021 169 355 426 375
person 0.9978 184 1 497 375
person 0.9273 9 85 266 383
person 0.0104 0 159 503 381
person 0.0057 441 182 499 379
person 0.0027 468 76 502 368
person 0.0022 442 29 500 357
person 0.0018 484 104 500 342
person 0.0013 380 4 502 375
