bottle 0.0684 459 368 490 375
bottle 0.0213 450 367 501 374
bottle 0.0031 489 366 500 375
bottle 0.0023 453 354 499 375
bottle 0.0019 450 301 499 376
bottle 0.0018 491 353 500 375
bottle 0.0011 490 331 500 381
chair 0.0124 0 251 29 370
chair 0.0027 -2 245 56 373
person 0.9111 9 6 490 373
person 0.1964 202 7 358 175
person 0.0446 375 139 397 171
person 0.0278 -1 176 58 359
person 0.0241 0 181 22 352
person 0.0207 -8 110 127 387
person 0.0181 4 119 85 328
person 0.0060 482 146 499 268
person 0.0045 481 74 499 228
person 0.0032 -2 125 33 350
person 0.0031 2 214 86 377
person 0.0026 0 193 7 303
person 0.0026 0 107 19 254
person 0.0024 0 282 189 375
person 0.0017 0 93 58 269
person 0.0017 415 227 493 365
person 0.0011 0 173 256 381
person 0.0010 484 168 500 335
person 0.0010 52 6 375 181
pottedplant 0.3624 429 112 468 186
pottedplant 0.1051 417 102 458 180
pottedplant 0.0692 435 191 463 235
pottedplant 0.0167 481 139 499 249
pottedplant 0.0141 -1 114 61 304
pottedplant 0.0137 437 154 474 186
pottedplant 0.0117 488 143 500 223
pottedplant 0.0064 444 128 469 182
pottedplant 0.0059 455 151 473 187
pottedplant 0.0047 0 137 22 278
pottedplant 0.0044 0 156 6 254
pottedplant 0.0041 401 85 469 192
pottedplant 0.0040 492 161 499 249
pottedplant 0.0039 453 187 493 253
pottedplant 0.0028 5 140 44 247
pottedplant 0.0022 436 79 501 221
pottedplant 0.0022 447 108 489 190
pottedplant 0.0021 475 147 499 190
pottedplant 0.0020 461 199 486 241
pottedplant 0.0017 374 134 398 166
pottedplant 0.0016 454 149 496 240
pottedplant 0.0016 434 154 472 240
pottedplant 0.0013 490 116 500 193
pottedplant 0.0011 470 36 502 264
pottedplant 0.0010 433 109 456 169
sofa 0.0044 0 301 29 374
