aeroplane 0.9440 58 171 283 249
aeroplane 0.9432 161 194 505 342
aeroplane 0.7960 350 150 479 187
aeroplane 0.4668 403 145 501 194
aeroplane 0.1877 139 173 178 193
aeroplane 0.1673 -9 164 220 258
aeroplane 0.1612 153 173 221 196
aeroplane 0.0605 125 172 245 212
aeroplane 0.0558 443 150 496 198
aeroplane 0.0405 353 154 426 183
aeroplane 0.0225 242 173 288 216
aeroplane 0.0185 221 132 503 314
aeroplane 0.0148 246 164 277 173
aeroplane 0.0135 261 174 288 208
aeroplane 0.0115 149 173 290 218
aeroplane 0.0111 140 173 333 247
aeroplane 0.0083 362 142 503 215
aeroplane 0.0077 0 175 26 244
aeroplane 0.0042 29 148 300 279
aeroplane 0.0040 0 195 197 275
aeroplane 0.0038 242 155 286 173
aeroplane 0.0038 219 248 502 350
aeroplane 0.0038 104 167 225 201
aeroplane 0.0036 187 168 287 245
aeroplane 0.0035 13 213 113 261
aeroplane 0.0034 78 256 417 345
aeroplane 0.0034 152 177 177 192
aeroplane 0.0030 0 139 26 221
aeroplane 0.0025 468 139 500 195
aeroplane 0.0025 114 172 168 195
aeroplane 0.0025 60 290 437 375
aeroplane 0.0023 151 184 180 193
aeroplane 0.0023 -2 172 100 275
aeroplane 0.0022 447 121 497 190
aeroplane 0.0019 -4 137 142 248
aeroplane 0.0016 399 168 474 184
aeroplane 0.0016 146 181 188 195
aeroplane 0.0015 474 170 499 195
aeroplane 0.0015 298 192 496 307
aeroplane 0.0015 1 183 44 262
aeroplane 0.0014 491 172 499 196
aeroplane 0.0014 1 146 47 214
aeroplane 0.0014 438 169 496 195
aeroplane 0.0013 486 154 499 199
aeroplane 0.0010 11 163 494 383
car 0.5146 3 270 40 294
car 0.0050 18 267 43 291
car 0.0042 0 273 9 295
car 0.0025 23 247 39 264
car 0.0020 11 271 37 287
car 0.0013 1 275 25 292
car 0.0013 0 260 12 296
train 0.0300 12 271 249 376
train 0.0046 0 180 22 229
train 0.0014 0 186 26 287
train 0.0013 1 211 102 263
train 0.0011 1 197 44 276
