bicycle 0.9927 172 41 408 340
bicycle 0.9915 -1 25 186 306
bicycle 0.1946 286 41 427 339
bicycle 0.1419 9 261 195 329
bicycle 0.0978 37 13 207 220
bicycle 0.0166 -1 70 186 206
bicycle 0.0098 242 134 405 332
bicycle 0.0098 0 54 31 291
bicycle 0.0085 0 20 95 273
bicycle 0.0066 164 24 342 261
bicycle 0.0066 336 15 420 250
bicycle 0.0048 0 96 19 300
bicycle 0.0045 5 12 170 163
bicycle 0.0025 249 165 351 312
bicycle 0.0017 0 113 49 305
bicycle 0.0016 337 99 412 297
bicycle 0.0016 6 204 247 327
bicycle 0.0013 0 219 23 330
bicycle 0.0011 66 2 140 89
car 0.7567 97 0 229 34
car 0.1198 199 0 250 20
car 0.0412 52 0 161 36
car 0.0218 235 1 253 15
car 0.0218 219 0 267 16
car 0.0151 199 0 251 10
car 0.0129 355 0 384 4
car 0.0115 -2 0 211 40
car 0.0114 32 -1 220 25
car 0.0076 224 1 248 15
car 0.0052 134 0 203 31
car 0.0050 6 0 179 71
car 0.0049 235 0 292 17
car 0.0048 209 0 242 7
car 0.0046 175 0 259 30
car 0.0046 243 1 262 15
car 0.0042 228 0 300 9
car 0.0030 233 0 256 9
car 0.0028 202 0 231 5
car 0.0028 220 0 249 8
car 0.0025 329 0 391 7
car 0.0024 209 0 240 26
car 0.0021 241 0 267 8
car 0.0019 171 0 243 8
car 0.0015 66 -7 341 34
car 0.0012 188 -1 292 20
car 0.0012 249 0 278 6
car 0.0011 249 0 335 8
car 0.0010 212 1 239 15
car 0.0010 191 0 222 5
motorbike 0.0028 92 0 144 31
person 0.9583 242 -3 424 228
person 0.7593 2 0 131 230
person 0.0599 1 -7 93 150
person 0.0218 0 -16 61 257
person 0.0034 -1 -18 29 235
person 0.0033 0 5 19 185
person 0.0028 0 66 7 158
person 0.0027 0 5 25 106
