bottle 0.9763 289 217 322 322
bottle 0.9744 252 113 274 187
bottle 0.3807 160 306 201 376
bottle 0.2657 295 -1 313 27
bottle 0.0681 313 0 334 26
bottle 0.0174 255 0 266 11
bottle 0.0126 255 109 274 145
bottle 0.0073 311 0 334 9
bottle 0.0049 278 222 327 362
bottle 0.0048 321 0 339 21
bottle 0.0046 319 0 341 9
bottle 0.0040 273 0 292 7
bottle 0.0039 93 290 128 355
bottle 0.0026 331 0 351 32
bottle 0.0025 293 0 312 9
bottle 0.0016 251 0 264 16
bottle 0.0015 330 0 354 9
bottle 0.0013 280 0 303 7
bottle 0.0010 354 126 372 166
bottle 0.0010 294 0 330 25
bottle 0.0010 147 36 172 72
chair 0.1103 341 47 409 145
chair 0.0054 154 81 212 136
chair 0.0015 406 118 500 356
diningtable 0.6933 18 114 479 377
diningtable 0.0037 90 93 423 294
diningtable 0.0034 12 220 406 377
diningtable 0.0027 242 111 491 382
diningtable 0.0018 171 140 409 231
diningtable 0.0018 22 288 324 377
person 0.9996 203 12 310 151
person 0.9983 1 45 185 347
person 0.9939 368 49 500 332
person 0.0142 31 45 214 221
person 0.0064 -18 58 374 378
person 0.0054 441 54 500 361
person 0.0030 470 33 501 354
person 0.0022 484 78 499 340
person 0.0020 0 34 27 351
person 0.0020 0 4 18 182
person 0.0019 0 63 13 324
person 0.0014 0 81 58 365
person 0.0011 333 0 412 132
person 0.0010 147 80 211 199
tvmonitor 0.0059 22 0 86 25
tvmonitor 0.0020 1 0 96 39
tvmonitor 0.0011 268 -4 358 103
tvmonitor 0.0011 0 -1 9 64
