aeroplane 0.9983 194 110 439 192
aeroplane 0.7369 0 146 93 198
aeroplane 0.0253 -1 130 184 200
aeroplane 0.0156 1 96 89 199
aeroplane 0.0058 0 131 56 195
aeroplane 0.0051 48 131 286 195
aeroplane 0.0031 89 155 199 196
aeroplane 0.0029 411 153 498 195
aeroplane 0.0027 8 65 258 212
aeroplane 0.0023 67 103 355 190
aeroplane 0.0023 0 155 10 209
aeroplane 0.0019 0 152 23 215
aeroplane 0.0017 19 152 147 196
aeroplane 0.0017 450 172 499 195
aeroplane 0.0017 0 142 7 198
aeroplane 0.0016 425 169 486 194
aeroplane 0.0014 3 170 80 194
aeroplane 0.0011 -2 142 129 223
aeroplane 0.0010 445 127 498 194
person 0.0062 123 329 154 332
person 0.0020 101 326 177 332
person 0.0011 0 323 11 333
