chair 0.0973 -3 245 164 339
chair 0.0434 427 214 449 341
chair 0.0376 397 214 450 336
chair 0.0304 288 252 450 336
chair 0.0051 0 242 20 340
chair 0.0038 18 255 279 340
chair 0.0035 9 300 146 338
chair 0.0032 0 225 87 338
chair 0.0031 1 248 43 336
chair 0.0017 9 318 180 338
chair 0.0017 405 271 449 338
chair 0.0014 86 320 276 339
chair 0.0012 -1 295 87 339
chair 0.0011 209 294 455 337
diningtable 0.0025 75 263 450 339
diningtable 0.0011 132 298 459 337
person 0.0011 0 151 14 328
pottedplant 0.9933 319 165 431 293
pottedplant 0.9573 241 74 362 305
pottedplant 0.8431 133 31 254 313
pottedplant 0.7426 5 3 219 286
pottedplant 0.1278 155 189 234 296
pottedplant 0.1083 322 210 450 332
pottedplant 0.0211 398 169 450 339
pottedplant 0.0193 0 16 121 313
pottedplant 0.0152 429 175 450 333
pottedplant 0.0071 172 77 258 272
pottedplant 0.0069 432 139 449 288
pottedplant 0.0064 166 6 359 294
pottedplant 0.0055 442 173 450 249
pottedplant 0.0054 232 81 309 270
pottedplant 0.0040 328 68 447 324
pottedplant 0.0033 423 59 450 314
pottedplant 0.0032 0 192 16 339
pottedplant 0.0032 302 74 374 194
pottedplant 0.0024 26 15 347 321
pottedplant 0.0022 6 143 153 245
pottedplant 0.0021 2 111 161 339
pottedplant 0.0020 0 9 55 287
pottedplant 0.0020 318 236 430 295
pottedplant 0.0018 335 109 373 186
pottedplant 0.0018 299 99 374 277
pottedplant 0.0015 77 100 244 335
pottedplant 0.0014 446 196 450 225
pottedplant 0.0013 131 150 251 294
pottedplant 0.0011 319 194 428 259
pottedplant 0.0011 361 154 451 278
pottedplant 0.0011 0 156 50 351
tvmonitor 0.0012 60 319 140 337
