bus 0.0598 349 1 511 40
bus 0.0039 75 0 368 87
bus 0.0030 172 1 221 33
bus 0.0024 114 0 212 38
bus 0.0021 153 0 252 38
bus 0.0021 484 0 499 35
bus 0.0019 0 0 190 47
bus 0.0014 136 0 177 35
bus 0.0013 309 3 444 40
bus 0.0012 472 0 500 25
bus 0.0011 366 2 450 21
bus 0.0010 318 -3 470 27
bus 0.0010 194 5 221 31
car 0.9850 33 32 470 342
car 0.9131 430 35 499 95
car 0.8434 468 32 499 126
car 0.5498 184 -1 380 103
car 0.0436 439 20 492 43
car 0.0403 474 11 498 37
car 0.0315 470 14 499 90
car 0.0269 432 12 502 59
car 0.0143 450 14 497 36
car 0.0134 393 0 508 41
car 0.0131 471 26 498 52
car 0.0115 490 13 499 35
car 0.0100 0 11 13 54
car 0.0086 0 14 25 48
car 0.0080 372 6 442 29
car 0.0075 435 16 482 37
car 0.0054 472 31 497 74
car 0.0052 447 -1 498 46
car 0.0052 485 7 499 42
car 0.0048 493 19 500 45
car 0.0044 355 9 404 26
car 0.0041 0 26 10 54
car 0.0040 432 26 484 49
car 0.0038 370 12 492 57
car 0.0037 61 20 377 112
car 0.0037 489 17 499 62
car 0.0035 438 35 494 57
car 0.0031 0 19 9 45
car 0.0031 465 19 500 45
car 0.0031 466 4 499 32
car 0.0030 431 -14 502 91
car 0.0029 495 33 500 59
car 0.0028 493 39 499 140
car 0.0027 319 -2 498 86
car 0.0024 372 15 505 118
car 0.0022 387 29 479 97
car 0.0022 2 23 22 40
car 0.0022 349 14 442 65
car 0.0020 490 21 500 99
car 0.0019 366 11 391 24
car 0.0019 33 16 54 61
car 0.0018 433 19 457 46
car 0.0016 434 0 499 23
car 0.0016 450 49 521 111
car 0.0015 0 11 44 40
car 0.0011 5 7 89 64
car 0.0010 349 17 369 32
car 0.0010 4 28 20 50
car 0.0010 0 13 8 37
person 0.8704 399 9 435 115
person 0.6864 0 32 11 73
person 0.6614 376 15 406 87
person 0.3659 25 12 40 67
person 0.0924 365 15 395 85
person 0.0412 360 18 379 45
person 0.0326 20 16 33 64
person 0.0313 374 15 391 64
person 0.0245 0 45 9 74
person 0.0183 385 13 407 67
person 0.0177 54 15 67 66
person 0.0171 10 8 44 65
person 0.0169 409 9 445 96
person 0.0156 358 21 379 70
person 0.0141 378 13 398 67
person 0.0083 63 26 79 65
person 0.0079 0 26 20 65
person 0.0049 24 9 67 65
person 0.0037 27 15 39 37
person 0.0034 24 11 42 42
person 0.0032 394 11 436 66
person 0.0032 263 0 320 17
person 0.0027 380 3 447 107
person 0.0027 431 21 449 54
person 0.0025 22 24 30 53
person 0.0013 267 0 338 11
person 0.0012 19 16 32 35
person 0.0012 491 0 499 22
person 0.0012 230 0 318 10
person 0.0011 376 18 388 44
person 0.0010 51 8 67 41
person 0.0010 356 19 436 81
