bottle 0.0016 0 242 7 326
chair 0.0047 19 188 64 286
chair 0.0038 11 183 77 322
chair 0.0028 236 112 275 150
chair 0.0014 43 104 90 170
chair 0.0010 30 112 70 187
diningtable 0.6588 111 171 486 372
diningtable 0.0051 41 291 377 376
diningtable 0.0026 61 334 438 375
diningtable 0.0026 159 294 489 375
diningtable 0.0022 160 177 418 252
diningtable 0.0011 161 147 342 228
diningtable 0.0010 69 94 353 341
person 0.9959 306 60 398 215
person 0.9902 50 66 216 322
person 0.9900 188 97 245 176
person 0.9806 240 88 326 186
person 0.8682 439 43 501 315
person 0.7591 373 74 462 234
person 0.0385 5 284 182 373
person 0.0241 382 51 496 273
person 0.0185 466 66 500 349
person 0.0179 229 73 368 200
person 0.0109 484 100 500 345
person 0.0072 4 113 188 379
person 0.0066 67 79 186 251
person 0.0063 137 152 189 232
person 0.0054 0 274 22 373
person 0.0051 4 59 355 366
person 0.0047 0 7 15 179
person 0.0040 0 176 21 298
person 0.0039 0 211 19 350
person 0.0039 235 103 284 168
person 0.0038 -1 272 92 376
person 0.0036 395 68 466 182
person 0.0036 0 126 16 265
person 0.0034 126 138 206 252
person 0.0033 191 98 278 151
person 0.0032 0 71 5 167
person 0.0029 410 113 500 358
person 0.0027 1 278 48 371
person 0.0024 0 180 62 353
person 0.0020 322 58 493 373
person 0.0019 82 99 94 110
person 0.0019 -5 225 267 376
person 0.0019 72 102 95 137
person 0.0015 245 12 277 113
person 0.0014 444 143 499 385
person 0.0014 494 166 499 301
person 0.0012 62 96 106 175
person 0.0011 151 142 207 219
person 0.0011 0 99 6 196
person 0.0011 286 106 392 242
person 0.0010 208 102 263 171
person 0.0010 0 223 7 302
person 0.0010 0 165 11 232
person 0.0010 55 110 154 333
tvmonitor 0.0081 0 151 18 266
tvmonitor 0.0061 28 67 74 117
tvmonitor 0.0033 0 187 22 238
tvmonitor 0.0021 34 80 65 111
tvmonitor 0.0019 0 174 13 237
