bottle 0.9960 10 194 86 394
bottle 0.9658 254 0 291 98
bottle 0.2615 102 15 131 117
bottle 0.0719 221 23 246 114
bottle 0.0115 250 0 269 9
bottle 0.0114 2 88 107 424
bottle 0.0101 58 215 91 296
bottle 0.0064 0 145 16 295
bottle 0.0036 237 0 293 65
bottle 0.0034 105 16 127 72
bottle 0.0023 251 1 322 91
bottle 0.0020 248 0 283 12
bottle 0.0019 81 0 116 27
bottle 0.0018 285 0 309 6
bottle 0.0017 0 154 40 397
bottle 0.0016 0 167 4 264
bottle 0.0015 233 0 272 11
bottle 0.0014 255 -1 288 47
bottle 0.0014 103 55 134 140
bottle 0.0013 258 0 285 8
bottle 0.0012 240 0 265 7
bottle 0.0011 327 63 332 194
bottle 0.0011 0 181 19 214
bottle 0.0010 9 247 86 343
bottle 0.0010 42 202 93 387
chair 0.0066 106 0 239 31
chair 0.0040 69 -4 267 57
chair 0.0026 49 0 283 104
chair 0.0017 92 0 203 50
chair 0.0014 7 4 167 118
diningtable 0.8792 2 74 332 490
diningtable 0.0026 271 0 332 89
person 0.0321 0 3 20 166
person 0.0100 0 -11 32 222
person 0.0041 296 -1 333 93
person 0.0040 279 0 329 11
person 0.0034 98 16 334 493
person 0.0033 99 -3 284 57
person 0.0027 279 0 328 26
person 0.0027 325 -6 332 54
person 0.0026 244 -4 333 122
person 0.0022 299 0 332 45
person 0.0020 108 2 322 105
person 0.0016 318 -10 333 141
person 0.0016 0 36 15 247
person 0.0016 4 0 126 124
person 0.0013 250 33 333 472
person 0.0012 292 -3 333 177
person 0.0012 0 0 6 122
person 0.0012 327 -10 332 95
tvmonitor 0.0067 313 0 333 11
tvmonitor 0.0052 290 0 332 59
tvmonitor 0.0034 299 0 334 27
tvmonitor 0.0034 298 0 335 13
tvmonitor 0.0033 323 0 333 12
tvmonitor 0.0018 326 -1 333 28
