chair 0.4580 288 0 352 26
chair 0.1453 223 0 285 26
chair 0.0456 18 87 412 387
chair 0.0286 234 0 368 24
chair 0.0261 247 1 295 28
chair 0.0110 209 0 263 24
chair 0.0102 366 0 429 23
chair 0.0102 326 0 372 23
chair 0.0088 195 0 238 21
chair 0.0064 345 0 396 21
chair 0.0061 229 2 260 28
chair 0.0030 362 0 500 89
chair 0.0021 261 2 324 28
chair 0.0020 223 0 285 9
chair 0.0020 146 0 206 25
chair 0.0019 267 0 295 24
chair 0.0018 277 0 346 10
chair 0.0018 480 49 500 194
chair 0.0016 158 1 285 32
chair 0.0015 324 6 502 138
chair 0.0014 348 0 371 8
chair 0.0014 482 93 500 266
chair 0.0013 -2 48 126 382
chair 0.0013 492 54 500 169
chair 0.0011 248 0 279 5
chair 0.0011 335 0 363 7
chair 0.0010 312 2 363 28
chair 0.0010 228 0 260 6
chair 0.0010 352 0 440 41
diningtable 0.0019 309 119 499 382
sofa 0.9637 1 4 496 377
sofa 0.0026 67 28 505 228
sofa 0.0010 246 14 492 185
