bottle 0.0406 332 473 367 500
bottle 0.0101 317 484 370 500
bottle 0.0072 353 468 373 501
bottle 0.0069 348 474 366 497
bottle 0.0044 345 487 368 500
bottle 0.0026 353 488 373 499
bottle 0.0024 340 460 373 496
bottle 0.0024 368 470 375 500
bottle 0.0013 367 487 375 500
bottle 0.0012 365 459 374 508
chair 0.8307 21 239 73 328
chair 0.0276 1 244 35 320
chair 0.0095 354 370 375 492
chair 0.0065 0 254 22 314
chair 0.0052 300 353 376 504
chair 0.0051 186 373 254 424
chair 0.0032 338 399 374 501
chair 0.0025 44 243 75 322
chair 0.0023 361 313 375 475
chair 0.0022 0 243 6 324
chair 0.0021 300 442 375 500
chair 0.0019 0 204 5 303
chair 0.0013 369 325 375 471
chair 0.0012 0 335 17 491
chair 0.0010 0 406 37 498
diningtable 0.3493 7 240 71 326
diningtable 0.0070 59 395 363 498
diningtable 0.0048 0 251 35 331
diningtable 0.0023 230 381 373 500
person 0.9978 87 155 239 449
person 0.0303 38 234 274 506
person 0.0042 0 192 5 296
person 0.0031 -1 147 205 498
person 0.0010 362 288 375 464
pottedplant 0.2609 303 279 374 348
pottedplant 0.0132 315 281 368 325
pottedplant 0.0109 304 276 374 437
sofa 0.1447 -1 312 250 499
sofa 0.0820 1 386 372 498
