bottle 0.0013 63 487 86 500
chair 0.0031 0 229 15 400
chair 0.0016 0 262 6 360
chair 0.0011 0 281 18 341
person 0.2140 166 50 334 515
person 0.0863 4 186 64 329
person 0.0455 86 235 124 322
person 0.0338 0 173 15 347
person 0.0065 0 223 7 323
person 0.0041 0 181 6 269
person 0.0029 0 254 13 495
person 0.0027 52 486 98 500
person 0.0023 0 109 12 293
person 0.0021 20 168 54 241
person 0.0020 0 407 37 499
person 0.0020 2 215 36 334
person 0.0018 5 57 312 519
person 0.0018 89 238 121 290
person 0.0016 0 130 6 243
person 0.0015 0 397 18 506
person 0.0015 0 392 6 503
person 0.0013 0 445 8 504
person 0.0012 0 123 49 325
person 0.0011 6 489 72 500
person 0.0011 0 238 18 306
person 0.0010 -1 441 69 500
person 0.0010 -2 144 23 373
