chair 0.7293 1 256 130 330
chair 0.0734 211 177 350 248
chair 0.0514 111 189 373 328
chair 0.0145 7 220 161 324
chair 0.0119 281 174 354 242
chair 0.0118 8 257 248 332
chair 0.0101 0 209 52 266
chair 0.0099 0 254 55 324
chair 0.0093 294 168 362 193
chair 0.0090 53 192 159 309
chair 0.0065 452 208 499 287
chair 0.0058 0 210 62 314
chair 0.0053 254 199 337 322
chair 0.0048 429 155 466 214
chair 0.0045 414 195 495 303
chair 0.0040 475 190 498 281
chair 0.0031 493 171 500 230
chair 0.0026 69 250 341 331
chair 0.0024 0 216 9 275
chair 0.0024 491 189 500 276
chair 0.0017 0 204 26 270
chair 0.0016 436 213 499 332
chair 0.0016 350 175 368 213
chair 0.0013 0 232 24 316
chair 0.0013 319 210 496 328
chair 0.0012 496 179 500 208
chair 0.0012 354 165 468 283
chair 0.0011 442 166 498 283
chair 0.0010 0 245 7 322
chair 0.0010 4 292 338 332
pottedplant 0.0010 327 15 482 262
sofa 0.9847 36 182 334 317
sofa 0.0344 147 178 362 248
sofa 0.0057 18 252 330 331
