chair 0.9878 106 187 167 265
chair 0.9821 1 211 69 315
chair 0.1163 102 170 151 249
chair 0.0953 0 188 18 289
chair 0.0632 147 164 192 203
chair 0.0583 2 199 55 281
chair 0.0438 0 186 9 281
chair 0.0315 148 163 204 224
chair 0.0218 0 196 12 213
chair 0.0152 29 189 72 258
chair 0.0101 -1 212 22 317
chair 0.0059 0 191 12 233
chair 0.0056 183 173 210 242
chair 0.0052 0 211 6 329
chair 0.0050 0 243 19 377
chair 0.0035 0 280 48 371
chair 0.0023 0 198 10 224
chair 0.0015 0 257 6 370
chair 0.0015 161 165 207 201
chair 0.0013 97 166 186 219
chair 0.0010 86 164 131 252
chair 0.0010 0 240 89 379
diningtable 0.3900 33 188 109 258
diningtable 0.0645 0 213 79 297
diningtable 0.0153 0 191 124 295
diningtable 0.0040 46 188 162 258
pottedplant 0.9334 266 150 359 327
pottedplant 0.4893 231 225 274 313
pottedplant 0.4080 96 163 147 220
pottedplant 0.3372 220 160 290 315
pottedplant 0.1580 0 169 13 211
pottedplant 0.1072 17 146 49 210
pottedplant 0.0834 276 -11 445 334
pottedplant 0.0259 0 134 17 223
pottedplant 0.0218 0 146 10 207
pottedplant 0.0208 0 176 10 205
pottedplant 0.0154 0 186 11 210
pottedplant 0.0067 239 174 317 324
pottedplant 0.0065 0 91 7 173
pottedplant 0.0064 287 17 388 282
pottedplant 0.0059 0 77 13 226
pottedplant 0.0056 211 198 240 309
pottedplant 0.0033 66 337 223 374
pottedplant 0.0028 5 179 16 202
pottedplant 0.0028 0 117 4 147
pottedplant 0.0026 4 190 17 207
pottedplant 0.0026 262 180 298 297
pottedplant 0.0024 378 -15 499 338
pottedplant 0.0024 1 178 20 215
pottedplant 0.0023 221 179 263 302
pottedplant 0.0018 28 297 310 374
pottedplant 0.0018 23 352 226 375
pottedplant 0.0016 201 -13 388 335
pottedplant 0.0016 323 213 358 317
pottedplant 0.0015 266 252 286 289
pottedplant 0.0012 333 236 355 289
pottedplant 0.0012 255 222 297 313
pottedplant 0.0011 292 200 369 325
pottedplant 0.0010 90 151 157 244
pottedplant 0.0010 422 38 482 321
tvmonitor 0.0081 38 89 86 155
tvmonitor 0.0010 40 95 83 125
