bottle 0.2774 93 114 128 215
bottle 0.0100 326 168 380 306
bottle 0.0048 90 0 111 15
bottle 0.0026 86 1 101 15
bottle 0.0022 99 0 117 16
bottle 0.0011 104 105 176 220
bottle 0.0010 171 0 201 7
chair 0.0057 24 7 478 369
chair 0.0049 369 114 500 379
chair 0.0018 310 13 494 367
chair 0.0018 486 77 500 310
diningtable 0.0025 2 163 498 383
person 0.1385 93 0 235 91
person 0.0077 192 0 246 63
person 0.0047 106 0 217 48
person 0.0037 85 0 169 95
person 0.0019 211 118 264 189
person 0.0018 13 -1 194 91
person 0.0016 484 34 499 267
person 0.0011 471 12 501 287
pottedplant 0.0065 163 316 185 342
