bird 0.0082 493 264 500 288
bird 0.0015 492 256 500 298
boat 0.9969 178 -2 472 303
boat 0.3309 4 50 87 313
boat 0.1581 18 245 67 277
boat 0.0894 56 259 80 280
boat 0.0298 168 -7 333 285
boat 0.0296 0 204 22 302
boat 0.0268 7 272 164 377
boat 0.0161 0 -15 52 317
boat 0.0156 0 259 30 295
boat 0.0140 63 255 78 273
boat 0.0128 0 88 130 394
boat 0.0099 0 230 68 282
boat 0.0089 0 130 16 316
boat 0.0082 61 238 78 275
boat 0.0078 492 221 500 289
boat 0.0069 -1 36 29 320
boat 0.0067 0 276 28 304
boat 0.0058 50 246 75 279
boat 0.0057 3 256 62 279
boat 0.0054 0 241 26 316
boat 0.0051 0 146 65 319
boat 0.0048 0 211 7 298
boat 0.0034 54 254 68 271
boat 0.0028 30 116 94 298
boat 0.0024 31 141 70 274
boat 0.0024 -2 305 58 375
boat 0.0023 0 5 14 296
boat 0.0022 56 221 80 283
boat 0.0019 42 252 63 271
boat 0.0016 494 247 499 278
boat 0.0015 41 248 64 265
boat 0.0015 1 248 58 371
boat 0.0014 0 155 7 254
boat 0.0014 53 162 81 282
boat 0.0011 53 269 78 280
boat 0.0011 0 203 12 264
boat 0.0010 0 248 4 277
boat 0.0010 387 225 479 282
boat 0.0010 315 2 495 306
boat 0.0010 1 210 10 230
person 0.7047 129 253 158 319
person 0.0114 275 262 283 280
person 0.0113 282 226 296 238
person 0.0078 134 253 159 289
person 0.0041 0 363 11 375
person 0.0025 1 364 22 374
person 0.0010 0 347 13 378
