chair 0.0065 226 34 300 199
chair 0.0015 263 49 300 202
person 0.9982 36 23 126 200
person 0.9982 114 27 185 198
person 0.9953 177 44 260 195
person 0.1999 0 24 16 198
person 0.0660 0 5 30 201
person 0.0494 0 62 11 190
person 0.0082 0 117 12 198
person 0.0053 0 126 6 162
person 0.0050 0 28 9 147
person 0.0048 92 28 294 205
person 0.0031 225 51 301 204
person 0.0030 0 58 6 98
person 0.0029 3 28 49 209
person 0.0024 -16 21 183 201
person 0.0022 264 27 300 194
person 0.0020 0 21 10 93
person 0.0020 0 42 7 84
person 0.0019 0 100 4 164
person 0.0017 0 99 29 200
person 0.0016 191 21 295 187
person 0.0016 0 131 4 195
person 0.0011 0 133 12 161
person 0.0010 0 64 4 130
