bicycle 0.9953 291 149 455 325
bicycle 0.7610 9 122 166 327
bicycle 0.3318 0 109 90 314
bicycle 0.3287 3 215 181 332
bicycle 0.1309 34 255 215 333
bicycle 0.0298 0 213 94 331
bicycle 0.0154 2 285 198 334
bicycle 0.0093 -4 131 135 258
bicycle 0.0053 0 79 32 317
bicycle 0.0047 0 93 17 304
bicycle 0.0029 0 200 18 325
bicycle 0.0022 31 60 233 332
bicycle 0.0014 47 159 194 282
bicycle 0.0014 0 249 24 328
bicycle 0.0013 1 272 47 332
bicycle 0.0011 26 312 225 334
bottle 0.0019 93 325 124 333
bottle 0.0017 78 324 142 332
bottle 0.0012 85 326 115 333
person 0.9984 102 42 226 252
person 0.9908 324 44 433 303
person 0.8409 58 151 153 297
person 0.5253 10 144 173 331
person 0.2522 0 52 58 291
person 0.0905 0 15 28 277
person 0.0472 0 11 18 178
person 0.0259 1 2 53 211
person 0.0208 0 48 16 296
person 0.0132 85 156 193 319
person 0.0061 6 22 82 246
person 0.0021 -1 -13 29 155
person 0.0020 0 22 8 149
person 0.0020 80 151 162 252
person 0.0014 0 73 7 190
person 0.0011 3 21 44 140
