bottle 0.9950 225 94 399 499
bottle 0.0135 0 450 24 499
bottle 0.0050 108 78 451 506
bottle 0.0044 0 403 25 499
bottle 0.0026 0 449 11 500
bottle 0.0024 448 488 503 499
bottle 0.0021 -1 470 8 499
bottle 0.0015 467 491 501 500
bottle 0.0012 167 294 423 505
chair 0.0011 0 -2 91 246
diningtable 0.0052 43 445 457 501
diningtable 0.0042 16 132 474 499
diningtable 0.0013 143 389 442 499
diningtable 0.0011 53 301 450 505
person 0.9932 6 3 409 502
person 0.0144 249 6 493 501
person 0.0034 366 1 502 500
person 0.0016 296 -10 497 286
person 0.0012 0 47 60 472
person 0.0011 233 1 495 110
person 0.0010 75 0 425 107
