bottle 0.0014 385 158 395 180
chair 0.9952 1 212 93 373
chair 0.6826 244 144 367 223
chair 0.6445 230 228 434 374
chair 0.4962 345 173 496 295
chair 0.0995 452 221 499 369
chair 0.0186 0 170 15 332
chair 0.0095 135 149 198 210
chair 0.0067 -2 120 115 378
chair 0.0058 472 194 499 339
chair 0.0047 330 160 371 224
chair 0.0045 0 222 18 369
chair 0.0043 0 156 60 350
chair 0.0037 0 212 6 313
chair 0.0036 358 154 502 241
chair 0.0027 468 271 500 373
chair 0.0025 -1 260 68 376
chair 0.0021 442 165 500 314
chair 0.0014 407 182 502 347
chair 0.0014 283 156 348 223
chair 0.0011 490 216 499 294
chair 0.0010 5 219 50 344
person 0.6730 255 141 368 225
person 0.0383 284 147 350 215
person 0.0206 292 144 371 194
person 0.0147 324 148 353 191
person 0.0023 0 181 7 273
person 0.0020 0 108 15 280
person 0.0010 320 153 344 196
pottedplant 0.0183 222 120 242 148
pottedplant 0.0053 225 128 240 148
pottedplant 0.0026 453 153 498 184
pottedplant 0.0016 214 120 256 148
sofa 0.7287 356 166 501 283
sofa 0.3648 255 144 369 234
sofa 0.0042 234 198 473 371
tvmonitor 0.0067 0 185 7 282
