bottle 0.0030 364 354 416 375
chair 0.0010 476 271 500 377
person 0.9986 8 105 120 377
person 0.9873 413 89 490 381
person 0.9866 142 97 219 367
person 0.9788 202 105 268 359
person 0.9646 257 90 325 359
person 0.9138 310 94 373 358
person 0.8939 362 85 427 365
person 0.8695 93 93 154 360
person 0.5479 469 119 499 209
person 0.4245 342 84 480 383
person 0.2399 464 114 487 154
person 0.2306 72 94 204 377
person 0.1385 223 77 348 375
person 0.0825 462 105 490 176
person 0.0532 486 93 499 116
person 0.0320 473 95 501 378
person 0.0238 260 85 397 383
person 0.0190 488 106 500 171
person 0.0157 457 103 471 134
person 0.0143 488 151 500 216
person 0.0134 477 117 499 270
person 0.0116 135 76 283 377
person 0.0086 444 114 499 381
person 0.0075 485 97 500 139
person 0.0050 488 113 499 138
person 0.0049 223 92 290 358
person 0.0047 482 102 495 119
person 0.0047 477 90 499 118
person 0.0047 466 137 490 186
person 0.0044 489 86 499 110
person 0.0042 488 108 499 128
person 0.0040 474 151 499 201
person 0.0034 471 114 496 153
person 0.0028 488 45 499 92
person 0.0028 447 100 468 136
person 0.0024 468 115 484 136
person 0.0020 464 105 488 135
person 0.0019 475 72 500 174
person 0.0019 494 163 500 304
person 0.0015 286 85 349 366
person 0.0015 454 89 474 118
person 0.0015 475 58 498 93
person 0.0015 445 91 466 118
person 0.0014 447 95 462 114
person 0.0014 491 154 500 255
person 0.0014 471 94 483 114
person 0.0014 439 99 474 174
person 0.0013 459 102 470 122
person 0.0013 488 62 499 116
person 0.0013 492 68 499 96
person 0.0013 377 158 439 377
person 0.0012 476 103 497 134
person 0.0011 482 167 499 367
person 0.0011 480 110 493 128
