bus 0.9993 37 102 285 398
bus 0.0438 1 215 31 303
bus 0.0353 1 231 31 275
bus 0.0323 0 207 5 281
bus 0.0128 0 226 3 263
bus 0.0077 0 238 4 329
bus 0.0057 0 246 2 279
bus 0.0048 0 194 16 324
bus 0.0037 0 214 4 238
bus 0.0029 0 178 35 343
bus 0.0023 1 229 20 260
bus 0.0018 2 236 19 253
car 0.9981 279 291 333 383
car 0.0108 0 249 4 336
car 0.0085 0 281 3 323
car 0.0077 286 277 306 293
car 0.0038 328 269 332 297
car 0.0036 8 278 37 307
car 0.0027 315 273 333 292
car 0.0023 328 262 332 287
car 0.0019 328 277 332 307
car 0.0017 0 261 3 305
car 0.0012 325 286 332 375
car 0.0011 282 292 312 317
person 0.9786 16 281 44 358
person 0.0037 0 276 5 344
person 0.0023 10 323 34 358
