bus 0.1389 19 108 58 144
bus 0.0346 9 87 70 113
bus 0.0173 166 68 202 95
bus 0.0072 37 89 67 112
bus 0.0051 2 0 285 88
bus 0.0017 275 60 287 116
bus 0.0013 283 63 287 117
bus 0.0011 0 112 34 212
car 0.9971 110 181 149 214
car 0.9957 106 213 153 242
car 0.9854 244 156 282 184
car 0.9592 193 177 230 209
car 0.9488 200 205 257 243
car 0.9066 29 173 73 215
car 0.8683 168 155 204 183
car 0.8564 106 115 128 133
car 0.7668 91 129 117 151
car 0.7109 225 97 248 114
car 0.5258 201 92 221 108
car 0.4705 106 143 132 166
car 0.4429 111 159 146 186
car 0.1761 277 95 288 115
car 0.1673 200 236 270 241
car 0.0727 171 145 202 166
car 0.0672 195 225 261 243
car 0.0100 233 236 281 241
car 0.0079 170 69 199 95
car 0.0078 0 139 34 238
car 0.0075 189 86 206 102
car 0.0063 239 238 263 241
car 0.0042 10 170 74 228
car 0.0038 6 182 94 241
car 0.0037 281 161 287 187
car 0.0033 253 236 293 242
car 0.0031 282 235 288 242
car 0.0031 283 166 287 183
car 0.0031 284 227 288 242
car 0.0028 56 237 104 242
car 0.0027 252 238 272 241
car 0.0025 226 237 255 241
car 0.0025 211 230 270 242
car 0.0020 109 225 149 241
car 0.0020 272 238 287 242
car 0.0020 190 162 234 221
car 0.0019 154 230 257 243
car 0.0018 142 237 195 242
car 0.0018 207 212 285 241
car 0.0016 275 83 288 128
car 0.0015 102 199 155 257
car 0.0015 0 235 5 242
car 0.0013 0 206 4 245
car 0.0013 74 239 96 242
car 0.0013 0 228 4 242
car 0.0012 180 236 234 241
car 0.0012 281 93 287 108
car 0.0012 257 239 278 242
car 0.0011 214 228 305 242
car 0.0011 163 237 217 242
car 0.0011 284 195 288 246
car 0.0010 -12 228 111 242
person 0.0015 284 202 288 248
person 0.0012 285 220 288 239
