bottle 0.9958 334 223 374 346
bottle 0.9946 96 236 140 329
bottle 0.0551 82 323 169 375
bottle 0.0021 0 321 9 378
bottle 0.0021 0 354 11 374
bottle 0.0019 0 289 6 381
bottle 0.0017 0 339 26 374
bottle 0.0012 -1 365 25 374
bottle 0.0012 259 330 297 375
bottle 0.0012 3 324 48 377
bottle 0.0011 320 250 390 334
bottle 0.0010 0 331 95 374
chair 0.2347 429 126 480 176
chair 0.0551 437 243 500 373
chair 0.0208 410 200 501 365
chair 0.0192 443 304 499 374
chair 0.0163 433 125 498 199
chair 0.0116 391 97 436 149
chair 0.0104 412 244 447 371
chair 0.0077 482 198 501 364
chair 0.0068 414 323 497 375
chair 0.0052 491 113 500 195
chair 0.0048 347 96 435 152
chair 0.0048 475 245 500 371
chair 0.0041 493 97 500 169
chair 0.0038 436 80 501 337
chair 0.0033 377 281 501 374
chair 0.0031 400 234 465 362
chair 0.0025 493 212 500 342
chair 0.0025 479 107 501 194
chair 0.0016 496 116 500 148
chair 0.0013 463 205 502 381
chair 0.0013 452 221 497 341
chair 0.0011 482 115 500 271
chair 0.0011 411 114 500 275
diningtable 0.9255 -7 272 441 374
diningtable 0.0029 51 167 373 386
diningtable 0.0022 208 289 446 367
person 0.9983 133 149 277 285
person 0.9967 137 29 276 225
person 0.9937 -1 114 139 333
person 0.9735 274 134 452 354
person 0.5645 362 108 501 371
person 0.1031 304 164 406 337
person 0.0818 265 71 473 243
person 0.0671 263 63 341 236
person 0.0586 319 97 491 218
person 0.0218 0 143 16 361
person 0.0141 181 61 407 254
person 0.0074 312 137 498 290
person 0.0063 441 77 500 369
person 0.0058 0 176 93 356
person 0.0047 0 230 18 387
person 0.0045 485 147 500 357
person 0.0044 0 123 54 352
person 0.0036 -1 89 27 356
person 0.0036 273 64 398 213
person 0.0026 0 229 8 341
person 0.0022 493 93 499 158
person 0.0021 0 100 18 287
person 0.0020 0 176 5 292
person 0.0016 470 104 501 369
person 0.0012 1 128 256 353
person 0.0012 270 151 365 297
person 0.0011 339 96 441 182
person 0.0011 492 70 500 138
person 0.0010 330 226 411 342
person 0.0010 152 37 320 167
person 0.0010 263 120 401 249
pottedplant 0.0184 475 57 496 83
pottedplant 0.0071 491 65 499 85
pottedplant 0.0043 492 72 499 89
pottedplant 0.0023 487 56 500 91
tvmonitor 0.0043 0 22 19 221
tvmonitor 0.0033 -1 11 32 259
tvmonitor 0.0017 495 110 500 141
