bottle 0.0253 458 0 492 4
bottle 0.0049 124 0 154 9
bottle 0.0033 441 0 470 4
bottle 0.0021 486 0 500 5
car 0.0067 358 145 499 224
car 0.0035 339 144 378 204
motorbike 0.9955 152 106 366 284
person 0.9585 160 71 277 246
person 0.0366 336 0 424 6
person 0.0283 257 0 289 4
person 0.0232 381 0 418 4
person 0.0191 371 0 445 6
person 0.0182 162 0 233 7
person 0.0160 1 0 46 15
person 0.0157 70 0 130 9
person 0.0141 121 -1 177 8
person 0.0125 225 48 264 99
person 0.0111 227 0 263 3
person 0.0100 138 0 199 8
person 0.0090 243 0 303 6
person 0.0088 209 0 241 4
person 0.0086 0 0 11 15
person 0.0080 285 0 359 6
person 0.0073 294 0 329 4
person 0.0072 347 0 393 4
person 0.0066 189 0 262 6
person 0.0065 409 0 447 4
person 0.0065 25 0 79 14
person 0.0055 397 0 476 5
person 0.0052 209 0 281 5
person 0.0051 159 72 248 175
person 0.0050 277 0 306 4
person 0.0050 33 0 109 9
person 0.0050 0 0 25 9
person 0.0048 98 0 161 9
person 0.0043 1 0 48 62
person 0.0043 431 0 463 4
person 0.0042 85 0 116 8
person 0.0039 189 0 225 5
person 0.0039 313 0 349 4
person 0.0032 150 0 183 8
person 0.0031 332 0 370 4
person 0.0030 75 0 107 7
person 0.0028 170 0 204 6
person 0.0024 0 -2 10 34
person 0.0023 154 70 222 228
person 0.0020 154 81 322 161
person 0.0018 104 0 133 8
person 0.0018 61 0 121 14
person 0.0017 46 0 77 8
person 0.0015 9 0 38 9
person 0.0015 0 46 16 222
person 0.0014 345 145 376 180
person 0.0013 0 -4 27 68
person 0.0011 130 0 187 14
person 0.0011 126 0 277 17
train 0.0102 0 -12 497 193
