car 0.9676 50 45 424 330
car 0.3716 396 37 475 132
car 0.0521 5 23 49 90
car 0.0308 0 17 24 76
car 0.0256 59 50 109 111
car 0.0115 0 22 14 61
car 0.0092 427 37 474 109
car 0.0090 11 43 80 198
car 0.0087 27 46 112 98
car 0.0084 -5 15 128 118
car 0.0084 390 41 436 103
car 0.0074 0 14 59 128
car 0.0065 452 38 490 101
car 0.0046 0 60 25 181
car 0.0046 0 59 53 208
car 0.0045 478 63 499 108
car 0.0043 25 37 108 154
car 0.0042 3 63 45 154
car 0.0041 1 21 22 50
car 0.0040 366 28 500 115
car 0.0034 0 25 10 45
car 0.0021 378 53 461 110
car 0.0016 -4 41 65 95
car 0.0015 0 18 7 39
car 0.0015 2 7 48 61
car 0.0012 67 28 110 90
car 0.0012 47 26 118 116
car 0.0010 59 59 106 88
person 0.8752 415 39 457 128
person 0.7390 146 16 176 76
person 0.3894 175 18 204 73
person 0.1400 486 58 499 100
person 0.1305 0 29 17 135
person 0.1261 96 27 119 88
person 0.1078 0 27 13 81
person 0.0927 28 20 57 97
person 0.0643 481 27 500 113
person 0.0599 0 21 22 93
person 0.0567 397 47 475 136
person 0.0353 124 23 151 89
person 0.0317 0 34 8 138
person 0.0234 177 19 200 51
person 0.0211 7 29 49 107
person 0.0205 15 27 77 165
person 0.0182 30 36 64 153
person 0.0166 215 37 229 55
person 0.0140 68 28 86 56
person 0.0103 118 32 145 105
person 0.0090 490 29 500 93
person 0.0090 490 65 499 93
person 0.0083 97 26 117 58
person 0.0074 490 66 499 131
person 0.0072 207 35 228 59
person 0.0064 0 47 22 169
person 0.0058 478 52 499 96
person 0.0053 361 41 397 100
person 0.0045 482 47 500 167
person 0.0044 198 33 218 61
person 0.0042 5 48 47 140
person 0.0041 121 24 143 71
person 0.0032 285 34 299 51
person 0.0024 493 52 499 82
person 0.0023 374 39 408 103
person 0.0021 179 19 195 39
person 0.0018 87 45 118 115
person 0.0017 125 24 148 48
person 0.0013 148 14 171 46
person 0.0011 142 29 178 106
person 0.0011 6 20 18 37
