bottle 0.0018 24 90 40 145
car 0.0261 40 -1 83 51
car 0.0086 30 8 101 62
car 0.0023 34 2 133 45
car 0.0015 22 1 168 87
car 0.0010 138 3 287 83
motorbike 0.9908 101 5 419 373
motorbike 0.1453 32 7 74 64
motorbike 0.0288 46 18 75 60
motorbike 0.0109 252 21 299 75
motorbike 0.0039 0 110 13 365
motorbike 0.0029 -1 82 26 362
motorbike 0.0026 14 -2 79 101
motorbike 0.0023 0 82 55 363
person 0.9972 87 0 169 192
person 0.9898 67 -1 104 102
person 0.9650 393 0 498 380
person 0.9609 0 3 46 214
person 0.8940 385 0 433 73
person 0.7133 155 1 203 79
person 0.2773 0 -1 24 215
person 0.1724 195 0 255 68
person 0.1227 260 0 290 38
person 0.0841 295 0 325 76
person 0.0462 183 0 204 33
person 0.0386 168 0 188 7
person 0.0365 422 42 467 80
person 0.0330 6 0 47 97
person 0.0305 421 14 476 83
person 0.0265 10 0 48 50
person 0.0236 155 0 180 7
person 0.0215 177 0 197 8
person 0.0210 254 1 298 68
person 0.0199 148 0 169 9
person 0.0198 0 -2 22 103
person 0.0160 13 0 36 36
person 0.0142 466 29 480 47
person 0.0134 445 -1 498 71
person 0.0134 30 0 71 52
person 0.0122 153 0 181 33
person 0.0117 0 61 18 268
person 0.0116 136 0 160 10
person 0.0105 246 1 262 35
person 0.0103 205 0 229 7
person 0.0099 184 0 206 8
person 0.0089 293 0 315 24
person 0.0077 312 0 355 73
person 0.0069 126 0 168 19
person 0.0069 297 2 322 45
person 0.0068 84 -1 167 102
person 0.0068 153 0 199 22
person 0.0068 149 0 168 17
person 0.0067 79 0 120 96
person 0.0067 12 0 34 9
person 0.0061 251 0 277 37
person 0.0060 199 0 253 36
person 0.0058 247 1 260 19
person 0.0057 468 0 499 35
person 0.0057 194 0 218 33
person 0.0055 255 0 274 8
person 0.0055 0 45 5 190
person 0.0055 67 0 113 21
person 0.0055 8 75 42 222
person 0.0055 181 0 197 21
person 0.0055 0 87 13 360
person 0.0053 284 0 317 52
person 0.0052 113 0 163 11
person 0.0051 146 6 215 208
person 0.0051 301 1 318 20
person 0.0048 174 0 222 74
person 0.0046 93 0 146 19
person 0.0046 125 0 153 9
person 0.0045 146 0 191 10
person 0.0044 241 2 283 68
person 0.0044 244 0 264 8
person 0.0042 114 0 144 7
person 0.0038 3 0 25 9
person 0.0036 0 -5 26 54
person 0.0036 287 13 319 108
person 0.0034 413 6 491 120
person 0.0034 123 -1 168 73
person 0.0034 262 0 285 8
person 0.0032 300 0 342 21
person 0.0031 0 14 7 149
person 0.0030 97 0 152 71
person 0.0030 194 0 219 8
person 0.0030 0 0 10 105
person 0.0029 271 0 294 9
person 0.0029 0 0 11 20
person 0.0029 88 0 113 9
person 0.0028 163 0 190 33
person 0.0028 269 0 293 25
person 0.0027 382 1 477 74
person 0.0027 51 0 76 23
person 0.0027 14 0 33 19
person 0.0026 97 0 123 8
person 0.0025 156 0 252 48
person 0.0025 56 0 84 35
person 0.0025 155 0 179 17
person 0.0022 65 0 104 50
person 0.0022 90 0 110 18
person 0.0022 35 44 51 91
person 0.0022 0 0 11 10
person 0.0022 169 0 187 18
person 0.0021 469 1 500 66
person 0.0021 200 0 252 9
person 0.0020 186 0 228 24
person 0.0020 69 0 94 35
person 0.0019 84 0 137 10
person 0.0019 488 43 499 345
person 0.0018 243 1 315 45
person 0.0018 233 0 258 7
person 0.0018 44 11 124 90
person 0.0018 1 0 27 23
person 0.0017 405 1 452 74
person 0.0017 232 1 258 49
person 0.0016 -4 1 67 47
person 0.0016 23 0 41 8
person 0.0015 0 -4 13 54
person 0.0015 309 0 335 8
person 0.0014 281 0 305 35
person 0.0014 -1 60 26 356
person 0.0013 187 14 287 80
person 0.0013 181 0 232 10
person 0.0013 280 0 305 9
person 0.0012 87 0 113 33
person 0.0012 56 1 153 43
person 0.0011 486 -2 499 38
person 0.0011 157 1 246 95
person 0.0011 290 8 442 362
person 0.0011 292 0 314 10
person 0.0011 300 0 323 9
person 0.0011 163 0 210 10
person 0.0010 463 3 491 45
person 0.0010 326 -3 484 86
person 0.0010 0 104 6 276
person 0.0010 220 0 251 6
