bottle 0.0561 468 40 500 297
bottle 0.0155 0 59 14 305
bottle 0.0110 -1 40 27 320
bottle 0.0030 483 67 499 321
bottle 0.0028 0 41 54 320
bottle 0.0019 201 63 281 300
bottle 0.0013 183 60 475 317
bottle 0.0012 0 125 6 243
bottle 0.0012 447 66 500 346
bottle 0.0010 186 292 296 327
bottle 0.0010 16 201 480 330
chair 0.0128 1 79 496 342
chair 0.0126 4 62 259 318
chair 0.0024 -5 7 133 321
chair 0.0021 0 27 54 310
chair 0.0011 -1 0 31 211
diningtable 0.0265 0 54 497 321
pottedplant 0.0495 -2 13 499 317
pottedplant 0.0026 477 21 500 140
pottedplant 0.0013 202 56 281 281
pottedplant 0.0011 368 0 505 331
sofa 0.0036 25 0 477 118
tvmonitor 0.0019 42 249 455 328
