bottle 0.9986 185 305 210 402
bottle 0.0118 327 356 374 499
bottle 0.0051 331 431 374 499
bottle 0.0030 187 308 209 354
chair 0.0138 -1 323 146 493
chair 0.0039 35 197 176 364
chair 0.0023 20 382 183 500
chair 0.0015 0 247 70 499
chair 0.0012 -1 439 72 500
chair 0.0011 -4 376 103 501
diningtable 0.8118 75 371 371 498
diningtable 0.0046 104 434 377 497
diningtable 0.0039 98 259 344 482
diningtable 0.0027 38 307 282 503
diningtable 0.0022 42 382 212 499
diningtable 0.0019 228 373 381 497
diningtable 0.0016 94 255 288 374
diningtable 0.0012 127 308 315 425
person 0.9986 53 142 195 363
person 0.9968 156 226 296 362
person 0.9960 0 216 149 498
person 0.0237 34 152 211 518
person 0.0039 78 193 309 390
person 0.0031 367 209 374 298
person 0.0030 4 210 139 363
person 0.0029 360 158 374 359
person 0.0028 300 153 376 405
person 0.0025 0 221 11 490
person 0.0021 190 249 352 385
person 0.0020 0 167 5 264
person 0.0018 -5 106 166 396
person 0.0013 0 222 71 488
person 0.0010 331 115 375 368
person 0.0010 13 248 175 413
pottedplant 0.1284 294 243 375 434
pottedplant 0.0026 359 221 374 410
pottedplant 0.0017 324 265 376 484
pottedplant 0.0016 282 118 375 470
pottedplant 0.0010 295 277 374 357
