motorbike 0.9981 7 86 189 288
motorbike 0.9939 137 67 381 366
motorbike 0.4997 164 77 338 172
motorbike 0.1694 147 88 358 223
motorbike 0.0872 0 104 106 283
motorbike 0.0433 166 91 273 159
motorbike 0.0254 199 58 352 150
motorbike 0.0130 164 98 206 150
motorbike 0.0098 183 80 301 137
motorbike 0.0047 202 70 320 121
motorbike 0.0031 115 116 313 247
motorbike 0.0019 55 31 441 288
motorbike 0.0014 63 86 286 285
motorbike 0.0014 168 104 226 160
motorbike 0.0012 90 93 253 220
motorbike 0.0011 41 89 127 157
person 0.7761 58 66 98 116
person 0.1072 57 68 88 100
person 0.0124 47 81 93 161
person 0.0091 52 66 78 113
pottedplant 0.0058 119 111 140 137
