boat 0.9957 232 93 322 176
boat 0.1079 253 141 494 371
boat 0.0067 338 113 494 213
boat 0.0056 365 13 509 234
boat 0.0035 327 161 492 264
boat 0.0027 121 291 461 374
boat 0.0022 254 1 492 250
boat 0.0014 317 68 503 308
boat 0.0013 368 -1 498 42
boat 0.0011 65 330 439 377
bottle 0.0042 258 187 372 375
person 0.9833 253 177 490 374
person 0.9003 387 127 492 226
person 0.7120 449 124 499 201
person 0.0791 489 123 500 185
person 0.0444 194 174 399 377
person 0.0242 493 124 500 157
person 0.0144 491 104 499 162
person 0.0128 452 109 498 173
person 0.0104 391 127 442 200
person 0.0093 492 173 499 265
person 0.0088 399 123 500 186
person 0.0081 472 125 500 230
person 0.0073 462 124 492 158
person 0.0072 492 134 499 216
person 0.0068 451 142 499 242
person 0.0047 377 155 503 263
person 0.0033 480 155 500 288
person 0.0031 469 126 500 164
person 0.0031 492 138 499 169
person 0.0023 492 208 499 288
person 0.0021 378 80 508 297
person 0.0021 443 136 500 304
person 0.0017 452 159 498 194
person 0.0016 483 177 500 355
person 0.0010 468 124 502 376
