bottle 0.9725 326 151 355 240
bottle 0.9227 400 164 428 249
bottle 0.8703 368 133 396 205
bottle 0.1664 422 193 450 254
bottle 0.0682 323 173 352 264
bottle 0.0182 442 122 465 155
bottle 0.0170 330 152 354 203
bottle 0.0134 394 140 431 225
bottle 0.0114 412 173 447 252
bottle 0.0071 435 2 454 18
bottle 0.0071 473 0 499 8
bottle 0.0068 331 147 364 216
bottle 0.0060 374 143 404 241
bottle 0.0058 467 44 479 65
bottle 0.0050 434 1 456 34
bottle 0.0045 466 43 482 77
bottle 0.0040 324 169 344 240
bottle 0.0036 0 170 6 196
bottle 0.0027 446 0 465 35
bottle 0.0027 428 185 463 262
bottle 0.0025 0 154 9 213
bottle 0.0025 484 269 500 378
bottle 0.0022 368 121 412 191
bottle 0.0020 463 0 489 8
bottle 0.0019 381 159 415 258
bottle 0.0018 488 0 500 9
bottle 0.0017 0 177 7 203
bottle 0.0017 384 149 443 263
bottle 0.0015 385 3 412 35
bottle 0.0014 456 0 477 9
bottle 0.0014 492 260 500 380
bottle 0.0013 449 0 463 17
bottle 0.0011 0 170 21 211
bottle 0.0010 491 315 500 382
chair 0.0643 288 101 336 133
chair 0.0164 272 105 353 166
chair 0.0031 0 198 7 225
chair 0.0026 491 302 500 381
chair 0.0025 0 190 9 248
chair 0.0016 0 126 9 196
chair 0.0015 482 292 500 381
chair 0.0013 -8 148 142 381
chair 0.0012 0 183 6 284
diningtable 0.9836 171 166 508 376
diningtable 0.0089 307 104 504 335
diningtable 0.0064 37 220 468 382
diningtable 0.0026 334 130 489 239
diningtable 0.0026 0 183 11 227
diningtable 0.0026 231 164 486 268
diningtable 0.0018 168 287 494 378
diningtable 0.0015 210 79 460 310
diningtable 0.0010 273 121 359 174
diningtable 0.0010 0 192 7 219
diningtable 0.0010 0 184 22 227
diningtable 0.0010 283 108 453 204
person 0.9973 99 76 257 353
person 0.9831 0 100 178 374
person 0.9535 195 71 282 203
person 0.8402 376 73 487 198
person 0.7787 440 80 500 227
person 0.0985 479 72 499 232
person 0.0581 206 76 267 166
person 0.0450 138 62 286 259
person 0.0366 169 67 241 179
person 0.0278 24 64 69 117
person 0.0276 405 84 501 269
person 0.0254 470 4 499 69
person 0.0213 474 70 500 144
person 0.0173 446 70 492 143
person 0.0131 487 15 499 63
person 0.0127 485 68 500 123
person 0.0119 174 66 219 149
person 0.0116 465 67 500 260
person 0.0113 486 82 500 304
person 0.0111 494 106 499 231
person 0.0102 359 116 377 146
person 0.0098 0 78 19 195
person 0.0098 197 70 246 150
person 0.0074 0 2 23 45
person 0.0074 430 76 482 167
person 0.0072 372 85 505 352
person 0.0070 368 101 460 226
person 0.0057 475 27 500 63
person 0.0056 0 55 61 190
person 0.0055 173 0 219 21
person 0.0050 0 43 21 140
person 0.0047 486 79 500 155
person 0.0044 -11 61 360 367
person 0.0040 0 111 18 246
person 0.0040 0 114 9 181
person 0.0037 26 86 64 111
person 0.0037 166 67 210 125
person 0.0036 472 14 499 111
person 0.0035 331 65 494 250
person 0.0034 453 13 501 83
person 0.0029 0 137 16 337
person 0.0028 484 184 499 378
person 0.0027 492 31 500 62
person 0.0027 0 0 12 37
person 0.0025 441 103 499 336
person 0.0024 379 119 487 180
person 0.0023 446 70 485 109
person 0.0023 -1 77 93 223
person 0.0021 494 68 500 96
person 0.0020 490 58 500 106
person 0.0018 0 93 95 354
person 0.0017 400 100 497 168
person 0.0017 278 143 302 169
person 0.0016 427 105 480 194
person 0.0015 176 86 265 303
person 0.0015 179 89 225 176
person 0.0014 437 2 502 128
person 0.0014 39 62 61 102
person 0.0014 -1 105 29 367
person 0.0013 491 81 500 198
person 0.0012 319 284 498 377
tvmonitor 0.0071 0 62 10 116
tvmonitor 0.0026 0 32 22 125
