bottle 0.0015 162 84 189 108
bottle 0.0012 130 89 144 105
chair 0.9884 41 184 304 376
chair 0.0149 145 99 189 123
chair 0.0102 57 197 290 300
chair 0.0075 87 89 126 107
chair 0.0068 0 93 21 239
chair 0.0055 437 219 501 371
chair 0.0024 116 88 181 105
chair 0.0021 407 265 499 376
chair 0.0015 247 286 497 376
chair 0.0013 60 166 287 262
chair 0.0012 0 121 6 246
chair 0.0011 284 136 460 234
chair 0.0010 406 325 498 376
chair 0.0010 -11 109 355 391
diningtable 0.0932 88 85 193 128
diningtable 0.0087 104 86 175 108
diningtable 0.0019 104 97 173 123
person 0.0011 471 0 499 9
pottedplant 0.0020 389 143 473 244
pottedplant 0.0010 321 134 486 239
pottedplant 0.0010 491 161 499 235
sofa 0.1776 66 110 495 264
sofa 0.0219 15 168 497 380
sofa 0.0138 65 119 296 244
sofa 0.0095 448 200 500 275
sofa 0.0094 441 186 500 348
sofa 0.0030 308 281 500 375
sofa 0.0012 435 267 499 373
