cat 0.3711 104 75 310 302
cat 0.2625 93 25 494 352
cat 0.0047 0 56 339 378
cat 0.0014 126 101 294 229
pottedplant 0.0168 100 42 312 295
pottedplant 0.0122 93 -4 490 332
pottedplant 0.0082 -10 35 339 345
pottedplant 0.0036 305 14 500 364
tvmonitor 0.0098 12 292 477 375
tvmonitor 0.0094 0 279 27 371
tvmonitor 0.0041 0 232 412 370
tvmonitor 0.0036 0 210 19 378
tvmonitor 0.0034 0 303 45 374
tvmonitor 0.0027 24 329 393 375
tvmonitor 0.0019 0 323 11 375
tvmonitor 0.0019 0 283 7 372
tvmonitor 0.0014 0 239 7 343
tvmonitor 0.0011 0 338 26 374
