cow 0.4683 44 202 231 320
cow 0.0011 134 198 224 309
horse 0.5920 44 196 231 312
person 0.9917 291 67 330 185
person 0.0033 269 44 336 181
pottedplant 0.0252 1 0 88 69
pottedplant 0.0110 346 0 437 64
pottedplant 0.0058 0 20 3 46
pottedplant 0.0047 38 -2 297 198
pottedplant 0.0037 390 3 437 63
pottedplant 0.0027 0 12 6 66
pottedplant 0.0026 339 -1 481 86
pottedplant 0.0022 1 7 53 84
pottedplant 0.0018 0 -1 28 70
pottedplant 0.0015 1 0 51 51
pottedplant 0.0012 173 0 271 159
pottedplant 0.0011 348 1 402 49
pottedplant 0.0010 -1 1 185 84
