chair 0.9236 2 262 187 478
chair 0.7111 6 270 149 383
chair 0.1957 3 398 190 500
chair 0.0180 -7 436 136 501
chair 0.0062 0 420 67 495
chair 0.0049 -3 471 160 500
chair 0.0036 0 358 49 501
chair 0.0028 -4 328 102 481
chair 0.0022 0 272 131 331
chair 0.0018 4 356 86 427
chair 0.0017 0 431 39 501
chair 0.0015 -14 295 322 500
chair 0.0015 12 441 296 501
pottedplant 0.8608 -1 355 51 432
pottedplant 0.0098 0 347 61 478
pottedplant 0.0021 -1 354 25 436
pottedplant 0.0018 0 371 40 490
pottedplant 0.0018 2 361 36 412
pottedplant 0.0013 -1 272 51 441
pottedplant 0.0011 0 353 5 443
sofa 0.0020 -10 216 316 447
tvmonitor 0.0086 13 146 92 191
