boat 0.8621 118 110 159 171
boat 0.0772 119 146 162 166
boat 0.0032 127 130 160 164
boat 0.0021 7 80 256 494
boat 0.0013 32 309 235 492
car 0.9841 133 418 259 495
car 0.7659 25 454 81 476
car 0.5190 49 457 88 478
car 0.0384 259 444 265 469
car 0.0318 253 444 266 488
car 0.0170 73 473 159 500
car 0.0103 258 437 265 477
car 0.0098 259 448 265 500
car 0.0096 261 448 266 482
car 0.0075 22 441 91 477
car 0.0073 70 461 88 474
car 0.0050 248 443 265 472
car 0.0046 55 435 258 501
car 0.0039 26 452 62 468
car 0.0038 94 487 155 500
car 0.0037 262 456 266 495
car 0.0031 262 431 266 465
car 0.0029 32 456 54 470
car 0.0026 29 453 120 485
car 0.0024 252 425 265 470
car 0.0018 -3 450 77 488
car 0.0017 82 454 151 499
car 0.0017 20 458 86 484
car 0.0015 252 465 265 499
car 0.0012 247 454 265 496
car 0.0011 95 474 200 501
car 0.0010 64 461 92 483
car 0.0010 36 450 91 470
person 0.0012 0 430 5 502
