person 0.9980 92 1 493 321
person 0.9431 45 103 282 319
person 0.5724 199 179 283 274
person 0.4402 467 152 500 278
person 0.0549 454 152 498 325
person 0.0206 8 78 179 304
person 0.0172 469 149 500 212
person 0.0135 474 201 500 325
person 0.0091 0 34 92 299
person 0.0077 24 115 106 317
person 0.0039 -1 105 59 327
person 0.0034 447 143 500 246
person 0.0025 491 216 499 308
person 0.0024 0 179 19 326
person 0.0022 -1 18 28 312
person 0.0022 7 185 86 321
person 0.0022 40 71 131 286
person 0.0022 414 131 496 304
person 0.0021 0 252 24 327
person 0.0019 223 102 504 322
person 0.0017 0 54 13 278
person 0.0013 490 153 499 247
person 0.0010 -1 136 31 343
