boat 0.9975 147 4 338 315
boat 0.0514 415 208 455 231
boat 0.0047 444 24 500 276
boat 0.0038 266 18 335 314
boat 0.0030 483 50 500 251
boat 0.0029 118 12 246 302
boat 0.0014 422 210 451 225
boat 0.0012 302 276 343 310
boat 0.0012 386 204 474 243
boat 0.0012 0 185 23 222
boat 0.0010 470 7 501 264
boat 0.0010 492 208 499 231
boat 0.0010 490 184 499 240
person 0.8087 286 258 304 296
person 0.7639 232 261 253 295
person 0.7200 254 261 272 295
person 0.2256 261 270 286 296
person 0.0537 227 266 248 298
person 0.0415 247 260 264 295
person 0.0289 256 260 268 282
person 0.0098 273 273 287 296
person 0.0078 246 261 285 295
person 0.0052 237 260 250 282
person 0.0032 270 261 292 296
person 0.0027 250 261 261 281
person 0.0020 259 258 295 310
person 0.0018 231 265 244 290
person 0.0016 284 258 314 310
person 0.0016 258 258 283 287
person 0.0011 264 268 282 288
person 0.0010 230 281 241 299
pottedplant 0.0014 324 223 333 245
