chair 0.6010 397 203 500 363
chair 0.0909 68 222 191 371
chair 0.0197 -1 227 122 367
chair 0.0051 437 189 500 315
chair 0.0046 401 329 498 374
chair 0.0041 293 332 418 375
chair 0.0026 400 284 499 384
chair 0.0023 18 332 150 375
chair 0.0019 402 214 499 289
chair 0.0015 303 366 438 375
chair 0.0012 77 331 170 375
chair 0.0011 84 354 158 374
chair 0.0011 315 352 511 375
person 0.9943 47 43 311 381
person 0.0039 477 168 499 305
person 0.0035 0 201 19 362
person 0.0026 440 167 500 310
person 0.0024 0 134 13 341
person 0.0015 -1 103 127 393
person 0.0010 488 195 499 272
sofa 0.3145 67 220 339 372
sofa 0.3136 50 92 311 387
sofa 0.2732 398 228 498 381
sofa 0.1342 -1 237 134 376
sofa 0.0111 2 330 128 375
sofa 0.0091 0 249 21 368
sofa 0.0033 -9 353 143 375
sofa 0.0028 314 290 498 374
sofa 0.0021 59 210 212 354
sofa 0.0019 70 285 424 374
sofa 0.0014 0 227 58 365
sofa 0.0010 271 352 438 375
tvmonitor 0.0016 40 22 313 302
