boat 0.0014 411 -1 498 43
car 0.0145 157 69 343 264
car 0.0064 480 100 500 257
car 0.0064 492 99 499 165
car 0.0060 446 83 500 273
car 0.0043 334 95 485 220
car 0.0041 130 96 295 214
car 0.0026 491 299 500 369
car 0.0022 495 122 499 158
car 0.0015 491 127 500 225
car 0.0015 456 108 497 220
car 0.0014 162 86 335 185
car 0.0013 122 128 206 177
motorbike 0.9974 24 92 198 339
motorbike 0.9941 177 78 350 352
motorbike 0.9939 329 109 499 365
motorbike 0.7716 0 134 47 312
motorbike 0.0106 446 106 501 366
motorbike 0.0104 0 104 23 316
motorbike 0.0090 484 132 500 373
motorbike 0.0085 282 66 464 321
motorbike 0.0080 32 108 145 279
motorbike 0.0074 484 249 500 372
motorbike 0.0061 4 110 86 308
motorbike 0.0053 479 105 500 281
motorbike 0.0053 190 112 360 265
motorbike 0.0051 468 83 501 333
motorbike 0.0043 492 259 500 368
motorbike 0.0034 -10 71 140 317
motorbike 0.0028 105 37 470 346
motorbike 0.0023 409 91 500 328
motorbike 0.0022 77 77 271 312
motorbike 0.0022 37 106 219 214
motorbike 0.0014 25 206 185 340
motorbike 0.0011 -1 86 59 247
person 0.0080 481 90 500 240
person 0.0056 492 87 500 165
person 0.0028 0 115 6 236
person 0.0025 491 114 500 208
person 0.0022 0 90 17 241
person 0.0022 43 118 65 145
person 0.0016 483 50 499 195
person 0.0012 0 97 7 184
