bus 0.9920 187 244 278 275
car 0.9697 33 267 109 299
car 0.9321 277 248 312 267
car 0.9106 116 265 169 287
car 0.2444 0 280 13 300
car 0.0434 6 277 20 293
car 0.0197 -1 328 27 333
car 0.0193 -8 326 59 333
car 0.0144 0 326 12 332
car 0.0122 4 329 42 333
car 0.0088 0 286 10 304
car 0.0042 0 292 65 332
car 0.0037 0 299 24 332
car 0.0037 0 286 9 336
car 0.0027 21 329 62 333
car 0.0022 0 268 8 289
car 0.0019 -3 313 53 332
car 0.0019 0 315 9 332
car 0.0016 0 259 11 297
car 0.0016 0 276 20 314
car 0.0011 0 269 23 335
car 0.0011 1 265 24 291
person 0.0047 183 262 190 276
person 0.0020 269 257 278 272
