car 0.9006 134 48 391 194
car 0.0821 110 45 413 304
car 0.0091 248 68 399 279
car 0.0084 385 68 399 173
car 0.0027 -6 6 350 295
car 0.0021 351 55 401 187
car 0.0018 388 96 399 150
car 0.0018 41 12 364 157
car 0.0011 324 70 400 215
car 0.0010 86 75 327 172
car 0.0010 392 66 399 135
car 0.0010 9 2 268 116
person 0.9946 1 1 147 297
person 0.0114 0 22 45 287
person 0.0104 -10 0 282 301
person 0.0064 0 44 10 267
person 0.0047 0 26 21 281
person 0.0037 387 88 399 136
person 0.0027 384 79 399 229
person 0.0021 375 62 400 293
person 0.0020 355 70 400 308
person 0.0012 0 149 12 300
tvmonitor 0.0011 128 233 399 300
