chair 0.7701 3 152 276 371
chair 0.4157 231 195 490 361
chair 0.1943 6 232 167 367
chair 0.0496 238 195 417 297
chair 0.0075 402 211 499 368
chair 0.0039 -4 120 140 370
chair 0.0036 0 203 96 356
chair 0.0033 8 280 254 370
chair 0.0029 239 278 494 368
chair 0.0028 0 205 19 349
chair 0.0025 61 187 444 363
chair 0.0018 364 270 502 370
chair 0.0018 0 180 55 348
chair 0.0014 481 210 499 371
chair 0.0012 1 320 193 372
diningtable 0.0126 55 332 444 370
diningtable 0.0039 44 297 457 368
diningtable 0.0032 147 350 409 370
diningtable 0.0020 38 223 467 367
person 0.9977 8 115 312 371
person 0.0042 422 0 475 19
person 0.0042 474 0 497 6
person 0.0033 426 0 447 7
person 0.0022 416 0 438 7
person 0.0017 487 0 499 6
person 0.0017 463 0 487 6
person 0.0013 420 2 434 18
person 0.0011 404 0 430 6
person 0.0011 427 0 485 10
person 0.0011 432 0 459 7
pottedplant 0.0074 164 84 189 108
pottedplant 0.0038 148 82 189 112
sofa 0.0013 8 163 490 377
tvmonitor 0.2226 0 39 70 85
tvmonitor 0.0535 70 128 181 224
tvmonitor 0.0340 372 0 499 78
tvmonitor 0.0073 137 130 184 226
tvmonitor 0.0041 146 71 191 119
tvmonitor 0.0027 0 157 7 247
tvmonitor 0.0017 0 125 17 259
tvmonitor 0.0015 1 132 58 252
