chair 0.0023 1 162 177 371
person 0.9997 140 76 278 373
person 0.9997 4 69 159 374
person 0.9995 262 63 395 376
person 0.9979 380 57 494 374
person 0.0044 487 86 499 362
person 0.0017 473 70 500 374
person 0.0014 148 50 513 380
person 0.0011 494 198 499 313
person 0.0011 0 47 58 371
person 0.0010 0 202 16 361
person 0.0010 0 242 8 341
pottedplant 0.0016 0 27 60 331
pottedplant 0.0013 -8 13 130 303
sofa 0.1898 261 91 453 382
sofa 0.0038 112 153 309 375
sofa 0.0037 -1 103 257 379
sofa 0.0013 143 80 512 386
