car 0.9974 113 182 223 250
car 0.0019 -52 54 391 375
person 0.9982 440 158 472 269
person 0.9976 390 147 422 260
person 0.9967 320 149 362 247
person 0.9950 359 150 388 254
person 0.9887 473 158 500 271
person 0.9757 294 173 326 247
person 0.9645 205 167 245 230
person 0.8847 265 163 293 234
person 0.7940 242 164 264 232
person 0.7471 -1 117 126 339
person 0.5537 285 167 315 242
person 0.3013 201 172 218 210
person 0.2826 383 154 412 265
person 0.2210 355 66 386 120
person 0.2068 223 170 243 227
person 0.1974 332 69 366 119
person 0.1945 384 59 412 88
person 0.1277 263 163 281 222
person 0.0889 191 175 202 194
person 0.0574 369 61 388 88
person 0.0354 377 59 400 89
person 0.0309 257 163 272 222
person 0.0287 454 159 488 253
person 0.0180 373 61 386 77
person 0.0166 0 132 65 344
person 0.0148 377 58 412 111
person 0.0146 301 166 321 204
person 0.0136 378 151 397 216
person 0.0123 301 154 334 232
person 0.0120 362 63 382 89
person 0.0117 363 152 381 229
person 0.0103 303 157 370 227
person 0.0102 190 174 204 207
person 0.0098 281 160 299 235
person 0.0091 297 166 311 217
person 0.0089 367 63 389 113
person 0.0087 378 151 397 181
person 0.0070 183 175 195 193
person 0.0069 350 70 373 119
person 0.0042 0 108 91 272
person 0.0042 272 163 294 207
person 0.0038 0 216 98 340
person 0.0036 282 156 350 250
person 0.0036 1 159 167 287
person 0.0031 488 153 499 282
person 0.0030 300 171 310 188
person 0.0025 -2 193 192 340
person 0.0023 190 170 226 233
person 0.0021 310 185 329 237
person 0.0020 371 151 391 191
person 0.0020 482 187 499 318
person 0.0019 311 162 330 209
person 0.0018 303 167 319 188
person 0.0016 101 179 116 206
person 0.0016 0 128 15 328
person 0.0016 380 63 394 85
person 0.0015 30 133 242 318
person 0.0015 375 68 399 117
person 0.0013 391 55 421 86
person 0.0013 367 155 388 214
person 0.0012 262 164 282 195
person 0.0011 361 149 379 194
person 0.0011 -1 103 32 351
person 0.0011 365 62 379 77
person 0.0011 202 185 215 209
person 0.0010 388 59 406 77
