bicycle 0.0042 408 60 501 310
chair 0.0175 74 61 182 231
chair 0.0050 85 58 169 160
chair 0.0041 67 143 201 233
chair 0.0030 60 59 207 315
chair 0.0016 20 10 404 323
chair 0.0014 158 137 192 209
motorbike 0.0209 211 107 508 330
motorbike 0.0088 375 50 501 334
motorbike 0.0024 439 57 500 335
person 0.6572 181 116 324 317
person 0.0301 180 111 476 328
person 0.0091 199 129 350 251
person 0.0068 0 86 14 282
person 0.0048 23 11 472 324
person 0.0033 0 125 5 238
person 0.0033 440 41 501 328
person 0.0024 -1 67 27 324
person 0.0019 56 150 369 330
person 0.0014 0 78 58 314
person 0.0013 0 6 12 235
person 0.0013 133 133 304 243
person 0.0012 0 313 47 331
person 0.0012 484 63 500 280
person 0.0011 192 119 294 230
person 0.0010 469 34 501 309
tvmonitor 0.0163 5 209 256 330
