bicycle 0.9962 34 39 473 344
cat 0.0048 0 80 14 112
chair 0.9876 452 117 494 213
chair 0.0621 474 112 498 217
chair 0.0114 0 28 56 358
chair 0.0081 492 114 499 224
chair 0.0066 0 171 64 389
chair 0.0023 0 51 15 307
chair 0.0022 -2 55 122 378
chair 0.0013 1 237 185 376
chair 0.0010 413 112 501 216
person 0.0029 -1 27 29 332
person 0.0027 481 78 499 198
person 0.0022 0 61 86 358
pottedplant 0.0034 469 29 499 50
tvmonitor 0.0889 458 78 486 112
tvmonitor 0.0171 492 63 499 116
tvmonitor 0.0056 495 73 500 107
tvmonitor 0.0049 430 79 486 112
tvmonitor 0.0046 453 69 493 118
tvmonitor 0.0026 475 28 499 127
tvmonitor 0.0015 495 89 500 118
tvmonitor 0.0013 492 84 500 138
