car 0.9597 236 0 399 45
car 0.3054 435 0 501 41
car 0.0528 435 0 479 32
car 0.0144 433 -6 502 83
car 0.0089 443 0 502 24
car 0.0078 322 0 425 47
car 0.0066 398 -1 466 41
car 0.0034 422 0 470 23
car 0.0030 241 0 286 36
car 0.0023 407 -3 503 29
car 0.0023 467 -3 500 74
car 0.0018 384 0 431 11
car 0.0017 361 0 415 10
car 0.0013 435 0 498 9
car 0.0010 442 0 469 6
motorbike 0.9966 52 59 446 258
motorbike 0.8071 444 0 500 134
motorbike 0.5510 196 17 377 129
motorbike 0.2252 339 0 418 99
motorbike 0.2197 322 8 489 129
motorbike 0.2079 195 26 465 231
motorbike 0.0958 103 22 401 173
motorbike 0.0747 213 34 440 155
motorbike 0.0287 227 1 429 74
motorbike 0.0093 468 11 500 143
motorbike 0.0060 353 12 467 84
motorbike 0.0050 411 21 499 157
motorbike 0.0048 55 81 213 177
motorbike 0.0045 377 0 419 18
motorbike 0.0032 54 46 292 150
motorbike 0.0025 491 63 500 147
motorbike 0.0024 275 61 460 192
motorbike 0.0022 308 8 409 142
motorbike 0.0016 408 15 458 84
motorbike 0.0013 406 13 504 82
motorbike 0.0013 480 55 500 159
motorbike 0.0010 73 71 347 181
person 0.7474 0 -1 11 52
person 0.1976 406 -1 445 43
person 0.0588 0 -3 19 70
person 0.0301 411 0 439 25
person 0.0147 207 0 225 8
person 0.0133 386 0 410 10
person 0.0118 236 0 255 9
person 0.0089 397 0 419 10
person 0.0073 0 21 11 70
person 0.0072 0 13 9 49
person 0.0059 404 0 430 9
person 0.0059 393 -3 438 69
person 0.0049 214 0 235 7
person 0.0038 209 0 223 18
person 0.0034 0 34 7 58
person 0.0033 145 0 172 24
person 0.0033 402 0 451 12
person 0.0032 225 0 247 7
person 0.0030 0 -1 8 11
person 0.0029 239 0 266 8
person 0.0027 0 -1 7 22
person 0.0027 149 0 169 7
person 0.0026 407 0 429 18
person 0.0024 413 0 440 9
person 0.0024 157 0 174 7
person 0.0019 238 -1 268 38
person 0.0018 376 0 403 8
person 0.0017 427 -3 482 72
person 0.0016 423 0 448 24
person 0.0015 434 0 460 7
person 0.0015 0 2 18 126
person 0.0014 193 0 220 6
person 0.0013 434 0 458 24
person 0.0012 396 0 421 21
