bottle 0.6094 371 20 403 81
bottle 0.5602 396 11 413 68
bottle 0.1841 318 -1 352 70
bottle 0.1414 406 48 426 75
bottle 0.0349 432 0 462 6
bottle 0.0290 411 0 444 8
bottle 0.0283 351 0 369 9
bottle 0.0231 406 0 468 8
bottle 0.0230 359 0 379 9
bottle 0.0218 339 0 361 9
bottle 0.0173 453 0 499 17
bottle 0.0115 327 0 355 9
bottle 0.0114 424 0 489 8
bottle 0.0113 450 0 482 6
bottle 0.0110 370 0 389 9
bottle 0.0109 459 0 492 7
bottle 0.0101 169 15 190 66
bottle 0.0091 447 0 503 10
bottle 0.0058 174 26 194 64
bottle 0.0053 372 0 443 9
bottle 0.0053 374 24 399 58
bottle 0.0047 379 0 398 9
bottle 0.0044 391 23 409 82
bottle 0.0042 429 0 485 17
bottle 0.0038 382 51 401 84
bottle 0.0033 470 0 500 8
bottle 0.0030 490 -1 500 20
bottle 0.0025 393 0 423 8
bottle 0.0024 316 0 346 39
bottle 0.0022 306 0 357 10
bottle 0.0022 406 0 467 17
bottle 0.0015 164 5 200 64
bottle 0.0014 437 2 456 17
bottle 0.0012 354 -1 406 9
bottle 0.0011 428 2 448 16
bottle 0.0011 237 0 288 21
bottle 0.0011 453 1 479 16
bottle 0.0010 318 -1 357 18
bottle 0.0010 444 2 470 17
chair 0.4283 190 95 480 381
chair 0.0210 221 232 499 380
chair 0.0058 116 284 469 377
chair 0.0022 5 209 495 389
chair 0.0020 303 280 502 377
chair 0.0018 361 235 502 369
chair 0.0014 173 327 483 374
diningtable 0.0049 10 102 493 381
person 0.9995 181 40 489 379
person 0.9848 43 77 198 371
person 0.0193 258 0 331 47
person 0.0037 7 60 351 378
person 0.0017 489 -7 500 44
person 0.0015 487 0 500 10
pottedplant 0.0020 244 38 266 72
tvmonitor 0.0039 172 0 238 17
tvmonitor 0.0017 219 0 273 20
