chair 0.9377 31 131 77 197
chair 0.1797 64 113 110 190
chair 0.1730 80 107 128 192
chair 0.0989 52 115 79 137
chair 0.0948 96 108 142 192
chair 0.0765 0 140 7 212
chair 0.0382 0 115 16 213
chair 0.0244 25 120 102 206
chair 0.0122 0 101 7 195
chair 0.0052 45 111 88 171
chair 0.0042 0 155 4 196
chair 0.0039 46 111 128 170
chair 0.0027 0 119 12 298
chair 0.0026 0 142 4 180
chair 0.0026 32 134 59 175
chair 0.0023 86 108 118 141
chair 0.0016 0 175 12 386
chair 0.0014 37 131 86 163
chair 0.0012 55 122 83 155
chair 0.0010 94 115 158 239
diningtable 0.0043 7 112 133 201
sofa 0.9884 119 125 472 326
sofa 0.0013 403 267 500 378
