bus 0.9976 184 35 397 312
bus 0.0049 489 179 500 224
bus 0.0029 474 183 497 217
bus 0.0021 452 190 474 212
bus 0.0016 -9 29 435 301
car 0.9822 32 202 107 235
car 0.7238 400 205 411 234
car 0.5204 101 195 125 232
car 0.3808 455 201 471 213
car 0.0456 0 181 24 244
car 0.0393 0 185 13 230
car 0.0164 0 202 7 226
car 0.0103 0 198 9 240
car 0.0037 66 205 108 233
car 0.0032 398 207 407 233
car 0.0027 455 196 471 210
car 0.0022 104 186 126 219
car 0.0017 -7 198 64 255
car 0.0015 423 202 433 213
car 0.0014 87 200 110 229
car 0.0013 396 203 407 247
car 0.0013 468 201 479 213
car 0.0013 0 213 5 239
car 0.0012 448 198 470 216
car 0.0010 403 201 412 217
person 0.9427 6 194 36 271
person 0.4956 488 196 499 234
person 0.0718 281 177 304 203
person 0.0130 490 196 499 220
person 0.0103 15 192 34 235
person 0.0069 3 204 27 262
person 0.0067 3 197 23 241
person 0.0043 0 197 7 269
person 0.0041 492 214 499 236
person 0.0021 23 192 35 226
person 0.0020 208 187 223 200
person 0.0020 493 191 500 213
person 0.0017 20 192 32 211
person 0.0015 478 196 498 233
person 0.0010 22 191 38 262
