bottle 0.0042 419 151 428 176
car 0.0013 0 117 8 133
chair 0.9865 22 174 74 233
chair 0.5987 77 196 119 254
chair 0.2084 453 206 498 299
chair 0.1345 182 187 218 265
chair 0.0541 475 199 499 305
chair 0.0336 487 219 500 292
chair 0.0137 400 211 435 297
chair 0.0126 260 199 296 272
chair 0.0111 199 182 244 263
chair 0.0059 12 155 85 240
chair 0.0035 490 192 500 276
chair 0.0033 109 146 205 327
chair 0.0028 481 220 499 336
chair 0.0023 16 168 54 226
chair 0.0021 174 179 205 275
chair 0.0018 93 198 120 243
chair 0.0016 466 155 501 318
chair 0.0014 98 181 137 270
chair 0.0013 215 178 252 248
chair 0.0012 0 185 8 239
chair 0.0012 85 151 161 293
chair 0.0011 490 232 500 321
diningtable 0.0015 180 185 256 260
person 0.9993 259 44 421 373
person 0.9977 100 79 200 331
person 0.0056 481 131 500 289
person 0.0029 310 39 500 339
person 0.0019 166 36 493 380
person 0.0016 268 88 364 329
person 0.0013 92 103 163 311
person 0.0012 468 133 500 314
person 0.0011 491 164 500 244
tvmonitor 0.0200 450 84 500 184
tvmonitor 0.0105 411 76 502 191
