chair 0.8713 0 252 64 378
chair 0.7494 68 232 148 362
chair 0.5635 5 204 88 355
chair 0.0101 1 224 38 336
chair 0.0084 8 198 86 282
chair 0.0069 0 211 17 347
chair 0.0037 0 215 6 350
chair 0.0031 0 177 49 349
chair 0.0029 0 210 7 277
chair 0.0017 0 220 19 268
chair 0.0017 -1 259 20 376
chair 0.0017 13 220 57 339
chair 0.0013 0 239 6 269
chair 0.0013 359 318 374 506
diningtable 0.4673 -3 219 88 363
diningtable 0.0210 3 84 327 494
diningtable 0.0147 1 384 312 500
diningtable 0.0039 1 444 314 501
diningtable 0.0016 6 195 120 330
diningtable 0.0014 2 291 365 504
person 0.0015 0 156 5 276
pottedplant 0.2947 35 75 338 496
