chair 0.9936 75 160 167 293
chair 0.9830 266 148 345 263
chair 0.9796 0 182 67 379
chair 0.1800 232 153 281 226
chair 0.0100 230 148 333 241
chair 0.0084 0 169 17 336
chair 0.0039 373 190 492 344
chair 0.0038 271 148 334 217
chair 0.0031 3 189 55 317
chair 0.0030 -5 173 34 388
chair 0.0016 -9 153 121 392
chair 0.0014 0 119 59 298
chair 0.0014 0 235 17 383
chair 0.0011 403 185 497 293
chair 0.0010 68 187 158 257
pottedplant 0.0340 361 92 393 128
pottedplant 0.0050 446 1 498 69
pottedplant 0.0030 471 0 500 71
pottedplant 0.0025 343 88 409 130
pottedplant 0.0015 458 141 479 184
pottedplant 0.0010 477 4 500 125
sofa 0.8103 360 220 496 378
sofa 0.0139 438 226 497 365
sofa 0.0106 450 227 500 304
sofa 0.0052 405 195 500 340
sofa 0.0012 365 266 464 372
sofa 0.0010 479 234 500 355
sofa 0.0010 473 218 498 314
sofa 0.0010 408 264 496 372
