bottle 0.9589 221 191 247 278
bottle 0.7711 245 155 264 236
bottle 0.0532 246 153 262 185
bottle 0.0296 244 173 263 275
bottle 0.0154 254 166 268 223
bottle 0.0102 244 203 260 262
bottle 0.0073 269 196 290 232
bottle 0.0045 264 164 279 214
bottle 0.0027 265 195 294 276
bottle 0.0020 43 127 66 157
bottle 0.0019 265 179 284 225
bottle 0.0018 243 144 268 209
bottle 0.0018 213 205 242 286
bottle 0.0017 438 0 452 9
bottle 0.0016 215 173 258 279
bottle 0.0015 249 152 261 176
bottle 0.0013 226 157 261 242
cat 0.0233 0 5 16 39
chair 0.2977 391 229 476 323
chair 0.0038 0 253 125 334
chair 0.0035 3 292 126 333
chair 0.0024 -5 314 138 333
chair 0.0019 328 248 484 333
chair 0.0014 129 188 201 312
chair 0.0010 390 270 474 332
chair 0.0010 133 191 190 253
diningtable 0.9841 99 189 475 334
diningtable 0.0049 141 185 430 261
diningtable 0.0049 317 106 491 328
diningtable 0.0038 177 252 472 334
diningtable 0.0017 126 114 386 328
diningtable 0.0016 325 161 484 275
person 0.9949 5 103 124 335
person 0.9902 165 67 285 199
person 0.9852 378 4 496 331
person 0.9759 317 -3 427 283
person 0.0270 308 61 433 215
person 0.0115 326 -3 473 194
person 0.0096 349 1 436 161
person 0.0075 164 63 323 264
person 0.0073 436 30 498 340
person 0.0072 368 96 505 236
person 0.0061 -2 100 99 243
person 0.0055 26 94 235 342
person 0.0044 402 21 499 220
person 0.0041 363 51 460 292
person 0.0036 273 7 613 325
person 0.0035 0 130 15 317
person 0.0029 485 66 499 305
person 0.0014 0 214 18 336
person 0.0013 473 30 503 340
person 0.0010 364 0 393 8
person 0.0010 0 112 59 334
person 0.0010 -3 92 26 330
sofa 0.0631 135 25 301 213
sofa 0.0096 -28 -23 449 255
