chair 0.9974 133 213 242 333
chair 0.9716 257 237 385 333
chair 0.0983 252 163 297 207
chair 0.0296 113 200 143 301
chair 0.0126 289 174 338 221
chair 0.0115 251 185 294 207
chair 0.0106 135 231 236 292
chair 0.0087 219 197 338 327
chair 0.0051 127 201 207 306
chair 0.0042 120 197 158 303
chair 0.0040 395 99 438 167
chair 0.0026 144 270 248 332
chair 0.0024 117 206 140 260
chair 0.0020 319 183 391 235
chair 0.0018 251 292 381 332
diningtable 0.8382 127 193 386 334
diningtable 0.0089 136 190 291 308
diningtable 0.0019 26 165 479 367
person 0.0013 495 101 500 119
person 0.0010 478 91 498 118
