bicycle 0.0054 128 165 364 329
bottle 0.0124 0 85 62 283
chair 0.0022 0 272 11 335
chair 0.0011 0 269 22 333
person 0.9692 13 186 130 331
person 0.6888 107 172 215 332
person 0.0942 166 237 239 332
person 0.0463 23 187 251 336
person 0.0303 262 23 367 138
person 0.0102 120 175 285 318
person 0.0084 165 230 207 324
person 0.0059 0 80 62 263
person 0.0035 86 186 170 333
person 0.0030 162 216 202 285
person 0.0021 170 192 263 332
person 0.0019 105 180 180 269
person 0.0018 0 60 60 182
person 0.0011 89 247 257 335
person 0.0010 410 50 497 293
pottedplant 0.1356 289 293 429 334
pottedplant 0.0102 414 290 495 333
tvmonitor 0.9169 172 11 377 153
tvmonitor 0.0010 369 20 509 311
