bottle 0.9793 415 104 498 344
bottle 0.0251 481 98 500 319
bottle 0.0074 491 158 499 252
bottle 0.0030 492 124 500 227
bottle 0.0026 491 105 499 190
bottle 0.0021 262 49 271 69
bottle 0.0016 401 153 474 346
bottle 0.0015 436 90 502 274
bottle 0.0015 475 107 498 158
bottle 0.0014 418 94 453 153
bottle 0.0013 432 96 456 141
bottle 0.0013 476 133 498 189
bottle 0.0012 112 84 140 110
chair 0.0131 1 48 199 380
chair 0.0041 0 302 52 375
chair 0.0021 7 234 187 374
diningtable 0.0024 226 164 497 385
person 0.9957 5 2 271 365
person 0.5348 211 78 447 360
person 0.0173 474 94 500 208
person 0.0059 491 112 499 198
person 0.0034 -6 11 130 364
person 0.0030 219 128 338 291
person 0.0028 170 120 341 369
person 0.0025 471 70 504 291
person 0.0021 474 0 500 131
person 0.0013 30 65 469 370
person 0.0013 0 111 14 335
person 0.0012 2 32 89 300
pottedplant 0.4032 474 90 500 132
pottedplant 0.0150 484 81 499 128
pottedplant 0.0054 476 27 500 134
pottedplant 0.0028 474 85 499 190
pottedplant 0.0019 432 95 456 128
pottedplant 0.0017 490 97 499 126
pottedplant 0.0016 477 100 497 123
pottedplant 0.0013 456 79 497 137
pottedplant 0.0013 430 92 468 153
pottedplant 0.0010 488 54 499 126
