bus 0.0010 0 223 6 343
car 0.9925 14 316 111 359
car 0.9768 6 294 370 488
car 0.6293 0 316 23 368
car 0.0080 0 334 8 365
car 0.0069 0 316 11 366
car 0.0041 361 322 375 462
car 0.0036 2 330 46 366
car 0.0028 367 333 374 444
car 0.0027 0 269 19 372
car 0.0025 0 337 23 360
car 0.0019 1 312 32 389
car 0.0016 0 340 7 438
car 0.0013 -15 311 33 362
car 0.0012 45 309 166 359
car 0.0012 0 308 7 337
car 0.0011 0 295 17 351
car 0.0010 0 289 9 357
car 0.0010 0 313 19 434
person 0.0022 160 0 178 12
person 0.0020 167 0 185 12
person 0.0016 119 291 183 344
person 0.0011 150 -2 189 14
