car 0.9910 3 193 83 233
car 0.9858 69 193 141 234
car 0.9857 420 203 494 245
car 0.9827 207 197 260 237
car 0.9597 132 194 205 236
car 0.9564 279 196 330 241
car 0.9260 357 202 418 244
car 0.0049 1 201 24 234
car 0.0042 475 205 500 219
car 0.0030 474 203 500 238
car 0.0029 416 173 497 272
car 0.0025 0 161 87 259
car 0.0023 486 206 500 245
car 0.0022 0 199 14 238
car 0.0022 491 214 500 238
car 0.0022 85 194 118 232
car 0.0018 63 162 146 257
car 0.0018 351 171 424 275
car 0.0014 129 164 207 256
car 0.0013 29 194 59 232
car 0.0010 0 194 27 217
person 0.0012 371 -6 415 77
person 0.0011 299 -2 338 73
