chair 0.0098 276 0 358 43
chair 0.0014 212 0 345 40
dog 0.0012 153 1 287 35
person 0.9857 12 -3 180 251
person 0.7171 198 26 384 350
person 0.2652 0 35 54 325
person 0.0606 -1 7 120 365
person 0.0230 2 9 93 235
person 0.0148 -2 30 30 358
person 0.0109 0 93 19 324
person 0.0077 128 0 238 35
person 0.0060 297 49 377 342
person 0.0037 144 17 509 361
person 0.0035 145 0 230 21
person 0.0022 0 154 5 270
person 0.0021 15 72 36 106
person 0.0021 44 1 206 136
person 0.0020 88 0 202 38
person 0.0020 140 0 192 32
person 0.0018 33 6 140 185
person 0.0017 -96 -14 294 270
person 0.0017 0 260 26 359
person 0.0015 36 43 206 206
person 0.0013 11 75 118 254
person 0.0012 186 0 284 19
person 0.0011 6 54 47 190
person 0.0010 264 35 459 343
sheep 0.6224 123 134 364 339
sheep 0.0088 72 76 427 357
