chair 0.0054 0 264 62 374
chair 0.0051 401 203 499 360
chair 0.0025 0 305 52 372
chair 0.0024 -1 330 97 374
chair 0.0013 0 248 29 289
chair 0.0012 0 301 26 376
chair 0.0011 -6 353 139 376
person 0.2792 0 254 93 369
person 0.0168 1 275 177 373
person 0.0015 0 247 23 373
person 0.0012 -6 169 135 381
pottedplant 0.9430 27 251 92 300
pottedplant 0.7106 457 204 500 264
pottedplant 0.0333 37 254 69 298
pottedplant 0.0096 453 166 500 257
pottedplant 0.0019 12 218 93 319
pottedplant 0.0017 474 136 499 255
pottedplant 0.0014 487 203 499 263
pottedplant 0.0011 449 189 497 314
pottedplant 0.0011 473 200 499 331
sofa 0.0027 195 192 329 226
sofa 0.0010 12 283 243 374
