chair 0.9839 27 251 185 376
chair 0.9665 255 151 300 230
chair 0.9662 338 247 487 376
chair 0.7007 184 199 254 336
chair 0.1951 102 178 184 292
chair 0.1419 124 164 172 187
chair 0.0066 163 171 247 310
chair 0.0045 253 169 296 211
chair 0.0020 190 166 245 200
chair 0.0017 112 166 171 198
chair 0.0016 473 324 500 378
chair 0.0015 163 191 196 287
chair 0.0012 191 157 240 182
chair 0.0011 477 271 501 379
chair 0.0011 348 275 471 343
chair 0.0010 246 211 279 324
chair 0.0010 160 170 193 222
diningtable 0.4845 90 191 272 307
diningtable 0.0043 23 214 318 380
dog 0.0021 474 324 500 377
pottedplant 0.0271 159 181 191 219
