bottle 0.0015 0 107 10 142
bottle 0.0014 90 109 114 141
bottle 0.0010 106 115 116 137
chair 0.4380 340 84 483 307
chair 0.3763 443 81 497 247
chair 0.3462 482 87 500 242
chair 0.0205 490 104 499 219
chair 0.0148 321 125 386 237
chair 0.0105 473 52 503 251
chair 0.0071 315 132 361 226
chair 0.0047 422 67 491 291
chair 0.0037 436 100 476 202
chair 0.0018 334 111 409 250
chair 0.0013 481 135 500 312
chair 0.0012 368 102 500 222
chair 0.0010 438 120 503 182
person 0.9974 54 84 120 267
person 0.4237 363 79 466 313
person 0.2409 482 43 500 232
person 0.0029 490 70 500 195
person 0.0026 445 38 498 210
person 0.0012 490 44 500 148
pottedplant 0.0036 327 0 375 9
pottedplant 0.0016 331 0 373 18
