bird 0.0021 -8 367 142 412
bottle 0.0388 250 316 314 336
bottle 0.0026 232 310 279 332
bottle 0.0026 230 306 326 339
bottle 0.0019 277 319 311 334
cow 0.8580 331 111 500 411
cow 0.0014 400 139 498 382
cow 0.0012 327 226 496 376
person 0.6973 2 40 41 166
person 0.6344 23 33 78 174
person 0.0830 0 48 7 134
person 0.0254 25 41 43 63
person 0.0128 0 35 26 109
person 0.0067 1 40 24 77
person 0.0029 4 34 45 110
person 0.0028 0 35 11 83
person 0.0021 1 59 24 206
person 0.0018 26 41 44 106
person 0.0017 3 58 86 239
person 0.0015 23 34 74 109
person 0.0015 0 54 4 95
person 0.0013 8 369 163 411
person 0.0013 0 65 7 179
