car 0.6717 0 161 499 384
car 0.0108 289 179 514 367
car 0.0091 5 156 85 204
car 0.0062 47 156 83 203
car 0.0026 73 221 424 329
car 0.0021 99 203 398 286
car 0.0017 84 91 418 341
car 0.0014 50 155 125 206
person 0.9945 296 92 344 219
person 0.9915 71 105 124 191
person 0.9906 17 168 71 274
person 0.9814 61 161 119 259
person 0.9762 289 196 389 283
person 0.9231 260 155 306 225
person 0.8189 9 130 44 199
person 0.7641 88 154 163 257
person 0.7484 189 45 278 253
person 0.5955 0 205 20 300
person 0.4797 1 140 22 197
person 0.3957 387 183 409 217
person 0.2114 159 168 193 218
person 0.1737 277 172 446 280
person 0.1308 0 154 25 262
person 0.0818 381 177 483 297
person 0.0507 0 143 7 209
person 0.0492 0 136 10 187
person 0.0446 15 129 45 169
person 0.0388 4 145 48 242
person 0.0352 115 151 164 219
person 0.0346 1 133 22 165
person 0.0277 0 156 3 196
person 0.0273 0 165 8 245
person 0.0178 386 182 440 262
person 0.0175 401 188 497 256
person 0.0149 476 185 499 261
person 0.0130 0 138 7 170
person 0.0127 0 215 18 372
person 0.0122 0 209 11 314
person 0.0098 285 159 511 334
person 0.0096 386 188 428 219
person 0.0094 123 41 298 326
person 0.0070 382 182 416 235
person 0.0067 0 118 10 162
person 0.0059 0 127 7 154
person 0.0052 268 159 298 207
person 0.0050 9 167 78 222
person 0.0049 0 169 4 211
person 0.0047 1 174 22 235
person 0.0045 351 185 440 294
person 0.0045 71 108 132 248
person 0.0045 -4 134 63 195
person 0.0042 0 213 6 341
person 0.0042 448 189 499 257
person 0.0039 17 49 415 383
person 0.0039 18 149 43 201
person 0.0034 1 197 21 256
person 0.0031 64 144 115 217
person 0.0028 160 48 251 226
person 0.0027 480 188 499 315
person 0.0026 0 119 6 147
person 0.0026 -8 135 33 284
person 0.0026 128 164 195 221
person 0.0025 22 152 71 209
person 0.0025 8 187 50 283
person 0.0022 271 217 459 319
person 0.0022 292 153 339 231
person 0.0021 13 162 174 263
person 0.0018 0 184 4 226
person 0.0014 487 199 499 269
person 0.0013 0 114 5 139
person 0.0012 245 158 286 229
person 0.0010 385 132 481 261
