chair 0.0048 140 88 266 264
chair 0.0025 0 142 30 416
chair 0.0021 296 117 309 285
chair 0.0012 297 52 309 237
pottedplant 0.9846 206 19 304 153
pottedplant 0.8763 7 6 95 95
pottedplant 0.0043 193 12 312 249
pottedplant 0.0029 0 69 15 180
pottedplant 0.0027 277 33 309 137
pottedplant 0.0021 1 79 29 174
pottedplant 0.0021 0 82 4 102
pottedplant 0.0020 303 107 309 210
pottedplant 0.0015 247 27 309 173
pottedplant 0.0012 305 130 309 166
pottedplant 0.0011 0 71 5 167
pottedplant 0.0011 -4 62 85 201
pottedplant 0.0010 276 3 309 92
sofa 0.9184 9 95 292 307
sofa 0.0087 86 97 268 259
sofa 0.0045 15 90 146 254
