sheep 0.8554 70 286 109 314
sheep 0.3566 116 292 135 310
sheep 0.3533 404 270 417 281
sheep 0.1320 264 265 276 273
sheep 0.0733 89 287 109 311
sheep 0.0598 69 292 95 314
sheep 0.0330 391 271 402 280
sheep 0.0152 330 272 353 280
sheep 0.0130 365 269 380 279
sheep 0.0099 78 292 104 307
sheep 0.0081 310 271 327 280
sheep 0.0075 112 290 144 313
sheep 0.0072 460 275 488 284
sheep 0.0057 95 296 109 311
sheep 0.0041 68 298 79 313
sheep 0.0040 489 192 499 200
sheep 0.0034 10 55 493 319
sheep 0.0025 368 268 383 277
sheep 0.0022 439 276 452 283
sheep 0.0021 175 267 202 275
sheep 0.0013 87 287 135 312
sheep 0.0012 327 210 337 217
sheep 0.0011 441 230 453 240
sheep 0.0011 300 209 310 218
sheep 0.0010 282 272 300 278
sheep 0.0010 404 195 416 202
sheep 0.0010 212 212 221 222
