bottle 0.0012 138 134 157 162
chair 0.9650 356 221 500 374
chair 0.9346 200 202 322 366
chair 0.8119 144 177 224 334
chair 0.5047 176 179 401 373
chair 0.3489 365 165 433 221
chair 0.2663 297 151 347 200
chair 0.2402 0 227 14 267
chair 0.1479 132 175 300 371
chair 0.0557 439 182 502 352
chair 0.0308 480 217 500 374
chair 0.0255 161 150 215 187
chair 0.0253 237 145 255 177
chair 0.0204 238 147 478 357
chair 0.0094 178 119 226 185
chair 0.0062 267 233 470 372
chair 0.0059 161 155 212 229
chair 0.0058 0 214 18 291
chair 0.0057 183 118 203 151
chair 0.0056 468 166 504 367
chair 0.0055 0 222 16 368
chair 0.0049 404 158 501 318
chair 0.0047 492 243 500 354
chair 0.0045 4 146 492 399
chair 0.0044 344 181 443 353
chair 0.0038 479 154 500 322
chair 0.0037 234 146 291 178
chair 0.0035 471 298 500 375
chair 0.0033 0 228 10 311
chair 0.0029 451 276 500 374
chair 0.0027 274 152 363 324
chair 0.0026 160 162 237 289
chair 0.0021 371 264 492 324
chair 0.0016 491 143 499 238
chair 0.0013 142 178 184 295
chair 0.0013 492 202 500 308
chair 0.0011 400 327 500 375
chair 0.0011 201 252 319 308
chair 0.0011 237 194 355 343
chair 0.0011 152 174 209 272
diningtable 0.9054 170 172 478 376
