aeroplane 0.8712 153 47 485 251
aeroplane 0.7129 131 187 299 286
aeroplane 0.4030 -2 36 143 214
aeroplane 0.0274 0 122 136 218
aeroplane 0.0226 5 36 158 132
aeroplane 0.0208 302 39 492 208
aeroplane 0.0068 178 83 466 168
aeroplane 0.0054 119 35 380 178
aeroplane 0.0054 9 4 492 203
aeroplane 0.0046 8 89 493 293
aeroplane 0.0041 145 60 347 150
aeroplane 0.0032 3 100 133 140
aeroplane 0.0030 135 82 293 165
aeroplane 0.0028 162 105 425 193
aeroplane 0.0027 51 155 310 288
aeroplane 0.0025 123 162 308 240
aeroplane 0.0024 2 82 95 207
aeroplane 0.0023 278 54 469 157
aeroplane 0.0021 374 264 496 299
aeroplane 0.0019 181 126 461 221
aeroplane 0.0018 317 38 487 127
aeroplane 0.0016 127 227 367 299
aeroplane 0.0015 0 111 65 223
aeroplane 0.0014 -6 231 136 299
aeroplane 0.0014 23 68 141 172
aeroplane 0.0013 0 84 6 140
aeroplane 0.0012 171 189 308 235
aeroplane 0.0012 -5 97 133 291
aeroplane 0.0011 82 76 344 270
aeroplane 0.0011 4 131 129 179
boat 0.0078 1 240 50 299
boat 0.0028 -2 243 97 298
boat 0.0010 1 294 27 299
person 0.0010 10 295 36 299
