aeroplane 0.9592 81 86 437 206
aeroplane 0.3980 160 268 500 333
aeroplane 0.0913 454 137 499 154
aeroplane 0.0653 93 204 490 333
aeroplane 0.0572 10 163 243 227
aeroplane 0.0181 0 174 201 254
aeroplane 0.0132 74 291 429 333
aeroplane 0.0065 453 112 497 156
aeroplane 0.0060 1 121 195 218
aeroplane 0.0036 -3 91 262 240
aeroplane 0.0029 2 149 255 286
aeroplane 0.0027 3 179 130 221
aeroplane 0.0024 1 198 193 286
aeroplane 0.0022 491 135 500 152
aeroplane 0.0021 -15 154 150 231
aeroplane 0.0020 101 178 261 219
aeroplane 0.0019 1 188 94 230
aeroplane 0.0015 41 180 291 248
aeroplane 0.0015 474 227 498 254
aeroplane 0.0013 461 123 502 152
aeroplane 0.0013 457 143 493 153
aeroplane 0.0012 188 117 452 203
aeroplane 0.0012 0 233 47 290
aeroplane 0.0011 96 206 406 283
aeroplane 0.0011 453 230 499 252
aeroplane 0.0011 282 197 510 336
aeroplane 0.0010 271 290 522 335
car 0.0049 78 292 342 333
car 0.0022 165 315 391 333
car 0.0019 132 283 311 323
car 0.0018 26 266 326 332
car 0.0015 247 192 300 210
car 0.0015 270 192 295 207
car 0.0013 166 326 304 333
person 0.8264 101 248 117 281
person 0.4493 173 283 195 314
person 0.0245 265 193 278 209
person 0.0032 109 247 124 280
person 0.0026 95 247 110 282
person 0.0021 165 280 198 324
person 0.0011 36 249 46 269
person 0.0010 259 194 273 207
