bottle 0.0011 26 14 39 30
car 0.7659 5 50 498 326
car 0.0077 28 53 313 276
car 0.0034 -1 60 53 131
car 0.0032 0 56 25 114
car 0.0020 0 64 8 84
car 0.0019 -7 52 124 281
car 0.0016 1 64 28 85
car 0.0014 108 144 390 237
person 0.9699 385 68 418 139
person 0.9643 463 62 501 176
person 0.9199 0 169 83 280
person 0.8395 1 61 79 229
person 0.7746 431 75 458 141
person 0.5351 316 64 340 97
person 0.1271 388 60 405 89
person 0.0920 -1 183 62 334
person 0.0752 0 65 19 176
person 0.0563 0 57 64 162
person 0.0499 337 75 357 110
person 0.0321 0 141 5 222
person 0.0289 476 91 501 227
person 0.0225 436 76 456 109
person 0.0197 0 165 19 281
person 0.0148 0 95 118 345
person 0.0145 0 65 9 145
person 0.0137 0 63 24 129
person 0.0134 0 68 27 104
person 0.0118 449 81 464 142
person 0.0108 0 77 15 240
person 0.0107 456 73 471 137
person 0.0097 358 80 381 116
person 0.0094 0 150 3 188
person 0.0087 314 61 348 108
person 0.0070 0 104 6 196
person 0.0045 489 93 500 180
person 0.0039 336 70 372 120
person 0.0037 0 66 11 107
person 0.0033 427 89 449 144
person 0.0033 0 161 6 266
person 0.0032 -3 156 31 342
person 0.0030 456 77 473 108
person 0.0029 452 87 516 151
person 0.0023 -5 208 129 334
person 0.0021 371 82 391 114
person 0.0021 421 68 453 132
person 0.0018 491 74 500 148
person 0.0016 -3 49 27 242
person 0.0015 0 158 3 205
person 0.0014 381 61 402 109
person 0.0014 0 68 8 90
person 0.0014 450 75 498 242
person 0.0013 0 212 19 337
person 0.0013 4 85 54 205
person 0.0013 349 76 374 111
person 0.0011 376 68 444 129
person 0.0011 1 246 52 329
