bus 0.9101 92 320 266 432
bus 0.0943 268 340 289 383
bus 0.0141 359 163 373 355
bus 0.0046 264 337 301 387
bus 0.0030 332 191 374 438
bus 0.0026 268 351 314 389
bus 0.0023 265 329 325 388
bus 0.0016 269 348 287 371
bus 0.0015 367 193 374 316
bus 0.0014 358 204 373 305
bus 0.0013 352 173 377 457
bus 0.0012 253 343 271 397
bus 0.0010 355 49 377 390
car 0.9909 -1 377 92 434
car 0.0563 299 368 317 386
car 0.0521 28 368 94 421
car 0.0488 36 359 87 396
car 0.0286 277 368 318 388
car 0.0238 269 367 299 388
car 0.0158 0 366 3 390
car 0.0054 0 372 3 405
car 0.0044 0 378 6 436
car 0.0030 0 387 4 428
car 0.0026 0 383 17 431
car 0.0023 3 350 87 474
car 0.0016 0 361 5 418
car 0.0012 49 357 97 385
car 0.0011 86 385 98 408
person 0.7823 333 355 355 432
person 0.3902 318 359 336 422
person 0.1536 352 357 374 416
person 0.0310 369 355 375 420
person 0.0052 371 362 375 414
person 0.0034 164 380 177 400
person 0.0024 354 365 375 499
person 0.0022 371 350 375 390
person 0.0017 313 359 329 397
person 0.0016 152 381 180 449
person 0.0015 336 343 366 420
