bus 0.9581 292 147 403 249
bus 0.0067 481 141 499 256
bus 0.0039 119 183 141 207
bus 0.0025 315 145 481 245
bus 0.0016 492 149 499 240
bus 0.0013 407 148 497 248
car 0.9453 476 219 499 257
car 0.0177 477 208 499 283
car 0.0095 480 161 500 263
car 0.0084 489 202 499 254
car 0.0025 459 215 524 255
car 0.0024 493 218 500 248
car 0.0020 486 221 498 266
car 0.0017 495 212 500 242
car 0.0016 489 226 498 253
person 0.9965 69 189 104 287
person 0.9947 143 193 169 279
person 0.7835 104 204 117 245
person 0.7818 115 205 131 246
person 0.1773 57 194 80 257
person 0.0666 407 212 422 242
person 0.0102 60 196 79 233
person 0.0098 114 197 139 249
person 0.0042 494 200 500 228
person 0.0038 476 203 498 237
person 0.0033 491 187 499 241
person 0.0031 52 208 67 258
person 0.0027 51 203 121 273
person 0.0027 59 196 86 294
person 0.0025 148 191 167 250
person 0.0017 94 202 109 250
person 0.0012 84 190 114 281
person 0.0012 173 211 185 230
person 0.0012 354 175 368 187
person 0.0010 479 205 496 225
