bottle 0.0032 333 54 353 83
dog 0.9342 239 81 394 342
dog 0.8955 65 131 266 309
dog 0.0141 89 93 413 336
dog 0.0112 -4 114 210 322
dog 0.0084 235 111 362 273
dog 0.0065 171 121 270 270
dog 0.0034 57 141 224 251
dog 0.0016 221 176 368 310
person 0.0089 0 175 52 388
person 0.0057 0 250 44 370
person 0.0039 0 194 25 368
person 0.0032 -1 276 30 372
person 0.0019 -4 135 31 400
person 0.0013 -5 283 133 378
sofa 0.0045 10 104 490 378
tvmonitor 0.0329 217 1 377 36
tvmonitor 0.0192 228 0 444 21
tvmonitor 0.0184 199 -2 460 46
tvmonitor 0.0134 234 -2 490 81
tvmonitor 0.0117 335 0 492 38
tvmonitor 0.0057 173 0 310 40
tvmonitor 0.0056 327 1 501 19
tvmonitor 0.0043 197 0 362 22
tvmonitor 0.0015 236 0 367 7
tvmonitor 0.0012 146 0 255 43
tvmonitor 0.0010 127 -2 381 81
