bird 0.9333 345 301 473 389
bird 0.9064 142 278 359 375
bird 0.7962 70 291 216 366
bird 0.7452 296 106 453 227
bird 0.7403 9 41 138 100
bird 0.6660 6 163 131 281
bird 0.3945 270 10 402 131
bird 0.2334 92 109 196 246
bird 0.0172 54 253 370 399
bird 0.0134 220 270 340 388
bird 0.0095 276 -4 441 221
bird 0.0074 63 297 280 390
bird 0.0056 15 44 157 153
bird 0.0037 -3 139 179 318
bird 0.0026 282 103 455 355
bird 0.0024 61 63 211 278
bird 0.0020 128 108 168 159
bird 0.0018 304 162 449 220
bird 0.0016 328 331 483 414
bird 0.0014 146 109 171 158
