bottle 0.0046 229 327 259 332
bottle 0.0018 220 328 250 332
bottle 0.0013 443 287 498 334
chair 0.0042 0 114 55 284
chair 0.0022 208 190 378 296
chair 0.0017 92 186 256 298
chair 0.0010 403 -1 499 41
diningtable 0.6744 0 271 499 333
diningtable 0.0483 13 204 488 336
diningtable 0.0095 229 275 494 329
diningtable 0.0047 6 292 351 331
person 0.9852 104 128 250 292
person 0.9845 221 126 373 290
person 0.9641 106 49 332 220
person 0.9520 142 64 195 126
person 0.0231 83 39 277 298
person 0.0055 43 10 382 322
person 0.0031 139 44 338 149
person 0.0023 113 117 315 212
person 0.0019 0 231 5 338
person 0.0019 0 206 17 343
person 0.0017 0 85 7 176
person 0.0013 -88 108 438 318
person 0.0011 1 85 49 156
person 0.0010 0 82 23 185
tvmonitor 0.0015 48 128 159 271
