chair 0.9872 166 160 349 373
chair 0.9279 -1 171 142 375
chair 0.1333 0 275 138 374
chair 0.0116 0 173 19 360
chair 0.0113 0 168 55 366
chair 0.0057 167 184 281 350
chair 0.0047 284 146 350 325
chair 0.0032 0 161 96 317
chair 0.0031 223 145 333 333
chair 0.0024 50 179 160 355
chair 0.0020 0 133 17 286
chair 0.0018 13 165 164 275
chair 0.0016 246 177 347 380
chair 0.0014 0 270 21 377
chair 0.0011 0 200 7 310
chair 0.0011 -1 129 60 291
chair 0.0011 5 92 178 348
chair 0.0010 -4 203 30 385
chair 0.0010 15 138 476 397
diningtable 0.4380 93 159 345 378
diningtable 0.0780 -7 171 276 377
person 0.1588 74 0 170 51
