car 0.9467 -4 48 428 373
car 0.0311 419 126 490 180
car 0.0099 440 103 498 226
car 0.0067 376 132 490 193
car 0.0036 0 -2 93 131
car 0.0019 430 132 505 197
car 0.0013 -9 0 134 256
car 0.0010 376 129 506 235
person 0.9291 473 80 500 226
person 0.9144 376 102 405 161
person 0.3328 359 113 379 148
person 0.0244 493 102 500 235
person 0.0104 482 120 500 265
person 0.0086 424 133 438 177
person 0.0082 452 111 497 217
person 0.0023 489 79 500 170
person 0.0018 490 76 500 130
person 0.0017 377 114 411 215
person 0.0015 494 80 500 113
person 0.0015 449 120 529 184
person 0.0014 353 110 374 146
person 0.0014 373 106 390 148
person 0.0014 475 73 500 147
person 0.0011 495 149 500 188
