bottle 0.9782 14 110 83 363
bottle 0.0060 437 214 499 371
bottle 0.0054 9 241 87 370
bottle 0.0017 0 171 67 356
chair 0.0093 100 176 155 264
chair 0.0075 302 121 498 364
chair 0.0015 103 167 151 225
chair 0.0015 388 135 477 280
chair 0.0013 246 82 482 303
chair 0.0010 366 167 510 377
diningtable 0.2629 7 237 482 376
diningtable 0.0025 45 328 452 376
diningtable 0.0016 102 191 259 285
diningtable 0.0016 138 170 445 369
diningtable 0.0012 11 250 264 366
diningtable 0.0010 -8 355 219 374
person 0.9892 108 129 268 264
person 0.9865 208 123 460 349
person 0.0151 483 105 499 222
person 0.0075 488 119 500 203
person 0.0016 481 123 499 291
person 0.0011 15 112 488 374
person 0.0010 95 126 399 305
person 0.0010 0 147 5 261
tvmonitor 0.0026 486 104 500 176
