car 0.9839 315 200 497 296
car 0.5981 121 203 194 239
car 0.1097 454 189 500 254
car 0.0312 457 187 498 226
car 0.0077 407 193 501 251
car 0.0070 440 188 497 286
car 0.0034 472 198 499 301
car 0.0033 490 198 499 269
car 0.0031 406 202 498 298
car 0.0023 474 196 499 242
car 0.0017 141 204 174 240
car 0.0016 120 209 164 240
car 0.0010 122 203 178 225
chair 0.0506 201 227 229 271
person 0.2631 199 211 230 270
person 0.0689 197 212 221 240
person 0.0650 102 211 120 255
person 0.0170 228 207 264 264
person 0.0065 102 208 141 260
person 0.0043 234 201 258 238
person 0.0036 243 195 261 229
person 0.0019 90 210 129 262
person 0.0015 240 201 266 252
person 0.0012 203 212 223 230
person 0.0011 117 220 142 259
pottedplant 0.0053 2 207 82 328
pottedplant 0.0010 0 42 59 260
