bicycle 0.0103 333 246 488 317
bicycle 0.0052 477 256 499 319
bicycle 0.0019 450 258 498 320
bicycle 0.0017 350 279 475 319
bicycle 0.0017 401 262 500 317
bicycle 0.0016 487 247 500 310
chair 0.0087 0 296 24 319
chair 0.0035 0 275 25 320
chair 0.0012 0 309 11 319
chair 0.0012 0 287 14 319
chair 0.0010 485 274 499 320
motorbike 0.0034 480 235 500 318
person 0.0029 482 192 500 311
person 0.0010 491 223 500 298
pottedplant 0.4073 398 186 493 316
pottedplant 0.0426 4 7 90 175
pottedplant 0.0148 141 235 179 313
pottedplant 0.0131 0 204 18 322
pottedplant 0.0096 0 207 92 320
pottedplant 0.0078 0 174 8 247
pottedplant 0.0070 129 62 152 88
pottedplant 0.0067 0 256 24 319
pottedplant 0.0043 0 194 7 277
pottedplant 0.0042 0 170 15 283
pottedplant 0.0032 109 262 146 316
pottedplant 0.0025 8 204 176 316
pottedplant 0.0022 91 43 125 91
pottedplant 0.0020 -3 7 118 260
pottedplant 0.0019 3 217 48 309
pottedplant 0.0018 110 214 178 316
pottedplant 0.0017 0 226 7 306
pottedplant 0.0017 397 222 494 279
pottedplant 0.0016 321 161 501 316
pottedplant 0.0014 118 255 165 317
pottedplant 0.0012 365 204 466 321
pottedplant 0.0012 2 258 44 318
pottedplant 0.0011 162 235 200 293
