dog 0.9537 283 266 322 332
dog 0.8069 80 260 137 327
dog 0.0037 47 249 135 340
dog 0.0012 271 242 326 350
person 0.9957 62 175 121 326
person 0.9934 218 149 258 275
person 0.9908 290 166 374 331
person 0.8340 264 145 298 281
person 0.2255 268 151 322 291
person 0.0126 60 161 106 230
person 0.0080 244 149 273 273
person 0.0036 204 168 270 252
person 0.0026 225 150 287 274
person 0.0026 55 156 113 266
person 0.0023 311 181 359 318
person 0.0022 75 161 103 204
person 0.0020 277 144 353 281
person 0.0017 317 140 386 316
person 0.0017 296 184 341 317
person 0.0015 336 165 375 312
person 0.0014 254 162 270 217
person 0.0010 275 144 452 344
