bottle 0.9804 245 262 276 330
bottle 0.0095 449 151 465 186
bottle 0.0021 224 264 294 326
bottle 0.0010 244 276 275 366
chair 0.1005 244 111 478 374
chair 0.0039 480 135 500 310
chair 0.0029 3 284 193 374
chair 0.0023 357 158 471 289
chair 0.0023 274 185 460 306
chair 0.0018 101 221 471 379
chair 0.0017 427 178 474 270
chair 0.0014 483 73 499 259
chair 0.0012 319 197 483 348
chair 0.0012 471 109 504 336
chair 0.0011 445 103 499 286
chair 0.0010 1 227 268 372
person 0.9876 118 64 457 369
person 0.0099 -22 47 373 389
person 0.0047 221 44 498 283
person 0.0042 106 57 317 328
person 0.0019 128 156 375 275
person 0.0010 205 123 445 248
sofa 0.3395 -10 231 430 378
sofa 0.2951 -11 85 439 399
sofa 0.0071 9 284 334 376
sofa 0.0029 50 326 438 378
sofa 0.0024 72 220 347 336
