bottle 0.1293 18 131 75 260
bottle 0.0016 21 125 73 184
chair 0.0039 311 286 499 377
chair 0.0019 479 244 499 377
chair 0.0018 404 180 500 383
chair 0.0014 363 243 503 370
chair 0.0011 438 247 499 371
diningtable 0.7764 0 116 500 377
diningtable 0.0034 62 196 437 300
diningtable 0.0016 93 175 405 263
person 0.9877 296 0 442 157
person 0.2614 480 35 500 209
person 0.0564 471 -8 503 197
person 0.0301 482 72 499 286
person 0.0144 448 -1 499 190
person 0.0102 488 67 499 169
person 0.0083 472 65 503 352
person 0.0080 443 70 500 347
person 0.0038 491 47 499 147
person 0.0037 492 109 499 242
person 0.0023 372 34 505 343
person 0.0019 409 59 496 273
person 0.0014 479 85 498 165
person 0.0012 -6 -21 29 267
sofa 0.9563 27 8 454 185
sofa 0.0029 74 69 413 179
sofa 0.0025 0 23 498 353
