person 0.0065 125 0 170 17
person 0.0039 201 0 213 18
person 0.0014 139 0 193 17
person 0.0010 208 0 221 17
sheep 0.9751 183 80 402 278
sheep 0.9188 40 203 206 338
sheep 0.8553 109 176 229 257
sheep 0.8425 15 0 66 81
sheep 0.3506 368 88 454 211
sheep 0.1256 0 3 6 30
sheep 0.0176 108 181 219 323
sheep 0.0091 0 2 23 30
sheep 0.0049 4 0 25 5
sheep 0.0048 0 0 47 31
sheep 0.0043 0 11 5 34
sheep 0.0031 0 0 7 10
sheep 0.0030 21 0 46 4
sheep 0.0029 30 0 55 4
sheep 0.0026 83 61 500 306
sheep 0.0024 7 -4 58 54
sheep 0.0023 0 -1 7 65
sheep 0.0022 287 97 452 216
sheep 0.0021 11 0 36 4
sheep 0.0015 97 126 243 307
sheep 0.0011 41 0 62 5
