bicycle 0.3705 0 139 64 278
bicycle 0.0438 2 136 85 368
bicycle 0.0033 0 139 19 307
bicycle 0.0014 -6 119 33 330
bicycle 0.0011 0 124 24 237
bottle 0.0028 0 182 7 286
chair 0.7679 220 215 503 373
chair 0.2945 308 270 500 378
chair 0.2073 110 135 202 300
chair 0.0184 405 270 500 375
chair 0.0093 87 140 253 345
chair 0.0092 311 193 492 294
chair 0.0074 471 249 500 371
chair 0.0060 203 280 464 378
chair 0.0055 290 149 505 352
chair 0.0015 446 298 501 375
chair 0.0015 369 204 501 343
chair 0.0013 386 188 481 256
chair 0.0011 439 223 500 371
person 0.9950 99 130 188 291
person 0.9683 195 182 485 371
person 0.9667 291 85 368 297
person 0.4711 0 217 26 373
person 0.1322 0 138 56 367
person 0.1203 99 151 151 294
person 0.0324 0 139 19 338
person 0.0190 94 170 130 277
person 0.0188 -4 114 29 364
person 0.0184 239 196 480 303
person 0.0176 240 46 420 325
person 0.0075 0 214 12 296
person 0.0060 156 52 503 372
person 0.0036 104 175 131 207
person 0.0018 3 190 41 341
person 0.0013 97 175 189 240
person 0.0012 0 225 22 286
person 0.0010 93 154 128 237
person 0.0010 260 171 469 268
pottedplant 0.0034 4 155 88 375
