bottle 0.0077 452 355 498 374
bottle 0.0050 487 356 500 374
bottle 0.0036 469 362 500 375
chair 0.0679 341 193 396 249
chair 0.0225 0 172 46 220
chair 0.0114 0 186 29 224
chair 0.0074 38 187 85 222
chair 0.0061 111 152 147 210
chair 0.0041 448 303 500 374
chair 0.0033 359 352 506 376
chair 0.0032 303 297 500 374
chair 0.0031 477 275 500 373
chair 0.0025 402 331 499 375
chair 0.0023 245 327 490 377
chair 0.0022 407 266 499 381
chair 0.0020 481 209 499 382
chair 0.0018 434 354 500 374
chair 0.0016 0 163 8 219
chair 0.0014 492 284 500 371
chair 0.0014 21 168 113 223
chair 0.0013 5 183 89 227
chair 0.0012 471 322 500 379
chair 0.0011 415 363 498 375
chair 0.0011 0 182 28 262
chair 0.0010 235 155 317 206
chair 0.0010 336 174 406 271
diningtable 0.0038 19 184 407 368
pottedplant 0.1061 238 174 323 275
pottedplant 0.0569 49 253 151 316
pottedplant 0.0159 383 168 433 244
pottedplant 0.0045 218 139 236 187
pottedplant 0.0035 4 159 44 178
pottedplant 0.0029 109 132 131 176
pottedplant 0.0021 12 161 35 177
pottedplant 0.0018 0 158 5 180
pottedplant 0.0017 24 227 158 329
pottedplant 0.0017 236 106 283 169
pottedplant 0.0015 232 93 316 211
pottedplant 0.0015 5 124 47 179
pottedplant 0.0013 0 144 25 179
pottedplant 0.0012 0 123 8 187
pottedplant 0.0012 10 144 36 179
pottedplant 0.0011 234 107 255 143
