bottle 0.9293 254 -1 351 350
bottle 0.6899 56 0 245 199
bottle 0.0412 306 3 350 360
bottle 0.0250 -1 2 71 206
bottle 0.0232 102 1 242 129
bottle 0.0131 -1 3 132 255
bottle 0.0116 249 21 308 345
bottle 0.0061 187 -6 333 347
bottle 0.0051 258 169 351 332
bottle 0.0050 0 -19 292 281
bottle 0.0047 0 138 15 266
bottle 0.0046 124 9 271 175
bottle 0.0030 2 1 126 127
bottle 0.0023 182 439 263 498
bottle 0.0021 220 -1 350 112
bottle 0.0020 339 -21 351 311
bottle 0.0020 259 0 348 53
bottle 0.0019 281 0 352 91
bottle 0.0018 254 139 301 337
bottle 0.0016 338 166 351 351
bottle 0.0014 0 68 68 290
bottle 0.0011 329 -50 354 339
bottle 0.0010 0 51 12 277
diningtable 0.0036 3 138 347 514
person 0.0015 235 0 347 29
