bottle 0.0014 267 87 276 142
chair 0.7152 96 181 233 235
chair 0.0014 77 154 258 257
person 0.9891 6 27 81 235
person 0.9857 419 15 491 214
person 0.9841 171 32 239 212
person 0.9808 276 34 323 209
person 0.9779 371 35 428 207
person 0.9777 228 37 280 205
person 0.9660 319 34 378 207
person 0.9348 78 49 141 215
person 0.7766 128 43 182 202
person 0.2295 294 27 335 182
person 0.1707 410 19 441 63
person 0.1410 253 33 306 209
person 0.0419 352 25 392 183
person 0.0144 388 32 434 159
person 0.0109 485 31 501 196
person 0.0100 346 27 376 71
person 0.0073 126 52 169 156
person 0.0064 473 23 503 220
person 0.0049 411 19 431 48
person 0.0045 333 26 383 146
person 0.0044 348 25 369 59
person 0.0043 340 20 475 218
person 0.0042 0 54 12 191
person 0.0039 409 25 443 108
person 0.0034 92 44 151 166
person 0.0032 364 54 387 190
person 0.0032 294 25 335 73
person 0.0029 182 18 314 221
person 0.0028 26 40 165 230
person 0.0027 309 28 361 163
person 0.0025 349 24 389 60
person 0.0024 377 53 413 189
person 0.0024 157 50 211 208
person 0.0022 305 46 328 198
person 0.0022 0 107 6 178
person 0.0022 286 76 317 204
person 0.0019 0 84 6 154
person 0.0018 390 36 412 66
person 0.0018 68 41 112 224
person 0.0016 435 20 499 152
person 0.0016 493 83 499 155
person 0.0016 343 27 375 106
person 0.0016 494 40 499 91
person 0.0014 347 26 390 88
person 0.0014 267 51 290 194
person 0.0013 32 27 95 200
person 0.0012 227 49 257 195
person 0.0012 408 26 455 162
person 0.0011 491 62 500 131
person 0.0011 173 67 195 195
person 0.0010 496 109 500 130
person 0.0010 496 46 499 66
pottedplant 0.0032 478 127 501 208
pottedplant 0.0025 483 35 501 137
pottedplant 0.0022 491 49 500 108
pottedplant 0.0011 492 150 500 208
tvmonitor 0.0011 198 11 271 71
