cat 0.7496 229 85 315 123
cat 0.0035 219 98 292 121
cat 0.0028 233 76 353 119
cat 0.0027 227 60 317 158
cat 0.0011 182 72 303 120
chair 0.0024 0 92 54 228
chair 0.0012 -6 9 129 268
chair 0.0011 203 61 356 170
dog 0.9845 27 173 402 320
dog 0.0015 159 189 409 301
person 0.7934 63 17 193 146
person 0.0173 14 5 192 227
person 0.0014 0 31 15 212
person 0.0013 -1 11 59 232
sofa 0.3879 45 32 363 203
sofa 0.0276 44 22 226 250
sofa 0.0049 70 88 341 186
sofa 0.0035 -8 134 363 312
sofa 0.0024 -64 7 343 269
sofa 0.0017 164 56 344 172
sofa 0.0010 69 45 346 138
