bottle 0.0132 141 167 159 182
person 0.9976 304 65 496 361
person 0.9756 236 101 327 373
person 0.9540 69 99 211 376
person 0.8543 113 100 297 382
person 0.5923 191 104 378 375
person 0.1734 175 95 261 379
person 0.0110 81 66 490 376
person 0.0092 86 123 246 304
person 0.0083 473 154 498 319
person 0.0028 450 154 497 350
person 0.0025 128 165 275 320
person 0.0024 83 110 200 250
person 0.0022 218 138 345 297
person 0.0021 301 76 405 250
person 0.0010 469 70 503 320
sofa 0.6109 101 112 402 373
sofa 0.1551 257 109 485 371
sofa 0.0616 48 149 303 380
