chair 0.0012 99 125 137 167
person 0.9981 116 276 146 357
person 0.9980 11 264 79 438
person 0.9922 332 269 373 388
person 0.7852 101 284 118 333
person 0.7377 141 281 158 337
person 0.5988 70 276 89 334
person 0.3185 312 277 333 327
person 0.3146 97 281 109 329
person 0.2697 219 199 249 321
person 0.0387 94 281 105 323
person 0.0343 264 279 285 312
person 0.0267 368 263 375 361
person 0.0194 182 281 194 310
person 0.0174 356 269 375 394
person 0.0172 263 282 290 347
person 0.0082 164 281 174 311
person 0.0071 371 273 375 312
person 0.0035 53 271 84 357
person 0.0030 369 287 375 412
person 0.0029 158 279 167 311
person 0.0018 98 279 123 352
person 0.0018 370 288 375 335
person 0.0017 11 271 83 359
person 0.0015 368 255 375 312
person 0.0014 112 280 124 330
person 0.0013 371 258 375 292
person 0.0013 278 278 291 312
person 0.0013 0 169 95 485
person 0.0013 363 283 374 467
person 0.0013 211 199 243 289
person 0.0012 234 -6 269 101
person 0.0012 210 -23 267 157
person 0.0012 201 205 250 345
person 0.0011 58 276 68 291
person 0.0011 96 280 107 308
