boat 0.9844 354 205 449 245
boat 0.6376 40 243 87 264
boat 0.4851 60 202 108 252
boat 0.1393 259 227 281 236
boat 0.1312 270 195 364 232
boat 0.0888 75 206 103 246
boat 0.0523 54 230 109 252
boat 0.0187 274 201 330 225
boat 0.0174 79 235 105 248
boat 0.0135 472 213 499 222
boat 0.0119 53 238 85 260
boat 0.0109 489 212 499 223
boat 0.0108 228 221 278 233
boat 0.0103 387 204 447 234
boat 0.0067 48 248 79 261
boat 0.0045 274 218 329 231
boat 0.0043 79 228 102 243
boat 0.0042 448 212 500 225
boat 0.0041 56 237 83 249
boat 0.0038 78 242 108 250
boat 0.0033 229 224 262 232
boat 0.0031 43 177 119 273
boat 0.0031 51 242 77 257
boat 0.0030 264 203 444 238
boat 0.0021 45 232 86 253
boat 0.0020 492 217 499 295
boat 0.0016 278 217 364 233
boat 0.0014 38 252 87 267
boat 0.0014 314 204 363 232
boat 0.0013 49 216 99 252
boat 0.0013 41 246 50 263
boat 0.0013 69 239 110 252
boat 0.0010 256 223 278 234
boat 0.0010 43 208 87 245
boat 0.0010 476 187 498 222
chair 0.0014 129 105 150 148
person 0.0044 492 225 499 299
