bicycle 0.0033 353 230 359 273
bicycle 0.0015 345 214 359 271
bicycle 0.0013 341 242 360 271
chair 0.0019 353 205 360 267
person 0.0026 355 252 360 271
person 0.0014 353 262 360 269
pottedplant 0.8908 343 199 360 220
pottedplant 0.0253 86 192 100 204
pottedplant 0.0075 344 179 360 246
pottedplant 0.0053 345 200 360 269
pottedplant 0.0049 342 182 359 218
pottedplant 0.0044 343 203 359 236
pottedplant 0.0027 1 55 36 223
pottedplant 0.0024 352 177 359 222
pottedplant 0.0019 326 199 361 221
pottedplant 0.0018 349 206 359 222
pottedplant 0.0018 167 193 185 202
pottedplant 0.0016 0 176 18 270
pottedplant 0.0016 345 160 360 224
pottedplant 0.0015 351 196 359 215
pottedplant 0.0010 79 191 106 205
