dog 0.9839 191 149 394 271
dog 0.8246 74 160 271 327
dog 0.0060 108 154 405 323
dog 0.0041 403 331 500 375
dog 0.0026 316 352 510 376
person 0.9931 395 2 467 147
person 0.9870 116 0 186 182
person 0.9846 208 -3 247 138
person 0.9800 351 63 408 144
person 0.9796 179 -2 216 141
person 0.9149 9 0 127 375
person 0.8114 410 39 499 292
person 0.5028 0 -4 21 135
person 0.2588 105 0 132 132
person 0.0918 0 0 53 132
person 0.0614 38 13 225 359
person 0.0288 435 14 502 232
person 0.0147 84 -3 129 134
person 0.0137 109 0 130 8
person 0.0097 2 0 24 8
person 0.0095 0 -1 13 65
person 0.0063 0 0 22 34
person 0.0061 479 -9 500 166
person 0.0059 0 6 95 148
person 0.0058 0 -1 9 122
person 0.0054 119 3 168 130
person 0.0053 0 0 13 9
person 0.0044 0 56 23 158
person 0.0042 110 -1 129 49
person 0.0038 320 24 496 296
person 0.0034 107 70 186 284
person 0.0033 96 40 126 141
person 0.0030 121 0 177 19
person 0.0028 0 34 7 145
person 0.0024 115 0 141 8
person 0.0024 51 0 124 131
person 0.0022 1 24 100 277
person 0.0022 199 0 215 10
person 0.0020 29 163 135 343
person 0.0020 137 0 185 134
person 0.0019 278 1 358 130
person 0.0018 98 0 126 8
person 0.0018 3 1 50 73
person 0.0017 0 -1 13 22
person 0.0017 9 0 37 7
person 0.0016 468 0 505 244
person 0.0016 164 0 209 21
person 0.0016 110 17 125 102
person 0.0016 387 118 486 298
person 0.0014 98 4 154 175
person 0.0014 208 17 224 74
person 0.0014 172 158 271 316
person 0.0014 133 0 181 11
person 0.0013 205 0 225 10
person 0.0013 109 0 130 22
person 0.0011 199 3 214 58
person 0.0011 441 -7 500 143
person 0.0010 201 23 266 105
person 0.0010 204 3 246 72
person 0.0010 480 35 500 236
