chair 0.0619 31 256 326 341
chair 0.0077 0 172 7 243
chair 0.0048 7 190 51 273
chair 0.0017 2 170 47 240
chair 0.0016 0 166 23 244
pottedplant 0.7953 193 137 246 182
pottedplant 0.7140 145 123 183 184
pottedplant 0.2695 5 32 169 266
pottedplant 0.0317 21 171 162 275
pottedplant 0.0110 162 129 253 181
pottedplant 0.0081 5 54 129 195
pottedplant 0.0081 148 146 173 187
pottedplant 0.0060 179 160 198 185
pottedplant 0.0058 151 172 169 187
pottedplant 0.0053 4 155 45 179
pottedplant 0.0026 176 132 195 177
pottedplant 0.0025 183 110 258 196
pottedplant 0.0020 129 121 171 184
pottedplant 0.0019 139 123 222 182
pottedplant 0.0017 129 133 197 188
pottedplant 0.0015 9 203 52 278
pottedplant 0.0014 22 191 61 273
pottedplant 0.0014 167 129 187 180
pottedplant 0.0011 144 136 179 214
sofa 0.6373 65 262 502 343
sofa 0.0061 132 297 512 343
sofa 0.0025 301 263 499 344
tvmonitor 0.9911 274 181 355 244
