boat 0.8283 51 171 292 255
boat 0.0679 408 125 466 136
boat 0.0497 410 126 440 135
boat 0.0296 409 122 431 133
boat 0.0264 438 127 469 134
boat 0.0107 247 149 388 187
boat 0.0067 71 222 113 250
boat 0.0062 427 125 482 136
boat 0.0041 23 169 185 256
boat 0.0023 29 128 378 249
boat 0.0018 281 159 385 179
boat 0.0018 463 127 485 135
boat 0.0010 418 128 456 134
boat 0.0010 194 151 387 229
boat 0.0010 84 187 204 254
boat 0.0010 398 121 442 135
bus 0.0048 259 150 389 234
car 0.0202 247 154 387 201
cow 0.9440 297 177 389 241
person 0.9057 252 169 281 247
person 0.8277 383 166 455 233
person 0.6723 98 181 126 256
person 0.0382 124 177 151 217
person 0.0099 125 173 172 211
person 0.0080 107 174 146 219
person 0.0078 114 137 206 198
person 0.0071 73 174 177 218
person 0.0042 135 178 161 215
person 0.0034 1 116 9 136
person 0.0028 130 144 189 212
person 0.0021 117 172 161 244
person 0.0015 0 125 8 138
person 0.0015 100 177 124 218
person 0.0015 53 180 158 246
person 0.0014 241 172 311 244
person 0.0013 56 154 194 209
person 0.0011 132 168 183 201
