bottle 0.8971 402 292 427 359
bottle 0.0191 321 130 343 162
bottle 0.0022 417 228 435 256
diningtable 0.0068 297 234 499 377
person 0.9527 143 137 375 315
person 0.0014 450 26 463 39
person 0.0011 481 207 499 383
pottedplant 0.8377 362 142 398 196
sofa 0.9217 -25 138 373 365
sofa 0.6520 391 120 499 235
sofa 0.0513 141 143 414 390
sofa 0.0057 469 156 500 262
sofa 0.0028 393 163 499 221
sofa 0.0020 381 107 501 323
sofa 0.0010 19 181 324 310
tvmonitor 0.0072 442 18 493 76
tvmonitor 0.0031 439 30 490 61
