chair 0.4591 1 44 64 198
chair 0.0034 0 42 20 200
chair 0.0012 -5 24 35 218
person 0.0258 0 23 62 169
person 0.0078 0 10 25 118
person 0.0060 306 0 323 11
person 0.0016 310 0 328 16
person 0.0013 478 102 499 285
person 0.0012 481 146 500 357
person 0.0010 470 114 505 388
pottedplant 0.9815 18 -2 110 138
pottedplant 0.9670 275 49 385 172
pottedplant 0.5543 96 61 186 160
pottedplant 0.3331 142 32 189 105
pottedplant 0.3001 85 79 126 161
pottedplant 0.1258 155 40 200 117
pottedplant 0.0846 97 30 192 101
pottedplant 0.0419 274 55 365 127
pottedplant 0.0367 65 12 202 140
pottedplant 0.0208 14 31 186 163
pottedplant 0.0117 78 32 138 159
pottedplant 0.0101 127 36 198 148
pottedplant 0.0056 25 7 73 124
pottedplant 0.0052 0 -3 66 137
pottedplant 0.0050 117 85 194 154
pottedplant 0.0042 117 40 174 113
pottedplant 0.0028 289 62 345 153
pottedplant 0.0025 43 22 90 130
pottedplant 0.0020 74 81 111 160
pottedplant 0.0017 96 55 148 138
pottedplant 0.0015 8 3 172 98
pottedplant 0.0014 72 105 143 162
pottedplant 0.0013 7 11 48 118
pottedplant 0.0011 309 59 360 159
pottedplant 0.0010 19 59 115 124
pottedplant 0.0010 176 43 219 118
sofa 0.6717 207 129 504 368
sofa 0.0023 233 187 484 306
tvmonitor 0.0262 468 18 501 82
tvmonitor 0.0018 455 25 499 98
