chair 0.6204 1 181 85 280
chair 0.0103 0 162 19 280
chair 0.0041 0 127 59 274
chair 0.0026 -1 127 122 282
chair 0.0014 -1 228 72 280
chair 0.0013 448 274 501 280
chair 0.0012 0 171 7 265
chair 0.0011 0 225 24 280
chair 0.0011 -3 133 28 289
chair 0.0010 0 166 48 255
person 0.0098 1 61 15 252
person 0.0029 -3 49 23 263
pottedplant 0.3760 24 81 73 230
pottedplant 0.0399 36 81 69 166
pottedplant 0.0050 1 69 63 243
pottedplant 0.0050 9 131 81 246
pottedplant 0.0022 30 132 69 224
tvmonitor 0.9775 212 142 337 252
tvmonitor 0.0095 470 273 501 280
tvmonitor 0.0045 155 110 181 141
tvmonitor 0.0020 213 163 336 214
