bottle 0.0014 232 239 243 256
chair 0.0039 322 314 502 333
chair 0.0027 416 312 495 333
pottedplant 0.9855 76 252 125 298
pottedplant 0.9157 31 146 72 225
pottedplant 0.2026 340 259 368 313
pottedplant 0.0535 36 192 94 306
pottedplant 0.0186 24 132 75 290
pottedplant 0.0042 317 248 363 307
pottedplant 0.0040 50 247 89 304
pottedplant 0.0037 65 256 115 310
pottedplant 0.0027 280 140 303 163
pottedplant 0.0026 67 232 135 321
pottedplant 0.0022 295 258 374 315
pottedplant 0.0017 276 148 294 163
pottedplant 0.0012 273 299 439 333
