boat 0.9794 55 73 277 408
boat 0.9322 15 278 53 366
boat 0.0577 28 278 66 364
boat 0.0228 10 355 39 366
boat 0.0123 0 271 20 363
boat 0.0075 -2 260 52 378
boat 0.0074 0 355 10 366
boat 0.0064 43 355 68 366
boat 0.0050 27 355 52 367
boat 0.0050 235 337 289 366
boat 0.0046 0 294 7 366
boat 0.0029 0 343 17 357
boat 0.0029 0 320 17 359
boat 0.0023 0 341 8 359
boat 0.0021 16 264 76 376
boat 0.0020 23 286 40 358
boat 0.0015 26 352 68 367
boat 0.0014 243 348 295 368
boat 0.0011 0 326 6 356
car 0.0051 74 350 89 365
car 0.0012 66 351 83 366
person 0.3395 96 335 114 364
person 0.0405 91 334 107 364
person 0.0162 198 347 210 360
person 0.0143 116 338 137 357
person 0.0104 183 346 195 360
person 0.0057 206 351 220 363
person 0.0047 111 337 125 360
person 0.0040 192 346 208 360
person 0.0037 178 345 191 359
person 0.0030 102 338 136 362
person 0.0022 111 333 142 354
person 0.0021 84 350 95 365
person 0.0021 210 352 226 363
person 0.0013 101 344 118 368
person 0.0012 91 330 119 360
