boat 0.9316 51 10 461 292
boat 0.0941 483 288 500 307
boat 0.0922 465 290 501 353
boat 0.0472 409 249 498 288
boat 0.0274 486 249 499 304
boat 0.0067 478 240 500 320
boat 0.0062 455 289 500 323
boat 0.0031 467 288 502 311
boat 0.0026 454 296 519 347
boat 0.0023 441 286 504 341
boat 0.0022 -2 -1 122 316
boat 0.0019 480 286 497 301
boat 0.0019 483 285 500 325
boat 0.0018 479 277 499 310
boat 0.0017 55 297 445 370
boat 0.0015 491 231 499 295
boat 0.0012 445 255 501 364
boat 0.0011 481 198 500 307
boat 0.0011 486 273 499 296
car 0.0098 1 273 44 346
