boat 0.7929 57 94 191 268
boat 0.7040 168 98 245 268
boat 0.0530 66 259 187 288
boat 0.0492 130 228 181 249
boat 0.0388 200 235 247 260
boat 0.0362 172 253 208 271
boat 0.0274 82 82 258 263
boat 0.0206 139 233 199 255
boat 0.0194 98 261 175 283
boat 0.0153 176 240 245 263
boat 0.0133 89 244 189 282
boat 0.0108 121 235 210 275
boat 0.0060 126 96 211 268
boat 0.0053 101 254 182 277
boat 0.0050 185 223 251 262
boat 0.0044 138 221 248 267
boat 0.0036 110 234 175 256
boat 0.0030 175 242 216 269
boat 0.0027 110 242 162 264
boat 0.0025 149 251 205 275
boat 0.0023 173 233 219 261
boat 0.0016 152 68 289 273
boat 0.0011 112 239 149 256
boat 0.0010 71 275 173 292
boat 0.0010 178 118 208 247
