bottle 0.0015 206 214 229 251
bottle 0.0012 371 368 505 374
bottle 0.0012 456 367 496 375
chair 0.0386 2 239 53 373
chair 0.0134 5 235 176 376
chair 0.0065 11 172 268 374
chair 0.0011 0 234 26 384
diningtable 0.0019 332 354 532 374
diningtable 0.0011 354 334 510 374
person 0.9928 344 223 491 373
person 0.9910 34 73 299 377
person 0.9403 328 133 459 355
person 0.9138 443 46 500 343
person 0.7899 206 154 362 377
person 0.2882 275 33 313 100
person 0.0321 154 157 182 197
person 0.0124 293 40 316 94
person 0.0048 124 96 375 350
person 0.0031 45 0 126 100
person 0.0031 466 81 504 392
person 0.0031 482 215 499 376
person 0.0029 441 218 500 372
person 0.0029 483 95 500 351
person 0.0023 291 32 331 102
person 0.0020 95 157 311 274
person 0.0019 268 38 301 112
person 0.0015 413 105 498 369
person 0.0013 492 261 499 379
person 0.0010 275 31 298 91
sofa 0.1809 3 110 491 386
sofa 0.1127 181 160 469 380
sofa 0.0029 105 244 393 371
sofa 0.0019 18 258 487 392
