chair 0.0148 339 165 403 329
chair 0.0131 176 245 228 344
chair 0.0102 476 199 500 361
chair 0.0024 409 219 457 312
chair 0.0019 90 254 156 364
chair 0.0015 408 197 492 336
chair 0.0015 491 247 500 351
chair 0.0011 173 179 237 351
chair 0.0011 473 272 500 375
chair 0.0010 343 228 399 307
diningtable 0.0125 65 278 446 374
diningtable 0.0010 4 207 497 400
person 0.9877 340 159 400 291
person 0.9820 239 149 303 299
person 0.9500 185 154 245 314
person 0.2876 476 130 500 345
person 0.0251 450 146 497 358
person 0.0037 480 80 500 280
person 0.0024 492 171 499 297
person 0.0022 473 37 503 323
tvmonitor 0.0023 23 -16 480 276
