aeroplane 0.0756 51 181 109 199
aeroplane 0.0012 170 169 225 184
bottle 0.0066 477 273 488 292
bottle 0.0059 0 199 11 223
bottle 0.0031 17 291 28 303
bottle 0.0011 474 265 492 303
chair 0.9519 176 324 303 374
chair 0.9273 316 326 430 374
chair 0.9040 450 321 499 375
chair 0.8852 0 300 56 375
chair 0.8838 40 285 100 372
chair 0.3394 250 276 276 303
chair 0.2739 237 328 361 374
chair 0.2415 120 272 166 325
chair 0.1073 163 307 238 373
chair 0.1000 282 311 396 374
chair 0.0926 339 309 402 373
chair 0.0868 0 309 10 361
chair 0.0619 1 0 130 86
chair 0.0544 339 306 400 337
chair 0.0372 0 324 12 374
chair 0.0364 177 275 221 307
chair 0.0361 0 276 22 305
chair 0.0351 0 296 9 344
chair 0.0340 0 282 14 299
chair 0.0334 252 281 278 331
chair 0.0308 270 286 319 309
chair 0.0278 154 284 182 326
chair 0.0221 292 282 331 332
chair 0.0192 385 327 433 374
chair 0.0174 6 274 43 295
chair 0.0162 318 339 384 373
chair 0.0159 0 302 22 352
chair 0.0148 3 276 21 293
chair 0.0145 294 276 313 289
chair 0.0136 0 280 13 319
chair 0.0114 488 323 499 375
chair 0.0113 66 272 117 310
chair 0.0105 0 317 6 352
chair 0.0099 273 278 292 288
chair 0.0092 47 270 77 280
chair 0.0089 0 297 4 329
chair 0.0072 20 288 77 367
chair 0.0071 270 325 322 376
chair 0.0068 -5 0 133 198
chair 0.0067 291 346 422 376
chair 0.0065 260 356 323 374
chair 0.0062 166 306 221 333
chair 0.0059 284 277 298 288
chair 0.0058 262 363 340 374
chair 0.0058 166 273 184 284
chair 0.0056 344 278 373 308
chair 0.0053 0 286 24 325
chair 0.0051 120 278 142 330
chair 0.0047 0 352 9 375
chair 0.0044 291 276 335 308
chair 0.0039 474 316 500 369
chair 0.0037 0 285 9 311
chair 0.0036 350 280 410 315
chair 0.0035 17 273 43 284
chair 0.0035 182 346 330 376
chair 0.0033 54 277 111 339
chair 0.0032 298 324 494 380
chair 0.0031 0 363 10 375
chair 0.0031 287 354 359 374
chair 0.0031 6 7 164 128
chair 0.0031 136 279 161 329
chair 0.0030 10 276 54 302
chair 0.0029 44 272 60 281
chair 0.0027 0 351 50 375
chair 0.0025 0 332 9 365
chair 0.0025 173 283 224 331
chair 0.0025 169 367 302 374
chair 0.0024 0 269 10 285
chair 0.0023 293 276 334 294
chair 0.0022 -4 365 70 374
chair 0.0022 491 301 500 369
chair 0.0022 275 275 328 324
chair 0.0018 -1 317 29 380
chair 0.0018 41 272 83 297
chair 0.0018 255 281 316 302
chair 0.0018 320 44 422 89
chair 0.0016 310 324 365 374
chair 0.0016 375 278 407 318
chair 0.0016 0 263 7 277
chair 0.0015 417 368 515 374
chair 0.0015 185 296 243 329
chair 0.0015 0 338 24 375
chair 0.0015 89 271 115 312
chair 0.0014 494 325 499 359
chair 0.0014 467 265 486 304
chair 0.0014 36 352 86 375
chair 0.0014 0 325 91 371
chair 0.0013 318 304 398 352
chair 0.0013 240 294 287 329
chair 0.0012 159 283 205 330
chair 0.0012 270 293 317 330
chair 0.0012 27 366 95 374
chair 0.0012 440 303 504 399
chair 0.0011 215 295 240 331
chair 0.0011 291 325 341 375
chair 0.0011 162 297 211 358
chair 0.0011 190 322 253 376
chair 0.0011 325 366 452 375
chair 0.0011 489 366 500 374
chair 0.0011 143 275 171 324
chair 0.0010 236 294 258 330
chair 0.0010 0 260 13 295
chair 0.0010 492 353 499 376
chair 0.0010 253 340 315 374
chair 0.0010 134 290 373 438
chair 0.0010 1 365 25 374
diningtable 0.5539 166 323 416 375
diningtable 0.2256 243 328 387 373
diningtable 0.0792 0 292 98 363
diningtable 0.0741 205 288 317 329
diningtable 0.0224 260 283 330 329
diningtable 0.0106 -1 301 48 337
diningtable 0.0104 119 275 200 323
diningtable 0.0057 122 299 320 375
diningtable 0.0028 338 276 414 316
diningtable 0.0021 228 347 372 376
diningtable 0.0018 161 275 342 343
diningtable 0.0017 141 301 441 431
diningtable 0.0014 -29 308 60 369
diningtable 0.0013 0 296 46 318
person 0.9700 460 224 497 289
person 0.7473 271 252 288 284
person 0.2610 470 255 498 364
person 0.2575 489 228 500 282
person 0.0550 355 245 389 313
person 0.0364 356 249 382 289
person 0.0285 86 245 101 277
person 0.0206 492 227 499 254
person 0.0180 456 277 500 375
person 0.0116 474 226 498 272
person 0.0080 492 237 500 273
person 0.0024 489 239 500 313
person 0.0022 258 252 269 270
person 0.0018 455 232 519 293
person 0.0017 462 213 509 321
person 0.0011 462 224 491 260
pottedplant 0.0225 294 243 342 319
pottedplant 0.0135 113 247 160 277
pottedplant 0.0084 180 240 219 296
pottedplant 0.0067 106 242 180 289
pottedplant 0.0050 116 244 166 319
pottedplant 0.0020 339 246 378 314
pottedplant 0.0018 373 246 411 314
pottedplant 0.0016 409 250 463 310
pottedplant 0.0014 278 271 348 325
pottedplant 0.0013 288 244 381 316
pottedplant 0.0011 332 271 349 312
sofa 0.0069 52 271 115 318
