bicycle 0.6706 275 383 376 501
bicycle 0.3810 92 317 128 382
bicycle 0.3683 248 317 372 496
bicycle 0.2531 84 285 136 381
bicycle 0.2024 250 353 313 435
bicycle 0.0748 177 334 216 406
bicycle 0.0531 288 436 379 500
bicycle 0.0205 0 319 24 422
bicycle 0.0125 170 290 224 414
bicycle 0.0095 240 313 273 396
bicycle 0.0066 254 321 330 460
bicycle 0.0050 246 320 282 423
bicycle 0.0042 242 308 298 399
bicycle 0.0036 272 378 346 446
bicycle 0.0034 258 366 299 446
bicycle 0.0031 260 363 358 431
bicycle 0.0028 278 464 374 501
bicycle 0.0025 282 487 374 499
bicycle 0.0019 188 339 208 402
bicycle 0.0018 216 370 340 506
bicycle 0.0013 289 353 327 439
bicycle 0.0011 336 486 376 500
bottle 0.0010 354 487 375 500
car 0.0012 0 269 4 298
person 0.9862 25 282 65 422
person 0.9799 249 284 313 421
person 0.9784 90 272 134 373
person 0.9645 171 268 224 392
person 0.9588 0 285 26 416
person 0.8883 270 249 374 491
person 0.0824 239 298 275 340
person 0.0543 239 291 274 377
person 0.0206 245 305 281 403
person 0.0202 240 286 295 353
person 0.0160 2 277 30 368
person 0.0056 219 286 235 359
person 0.0038 360 239 374 511
person 0.0032 167 272 198 368
person 0.0026 0 280 6 401
person 0.0026 -18 305 38 399
person 0.0019 330 240 375 508
person 0.0017 272 315 313 432
person 0.0017 351 219 378 531
person 0.0014 0 242 4 284
person 0.0013 132 303 147 340
person 0.0010 0 232 6 294
