bottle 0.9876 321 283 366 376
bottle 0.0037 0 90 6 147
bottle 0.0027 76 109 88 128
bottle 0.0026 49 100 60 137
bottle 0.0016 145 370 174 374
chair 0.4699 0 189 53 372
chair 0.3395 434 164 500 341
chair 0.3316 405 90 498 300
chair 0.0616 393 86 474 220
chair 0.0600 195 183 462 358
chair 0.0472 413 213 500 372
chair 0.0415 -2 173 119 376
chair 0.0388 11 117 195 369
chair 0.0347 398 204 471 329
chair 0.0327 410 55 500 220
chair 0.0132 392 91 426 210
chair 0.0131 328 206 482 344
chair 0.0088 3 241 85 372
chair 0.0080 0 174 24 358
chair 0.0076 477 275 500 371
chair 0.0074 375 115 504 371
chair 0.0041 0 297 51 375
chair 0.0038 450 130 496 257
chair 0.0038 479 142 500 333
chair 0.0037 49 180 217 315
chair 0.0029 464 126 505 349
chair 0.0025 470 365 500 374
chair 0.0024 450 356 500 374
chair 0.0023 8 233 174 371
chair 0.0023 -4 286 130 374
chair 0.0014 425 201 478 305
chair 0.0014 400 365 514 375
chair 0.0012 0 139 18 308
chair 0.0012 269 235 469 365
chair 0.0012 476 106 500 253
chair 0.0011 0 185 49 290
chair 0.0010 407 202 462 278
chair 0.0010 384 98 450 261
chair 0.0010 21 208 65 351
chair 0.0010 383 4 507 261
chair 0.0010 429 112 476 218
diningtable 0.8298 16 309 489 375
diningtable 0.1384 57 326 383 373
diningtable 0.0082 242 354 432 375
diningtable 0.0057 139 178 454 362
diningtable 0.0054 219 330 506 375
diningtable 0.0032 24 234 478 374
diningtable 0.0021 369 328 495 375
diningtable 0.0016 214 175 429 311
diningtable 0.0014 294 330 384 375
diningtable 0.0012 16 298 252 371
diningtable 0.0012 312 301 494 373
diningtable 0.0011 343 355 522 375
person 0.9975 41 59 221 360
person 0.9957 193 100 440 350
person 0.9623 443 48 500 225
person 0.0108 208 149 425 289
person 0.0108 43 114 214 266
person 0.0072 -39 52 311 373
person 0.0034 -16 48 138 386
person 0.0030 478 41 501 204
person 0.0023 -6 209 38 378
person 0.0022 492 21 500 99
person 0.0018 -1 276 31 372
person 0.0017 481 15 501 114
person 0.0012 459 67 508 293
person 0.0011 493 47 499 159
person 0.0011 470 0 499 24
pottedplant 0.0034 1 -1 63 135
tvmonitor 0.0364 98 3 144 60
tvmonitor 0.0111 31 0 141 52
tvmonitor 0.0021 18 -2 163 79
tvmonitor 0.0010 61 4 115 62
