bottle 0.0166 443 365 467 374
bottle 0.0052 431 366 463 375
bottle 0.0031 472 338 499 376
bottle 0.0022 429 364 483 375
bottle 0.0019 431 354 482 376
bottle 0.0015 472 367 499 375
bottle 0.0015 452 367 480 375
bottle 0.0014 433 353 459 374
chair 0.3601 -1 100 207 379
chair 0.2879 198 172 386 369
chair 0.2453 1 218 97 374
chair 0.1661 350 111 477 366
chair 0.0153 213 207 309 358
chair 0.0141 6 194 173 364
chair 0.0040 0 180 63 359
chair 0.0037 -2 278 131 376
chair 0.0012 0 192 19 371
chair 0.0011 477 100 500 288
chair 0.0010 470 88 505 358
chair 0.0010 -1 266 66 374
chair 0.0010 0 326 96 375
diningtable 0.0030 406 309 499 373
diningtable 0.0024 434 328 501 374
diningtable 0.0019 365 329 502 376
diningtable 0.0013 473 319 499 382
person 0.9988 197 67 395 378
person 0.9975 0 39 243 385
person 0.9619 369 57 488 335
person 0.0136 197 140 388 294
person 0.0050 255 60 471 371
person 0.0044 478 241 499 379
person 0.0024 17 152 228 275
person 0.0023 491 283 500 372
person 0.0020 475 300 498 376
person 0.0016 444 242 500 375
pottedplant 0.7877 267 23 389 121
pottedplant 0.0042 303 32 366 104
pottedplant 0.0018 256 10 402 190
tvmonitor 0.9827 12 28 262 183
tvmonitor 0.0277 8 0 258 307
