bottle 0.9742 48 325 70 373
bottle 0.9722 12 230 41 321
bottle 0.9717 38 123 64 203
bottle 0.9532 68 322 89 374
bottle 0.9469 8 24 33 102
bottle 0.9449 61 126 82 203
bottle 0.9313 113 136 131 202
bottle 0.9128 140 76 160 131
bottle 0.8845 472 221 493 271
bottle 0.8320 73 47 98 118
bottle 0.8131 86 224 112 299
bottle 0.8048 454 222 473 271
bottle 0.7335 183 93 204 142
bottle 0.5671 447 221 468 272
bottle 0.4593 129 140 145 185
bottle 0.4429 0 33 9 89
bottle 0.4420 488 214 500 269
bottle 0.2460 147 85 167 135
bottle 0.1302 83 222 98 290
bottle 0.0998 451 216 484 279
bottle 0.0635 100 219 114 291
bottle 0.0553 51 317 84 372
bottle 0.0483 448 207 462 246
bottle 0.0200 135 75 166 164
bottle 0.0195 491 213 500 240
bottle 0.0169 122 134 139 191
bottle 0.0165 491 225 500 258
bottle 0.0136 0 48 6 87
bottle 0.0132 58 238 84 286
bottle 0.0128 491 228 500 296
bottle 0.0098 4 26 24 83
bottle 0.0095 0 35 6 73
bottle 0.0080 493 238 500 272
bottle 0.0079 0 215 22 323
bottle 0.0072 125 132 152 200
bottle 0.0071 465 211 486 245
bottle 0.0061 5 269 16 314
bottle 0.0058 89 123 123 206
bottle 0.0055 0 9 7 69
bottle 0.0053 474 218 497 309
bottle 0.0053 1 258 11 325
bottle 0.0050 441 223 459 272
bottle 0.0044 0 24 5 55
bottle 0.0042 -1 368 31 375
bottle 0.0042 210 102 227 147
bottle 0.0039 1 94 24 235
bottle 0.0035 455 209 473 247
bottle 0.0035 0 218 6 320
bottle 0.0034 34 313 70 374
bottle 0.0033 474 211 496 245
bottle 0.0033 0 103 5 191
bottle 0.0031 71 138 85 199
bottle 0.0031 8 325 86 376
bottle 0.0031 6 112 45 216
bottle 0.0027 491 263 499 348
bottle 0.0026 0 130 5 222
bottle 0.0025 54 40 88 122
bottle 0.0024 56 236 87 323
bottle 0.0023 93 223 112 273
bottle 0.0023 466 220 504 265
bottle 0.0021 108 56 145 129
bottle 0.0020 3 324 48 375
bottle 0.0020 76 226 107 328
bottle 0.0019 131 80 169 127
bottle 0.0016 152 89 165 119
bottle 0.0016 448 195 464 234
bottle 0.0016 62 320 99 367
bottle 0.0015 51 66 75 113
bottle 0.0015 0 55 6 167
bottle 0.0014 421 210 438 243
bottle 0.0013 60 367 83 375
bottle 0.0013 5 248 19 307
bottle 0.0013 475 228 492 255
bottle 0.0013 156 76 171 133
bottle 0.0012 0 337 27 375
bottle 0.0012 51 336 68 363
bottle 0.0012 0 77 4 102
bottle 0.0012 429 209 448 243
bottle 0.0012 64 163 83 203
bottle 0.0011 69 336 94 391
bottle 0.0011 0 128 3 166
bottle 0.0011 143 88 157 119
bottle 0.0011 1 48 21 196
bottle 0.0011 3 62 42 181
bottle 0.0011 -3 242 61 313
bottle 0.0010 84 368 117 375
bottle 0.0010 143 97 173 174
bottle 0.0010 0 142 3 180
bottle 0.0010 81 137 96 200
chair 0.0084 440 267 499 376
chair 0.0029 476 270 500 378
chair 0.0024 470 325 501 376
chair 0.0018 470 351 499 375
diningtable 0.0018 440 237 501 356
person 0.9938 113 154 249 373
person 0.9933 215 76 446 374
person 0.0533 120 104 382 385
person 0.0075 0 100 15 317
person 0.0069 475 149 499 267
person 0.0043 490 176 500 247
person 0.0033 0 275 23 374
person 0.0032 492 209 500 233
person 0.0021 0 173 5 294
person 0.0020 298 65 506 370
person 0.0019 226 150 427 287
person 0.0018 0 -7 8 57
person 0.0015 443 113 500 274
person 0.0014 480 233 499 358
person 0.0013 -3 80 25 338
person 0.0012 490 144 499 224
person 0.0011 -1 99 54 318
person 0.0011 453 161 497 256
