bottle 0.0050 136 150 147 185
bottle 0.0042 155 156 164 181
bottle 0.0032 141 152 148 173
bottle 0.0032 138 150 146 176
bottle 0.0010 160 159 168 177
chair 0.9715 187 193 410 357
chair 0.4204 187 158 334 256
chair 0.1153 253 163 339 255
chair 0.0151 1 158 53 316
chair 0.0074 0 166 26 307
chair 0.0041 0 239 93 379
chair 0.0035 219 164 343 309
chair 0.0035 0 149 87 271
chair 0.0030 432 194 500 342
chair 0.0024 0 212 22 349
chair 0.0020 191 171 288 241
chair 0.0019 0 227 50 333
chair 0.0018 247 211 468 340
chair 0.0012 6 279 176 378
chair 0.0012 6 159 124 314
person 0.9951 190 132 287 258
person 0.0011 466 116 480 131
sofa 0.0404 6 154 166 275
sofa 0.0071 0 137 136 352
sofa 0.0012 3 245 177 369
