bottle 0.1739 124 49 192 114
bottle 0.0024 251 373 275 489
chair 0.7150 88 149 130 247
chair 0.6297 53 161 109 249
chair 0.0151 102 161 167 247
chair 0.0128 80 157 115 246
chair 0.0034 37 136 82 157
chair 0.0027 126 175 166 257
chair 0.0017 0 137 15 196
chair 0.0013 0 141 14 160
diningtable 0.0196 45 158 140 257
person 0.9811 132 -7 292 506
person 0.0045 1 19 285 485
person 0.0011 0 60 14 189
pottedplant 0.0015 0 54 16 109
sofa 0.0251 26 136 81 159
sofa 0.0058 0 136 43 194
sofa 0.0014 1 136 42 165
tvmonitor 0.0078 0 187 31 325
tvmonitor 0.0032 0 165 17 317
tvmonitor 0.0031 0 169 62 351
tvmonitor 0.0022 0 220 8 289
