bottle 0.0417 7 102 21 137
bottle 0.0062 0 102 9 149
bottle 0.0039 283 325 466 377
bottle 0.0034 0 101 3 124
bottle 0.0024 247 16 265 48
bottle 0.0019 5 107 23 156
bottle 0.0014 479 104 495 162
bottle 0.0010 475 42 500 174
chair 0.0935 205 248 286 311
chair 0.0548 237 219 398 335
chair 0.0240 371 234 405 331
chair 0.0040 239 332 495 376
chair 0.0036 342 228 404 333
chair 0.0034 373 222 404 284
chair 0.0029 2 272 44 375
chair 0.0025 174 248 409 353
chair 0.0015 378 255 404 300
diningtable 0.4041 21 302 471 374
diningtable 0.0076 92 331 478 375
diningtable 0.0049 52 233 447 376
diningtable 0.0042 17 302 258 370
person 0.9954 234 141 392 334
person 0.9659 29 108 131 343
person 0.9393 81 15 168 315
person 0.0671 0 218 30 373
person 0.0190 0 146 18 359
person 0.0115 5 106 92 370
person 0.0102 -4 116 27 389
person 0.0094 141 36 186 239
person 0.0086 1 192 50 373
person 0.0073 11 152 163 383
person 0.0064 71 70 188 241
person 0.0034 0 97 51 290
person 0.0032 0 108 24 280
person 0.0029 141 41 177 116
person 0.0027 76 11 143 232
person 0.0015 49 80 210 352
person 0.0012 0 82 23 194
person 0.0010 47 119 527 365
person 0.0010 8 97 44 204
person 0.0010 -57 -2 330 319
