bottle 0.9774 269 270 352 490
bottle 0.0095 341 252 355 497
bottle 0.0050 262 142 361 523
bottle 0.0012 315 259 356 495
chair 0.0078 340 212 355 459
diningtable 0.0288 72 399 340 501
diningtable 0.0035 10 144 345 511
diningtable 0.0035 66 306 346 500
diningtable 0.0026 156 439 360 502
diningtable 0.0016 39 439 264 502
diningtable 0.0013 259 372 359 502
person 0.9894 29 7 318 487
person 0.0033 343 122 356 397
person 0.0024 336 173 358 460
person 0.0021 314 72 356 410
person 0.0011 333 39 360 406
person 0.0010 7 30 183 472
