bicycle 0.0011 108 327 388 379
bottle 0.0038 313 355 327 374
bottle 0.0015 135 366 163 375
chair 0.0068 282 137 352 250
chair 0.0014 334 16 377 85
person 0.9959 160 82 315 368
person 0.9903 57 153 200 374
person 0.0115 0 217 4 240
person 0.0081 145 138 307 297
person 0.0074 62 66 292 373
person 0.0035 10 224 23 239
person 0.0030 254 298 340 375
person 0.0015 293 -1 339 73
person 0.0015 422 213 434 229
person 0.0014 189 292 390 373
person 0.0010 15 221 25 237
person 0.0010 489 365 500 375
person 0.0010 282 -18 354 119
pottedplant 0.0033 50 216 68 233
