bird 0.0055 486 228 499 270
bird 0.0034 488 232 499 252
boat 0.0182 -8 230 281 372
boat 0.0062 73 288 427 372
boat 0.0042 104 246 307 369
boat 0.0039 486 98 499 138
boat 0.0021 98 174 394 366
boat 0.0013 493 121 499 143
boat 0.0013 382 106 433 131
boat 0.0010 -36 110 305 377
chair 0.4399 306 243 492 375
chair 0.0851 317 210 425 373
chair 0.0046 201 220 464 373
chair 0.0043 366 227 459 365
chair 0.0029 406 246 499 374
chair 0.0018 300 309 446 369
chair 0.0018 475 248 499 372
chair 0.0010 353 188 434 350
person 0.9930 124 128 278 372
person 0.9921 298 180 416 357
person 0.0021 -36 108 372 386
person 0.0016 117 141 206 338
person 0.0015 479 135 499 282
person 0.0010 492 142 500 239
person 0.0010 320 186 420 297
person 0.0010 70 153 580 395
pottedplant 0.0021 98 0 121 10
pottedplant 0.0010 80 0 140 12
sofa 0.5815 244 144 349 209
train 0.0045 227 145 352 218
