diningtable 0.3590 151 332 499 373
diningtable 0.0052 154 354 402 374
diningtable 0.0027 70 308 441 370
diningtable 0.0012 56 336 371 375
diningtable 0.0010 91 355 313 374
person 0.9950 320 133 402 340
person 0.9894 169 114 277 365
person 0.9887 264 151 334 343
person 0.9865 68 116 175 374
person 0.0030 205 123 370 363
person 0.0011 74 104 277 383
person 0.0011 289 122 444 363
pottedplant 0.4851 406 264 490 326
pottedplant 0.3509 397 207 446 243
pottedplant 0.2452 314 13 495 304
pottedplant 0.0257 -1 265 70 329
pottedplant 0.0075 371 247 499 361
pottedplant 0.0062 416 273 444 322
pottedplant 0.0043 0 137 20 280
pottedplant 0.0035 406 120 493 324
pottedplant 0.0027 411 255 457 315
pottedplant 0.0022 409 270 459 341
pottedplant 0.0022 383 80 486 278
pottedplant 0.0016 0 70 56 316
pottedplant 0.0014 445 268 493 349
pottedplant 0.0013 0 213 67 350
pottedplant 0.0012 330 119 488 251
pottedplant 0.0012 3 263 81 384
pottedplant 0.0011 429 254 501 365
pottedplant 0.0010 0 190 19 341
pottedplant 0.0010 0 174 23 221
