chair 0.9917 43 227 144 361
chair 0.9865 249 238 350 355
chair 0.3868 151 244 247 376
chair 0.3501 0 215 12 267
chair 0.3313 190 253 286 371
chair 0.3031 117 211 177 242
chair 0.2206 2 196 41 255
chair 0.0570 154 301 241 374
chair 0.0334 25 201 58 278
chair 0.0211 0 197 41 228
chair 0.0204 56 230 143 300
chair 0.0125 5 207 46 289
chair 0.0118 26 188 62 204
chair 0.0118 237 254 286 367
chair 0.0101 0 185 28 198
chair 0.0077 39 225 88 304
chair 0.0072 51 257 146 329
chair 0.0066 -1 186 27 208
chair 0.0059 213 222 366 376
chair 0.0059 0 194 12 246
chair 0.0044 0 217 9 251
chair 0.0036 0 204 22 263
chair 0.0034 0 231 9 263
chair 0.0028 268 249 330 341
chair 0.0024 25 201 57 236
chair 0.0023 113 211 171 291
chair 0.0022 84 217 165 321
chair 0.0019 0 199 9 225
chair 0.0017 367 271 459 373
chair 0.0016 70 240 175 369
chair 0.0016 0 197 25 210
chair 0.0015 77 223 135 286
chair 0.0014 23 220 45 277
chair 0.0013 -1 194 35 215
chair 0.0012 35 219 64 308
chair 0.0012 38 183 130 297
chair 0.0012 32 217 108 288
chair 0.0012 78 220 121 234
chair 0.0011 74 241 131 347
chair 0.0010 167 289 274 362
diningtable 0.0969 164 249 338 374
diningtable 0.0162 75 220 172 347
diningtable 0.0138 48 228 201 373
diningtable 0.0072 105 238 256 378
person 0.9876 149 175 246 381
person 0.5392 0 161 21 189
person 0.2228 252 189 314 256
person 0.0090 0 181 28 201
person 0.0072 117 167 172 225
person 0.0041 0 170 14 193
person 0.0019 0 146 26 216
person 0.0019 228 184 357 369
person 0.0018 0 143 22 182
person 0.0017 56 180 113 236
person 0.0014 0 171 16 209
person 0.0013 155 173 246 278
person 0.0011 -26 147 454 394
person 0.0011 0 188 15 223
person 0.0011 0 180 31 244
