car 0.9904 109 58 261 114
car 0.9841 2 55 206 168
car 0.0305 205 61 265 89
car 0.0097 5 38 186 304
car 0.0094 0 46 22 118
car 0.0067 -1 48 50 114
car 0.0042 167 61 268 103
car 0.0035 84 55 260 155
car 0.0028 426 79 446 89
car 0.0027 409 77 447 92
car 0.0019 143 56 336 119
car 0.0016 0 48 10 111
person 0.9972 257 46 312 197
person 0.9846 225 200 278 330
person 0.9841 4 45 117 337
person 0.9809 158 93 247 331
person 0.8487 467 39 501 206
person 0.0311 -6 114 121 266
person 0.0059 153 97 335 335
person 0.0049 494 77 499 197
person 0.0045 476 94 500 222
person 0.0035 481 197 500 327
person 0.0035 175 199 269 329
person 0.0034 489 200 499 253
person 0.0031 493 19 500 112
person 0.0029 493 50 499 148
person 0.0024 0 81 14 291
person 0.0016 481 160 500 262
person 0.0013 0 61 6 173
person 0.0012 116 138 252 291
person 0.0012 491 202 500 289
person 0.0012 491 172 500 244
person 0.0011 6 86 421 341
person 0.0011 450 93 519 150
person 0.0011 -129 48 252 333
