bottle 0.0287 493 62 500 88
bottle 0.0082 490 40 499 94
bottle 0.0039 493 43 499 78
bottle 0.0029 487 84 499 136
bottle 0.0025 488 64 500 116
bottle 0.0020 257 37 312 71
bottle 0.0018 491 96 499 126
bottle 0.0012 274 44 287 65
bottle 0.0011 270 37 293 70
bottle 0.0011 261 28 285 66
bottle 0.0010 263 32 280 47
bottle 0.0010 493 73 500 106
chair 0.8004 1 73 65 258
chair 0.4901 350 70 425 124
chair 0.2000 437 115 500 192
chair 0.1626 216 102 500 381
chair 0.1410 197 53 248 192
chair 0.1315 55 54 107 98
chair 0.1073 113 54 181 103
chair 0.0702 385 174 489 237
chair 0.0505 392 164 502 315
chair 0.0440 439 123 500 265
chair 0.0374 303 29 324 67
chair 0.0328 219 77 252 194
chair 0.0274 320 28 335 65
chair 0.0222 0 80 19 280
chair 0.0214 416 38 452 126
chair 0.0199 334 46 423 137
chair 0.0183 191 54 246 131
chair 0.0169 311 29 332 67
chair 0.0169 480 159 500 318
chair 0.0154 477 83 500 124
chair 0.0147 310 176 498 374
chair 0.0145 441 178 500 383
chair 0.0137 0 44 13 91
chair 0.0136 13 179 249 371
chair 0.0110 50 37 93 97
chair 0.0081 369 90 511 347
chair 0.0081 487 72 499 122
chair 0.0075 184 52 230 86
chair 0.0055 -4 60 31 273
chair 0.0051 0 37 18 207
chair 0.0051 0 161 16 342
chair 0.0048 329 189 490 303
chair 0.0038 480 210 500 379
chair 0.0032 0 44 9 121
chair 0.0028 0 130 7 252
chair 0.0027 469 173 504 388
chair 0.0025 478 84 500 187
chair 0.0024 2 38 52 93
chair 0.0021 105 65 182 177
chair 0.0020 326 33 392 49
chair 0.0019 463 101 506 317
chair 0.0019 154 74 248 195
chair 0.0017 486 181 499 272
chair 0.0016 0 39 23 85
chair 0.0016 107 49 150 103
chair 0.0016 1 112 51 334
chair 0.0016 201 220 459 331
chair 0.0015 436 143 501 211
chair 0.0015 306 34 321 60
chair 0.0014 392 38 436 123
chair 0.0013 -3 123 25 350
chair 0.0012 0 57 7 165
chair 0.0012 323 32 375 58
chair 0.0011 0 41 6 68
chair 0.0011 268 36 313 70
chair 0.0011 365 233 503 369
chair 0.0010 430 35 473 127
chair 0.0010 237 71 321 200
chair 0.0010 0 28 9 80
diningtable 0.5286 69 27 506 356
diningtable 0.5181 32 79 175 185
diningtable 0.4606 322 43 418 84
diningtable 0.4485 15 62 252 331
diningtable 0.0578 449 64 499 125
diningtable 0.0467 325 38 418 122
diningtable 0.0296 4 297 253 375
diningtable 0.0233 30 291 464 376
diningtable 0.0229 16 54 242 199
diningtable 0.0167 43 51 457 205
diningtable 0.0144 244 105 483 204
diningtable 0.0098 45 98 141 175
diningtable 0.0083 475 61 498 126
diningtable 0.0076 109 170 475 378
diningtable 0.0068 447 83 500 159
diningtable 0.0040 35 131 234 249
diningtable 0.0032 444 79 492 116
diningtable 0.0029 13 329 329 375
diningtable 0.0026 323 41 481 150
diningtable 0.0025 340 122 455 177
diningtable 0.0025 440 41 502 144
diningtable 0.0021 94 106 407 205
diningtable 0.0017 36 187 233 304
diningtable 0.0017 245 165 474 270
diningtable 0.0017 178 69 485 234
diningtable 0.0016 455 93 497 127
diningtable 0.0015 477 75 498 168
diningtable 0.0014 12 226 324 374
diningtable 0.0013 -1 221 498 435
diningtable 0.0012 -13 57 131 318
diningtable 0.0012 -3 98 132 210
diningtable 0.0011 76 103 257 206
diningtable 0.0011 205 192 452 298
person 0.9870 17 74 249 363
person 0.9805 164 71 480 370
person 0.9780 251 7 313 73
person 0.9653 448 26 491 82
person 0.9576 113 6 184 69
person 0.9367 156 0 182 38
person 0.3839 50 1 84 67
person 0.1429 488 23 499 71
person 0.1268 214 20 259 55
person 0.0622 210 13 259 86
person 0.0320 474 22 500 83
person 0.0224 491 23 500 53
person 0.0184 133 5 183 43
person 0.0169 197 30 252 95
person 0.0154 447 35 495 126
person 0.0139 31 150 236 281
person 0.0113 0 0 26 72
person 0.0102 55 0 83 40
person 0.0098 -1 0 64 96
person 0.0079 0 0 13 50
person 0.0067 110 18 184 107
person 0.0063 492 36 499 71
person 0.0056 0 33 17 152
person 0.0050 477 34 499 126
person 0.0047 120 12 175 50
person 0.0038 0 25 21 104
person 0.0036 0 -1 13 22
person 0.0033 35 -2 97 102
person 0.0031 0 -1 12 11
person 0.0027 489 0 500 50
person 0.0025 0 0 7 78
person 0.0023 192 14 256 61
person 0.0023 1 0 25 9
person 0.0022 0 0 22 35
person 0.0020 437 4 502 102
person 0.0016 25 4 103 63
person 0.0013 216 19 240 47
person 0.0013 -19 58 138 372
person 0.0013 134 3 162 35
person 0.0012 160 4 178 30
person 0.0012 220 -2 359 87
person 0.0010 477 17 499 48
person 0.0010 -1 -8 123 93
pottedplant 0.2164 20 4 67 64
pottedplant 0.0166 6 0 56 50
pottedplant 0.0047 -1 -7 66 83
pottedplant 0.0027 470 0 500 36
pottedplant 0.0022 451 -6 497 51
pottedplant 0.0022 284 0 337 34
pottedplant 0.0018 489 -4 500 41
pottedplant 0.0010 288 0 315 35
pottedplant 0.0010 274 0 358 42
pottedplant 0.0010 291 3 333 69
