bus 0.1553 233 186 409 240
bus 0.0049 117 182 394 246
car 0.9893 376 208 455 250
car 0.9866 23 217 102 242
car 0.5821 448 209 500 243
car 0.0237 494 200 500 224
car 0.0114 494 198 500 213
car 0.0096 491 204 500 247
car 0.0067 471 202 500 240
car 0.0050 495 209 500 243
car 0.0048 472 202 495 209
car 0.0036 48 218 77 245
car 0.0026 373 179 457 271
car 0.0017 396 206 513 244
car 0.0014 451 202 499 223
car 0.0013 31 224 96 253
person 0.9930 133 214 150 268
person 0.7116 323 210 337 241
person 0.4344 333 210 345 241
person 0.2656 44 222 63 256
person 0.0033 132 209 148 247
person 0.0024 319 212 363 240
person 0.0020 29 224 76 255
