bottle 0.9632 21 278 78 376
bottle 0.0015 0 276 22 374
chair 0.0972 0 156 50 318
chair 0.0021 0 148 28 300
chair 0.0015 2 152 88 297
diningtable 0.6183 -4 241 505 372
diningtable 0.0019 -1 207 499 520
person 0.9978 16 30 305 284
person 0.9646 299 0 500 368
person 0.0322 372 121 497 368
person 0.0099 472 1 498 33
person 0.0091 -1 59 501 312
person 0.0051 441 51 500 367
person 0.0044 32 157 303 272
person 0.0033 36 89 289 224
person 0.0023 483 87 500 330
person 0.0019 489 0 499 34
person 0.0018 470 33 503 357
person 0.0015 493 3 500 32
person 0.0012 481 208 500 355
person 0.0012 0 76 204 293
sofa 0.0041 0 118 499 370
