bicycle 0.9689 51 148 127 281
bicycle 0.9590 432 74 499 133
bicycle 0.9254 200 110 242 204
bicycle 0.9127 221 166 424 331
bicycle 0.3565 122 114 178 173
bicycle 0.1835 466 161 503 342
bicycle 0.0271 112 98 185 191
bicycle 0.0216 42 55 155 327
bicycle 0.0210 451 127 497 326
bicycle 0.0099 389 79 427 134
bicycle 0.0084 205 91 264 208
bicycle 0.0064 405 152 498 325
bicycle 0.0060 30 163 113 307
bicycle 0.0057 477 112 499 313
bicycle 0.0045 469 243 501 332
bicycle 0.0043 60 157 115 243
bicycle 0.0036 372 101 513 340
bicycle 0.0028 388 88 408 136
bicycle 0.0024 173 97 239 202
bicycle 0.0023 468 61 500 131
bicycle 0.0016 206 245 393 334
bicycle 0.0016 488 72 499 126
bicycle 0.0016 188 107 228 191
bicycle 0.0015 37 97 157 233
bicycle 0.0014 135 155 376 333
car 0.0182 162 58 187 72
car 0.0101 420 52 459 70
car 0.0078 158 57 197 74
car 0.0014 180 63 210 74
person 0.9849 459 29 499 116
person 0.9684 228 7 412 330
person 0.9443 202 14 252 152
person 0.8754 39 54 136 238
person 0.7397 111 49 168 168
person 0.1604 402 40 429 122
person 0.0298 205 29 263 209
person 0.0279 58 28 192 253
person 0.0129 491 28 499 118
person 0.0085 398 5 434 115
person 0.0081 58 31 156 166
person 0.0036 131 58 142 73
person 0.0029 451 39 522 103
person 0.0024 488 65 499 121
person 0.0018 408 27 448 116
person 0.0017 230 105 407 225
person 0.0017 84 71 170 193
person 0.0013 201 59 246 184
person 0.0013 155 22 352 315
person 0.0012 53 16 447 318
