bottle 0.0048 3 7 79 150
bottle 0.0015 141 233 184 299
chair 0.5672 261 224 346 342
chair 0.4543 36 211 96 292
chair 0.0099 194 224 282 339
chair 0.0099 -3 13 72 168
chair 0.0061 12 215 173 326
chair 0.0053 59 240 148 295
chair 0.0037 100 239 145 293
chair 0.0034 1 288 198 374
chair 0.0031 213 237 365 361
chair 0.0019 261 238 345 296
chair 0.0017 243 292 483 374
chair 0.0014 316 237 495 371
chair 0.0013 190 329 465 377
chair 0.0012 479 273 500 374
chair 0.0012 2 203 99 327
chair 0.0011 207 353 427 375
chair 0.0011 222 182 428 368
chair 0.0010 161 216 342 337
