bicycle 0.0095 0 157 8 220
car 0.9856 83 125 477 310
car 0.9335 97 128 242 181
car 0.5029 67 137 150 173
car 0.0032 132 144 436 245
car 0.0017 126 187 444 292
car 0.0011 316 108 331 144
chair 0.0020 0 167 8 220
person 0.5547 0 127 9 197
person 0.3327 17 123 35 163
person 0.3178 33 121 50 163
person 0.0762 0 116 15 206
person 0.0585 58 122 80 163
person 0.0545 0 123 13 164
person 0.0215 22 120 41 158
person 0.0072 3 121 18 155
person 0.0061 0 121 11 142
person 0.0053 79 119 97 144
person 0.0040 317 114 331 147
person 0.0034 2 130 20 167
person 0.0025 96 121 110 140
person 0.0023 63 119 81 146
person 0.0019 0 140 6 184
person 0.0018 14 114 47 161
person 0.0017 0 132 8 167
person 0.0016 496 122 499 152
person 0.0015 57 121 70 140
person 0.0014 494 100 499 186
person 0.0011 11 126 44 192
person 0.0011 5 121 17 141
person 0.0010 276 118 288 129
person 0.0010 111 121 124 138
