bus 0.6899 -1 94 45 210
bus 0.1343 402 144 497 241
bus 0.0108 337 89 409 270
bus 0.0100 376 121 411 236
bus 0.0043 -20 116 52 189
bus 0.0028 296 52 433 336
bus 0.0022 382 88 503 347
bus 0.0014 433 118 500 268
bus 0.0013 412 48 491 253
bus 0.0011 -3 16 35 230
car 0.9495 31 142 116 214
car 0.0327 328 116 347 132
car 0.0257 401 138 499 273
car 0.0032 327 114 342 128
car 0.0029 399 177 503 234
car 0.0013 494 163 500 274
car 0.0011 0 134 129 236
person 0.9702 324 74 392 344
person 0.8997 105 0 336 373
person 0.1717 480 36 500 266
person 0.0629 482 125 500 379
person 0.0543 332 71 380 259
person 0.0229 493 135 499 246
person 0.0203 466 168 478 184
person 0.0197 484 240 499 379
person 0.0151 446 102 497 375
person 0.0136 493 238 500 373
person 0.0111 251 78 413 352
person 0.0097 480 -4 500 164
person 0.0070 190 0 377 324
person 0.0038 475 70 502 349
person 0.0037 493 173 500 308
person 0.0032 493 85 500 209
person 0.0028 376 117 507 368
person 0.0027 309 102 368 339
person 0.0021 485 363 500 375
person 0.0020 33 2 237 253
person 0.0019 115 0 209 68
person 0.0016 487 336 499 376
person 0.0013 299 134 427 294
person 0.0012 449 32 497 269
person 0.0010 34 0 235 86
