bottle 0.9173 192 193 209 260
bottle 0.4310 256 220 271 259
bottle 0.0709 210 203 225 252
bottle 0.0479 157 218 171 237
bottle 0.0385 216 202 228 251
bottle 0.0165 317 300 340 337
bottle 0.0071 205 195 235 276
bottle 0.0043 303 210 318 245
bottle 0.0038 156 219 176 264
bottle 0.0022 189 208 214 288
bottle 0.0016 220 201 228 224
bottle 0.0014 157 201 174 239
bottle 0.0013 222 187 253 261
chair 0.9660 325 139 432 280
chair 0.8298 113 126 187 236
chair 0.6296 -1 180 32 324
chair 0.2857 316 137 482 347
chair 0.0516 -1 217 27 369
chair 0.0368 484 161 499 206
chair 0.0315 483 147 499 269
chair 0.0287 489 156 500 238
chair 0.0237 326 177 428 238
chair 0.0110 15 288 246 376
chair 0.0073 114 139 200 297
chair 0.0062 2 162 40 287
chair 0.0061 0 130 24 289
chair 0.0058 0 208 48 377
chair 0.0047 378 164 501 322
chair 0.0047 0 181 7 272
chair 0.0047 301 294 497 374
chair 0.0026 374 137 443 251
chair 0.0024 179 355 416 375
chair 0.0024 -22 235 47 296
chair 0.0020 0 174 10 235
chair 0.0020 325 204 432 265
chair 0.0018 217 329 511 374
chair 0.0015 432 138 502 285
chair 0.0015 479 163 498 229
chair 0.0014 121 356 321 375
chair 0.0013 478 149 499 192
chair 0.0011 487 162 498 191
diningtable 0.2142 30 223 470 379
diningtable 0.1917 91 234 335 315
diningtable 0.0196 44 294 459 375
diningtable 0.0096 146 232 431 327
diningtable 0.0060 149 209 340 298
diningtable 0.0033 137 243 306 291
diningtable 0.0024 110 330 468 376
diningtable 0.0018 198 354 434 375
diningtable 0.0017 34 144 323 345
person 0.9956 39 11 120 259
person 0.9728 410 145 500 330
person 0.9503 11 227 246 372
person 0.7488 268 233 458 361
person 0.2983 97 225 486 375
person 0.0465 482 139 500 335
person 0.0292 332 168 449 331
person 0.0031 491 115 499 208
person 0.0028 -58 210 407 391
person 0.0026 482 102 500 230
person 0.0025 -11 234 145 371
person 0.0021 0 119 20 270
person 0.0019 0 160 10 236
person 0.0018 -6 106 203 381
person 0.0015 405 233 499 383
person 0.0013 493 155 499 281
person 0.0013 471 139 504 361
person 0.0011 482 230 499 389
person 0.0011 494 185 499 324
tvmonitor 0.9874 236 127 325 196
