bird 0.9347 45 150 136 357
bird 0.9235 60 17 280 140
bird 0.8560 98 113 296 315
bird 0.4161 1 3 30 73
bird 0.3026 234 17 497 362
bird 0.0862 2 275 65 374
bird 0.0099 302 10 498 248
bird 0.0084 -4 284 124 374
bird 0.0043 159 155 283 319
bird 0.0034 173 171 486 373
bird 0.0033 154 294 346 371
bird 0.0027 168 39 275 144
bird 0.0022 -28 -7 235 156
bird 0.0020 404 186 493 291
bird 0.0017 18 90 163 356
bird 0.0017 138 153 353 386
bird 0.0016 26 95 392 392
bird 0.0015 77 150 163 353
bird 0.0013 57 1 281 251
bird 0.0011 19 160 242 378
bird 0.0010 -25 8 45 67
bird 0.0010 124 200 294 344
bottle 0.0015 101 114 221 274
