bottle 0.1359 420 209 431 231
bottle 0.0381 405 200 415 224
bottle 0.0047 416 195 438 230
bottle 0.0037 289 222 299 244
bottle 0.0036 415 207 426 229
bottle 0.0031 419 204 434 225
bottle 0.0029 413 201 425 225
bottle 0.0012 419 207 434 242
bottle 0.0010 11 238 21 261
chair 0.3877 2 223 61 343
chair 0.0678 0 197 19 335
chair 0.0405 0 212 8 314
chair 0.0391 0 269 18 376
chair 0.0054 1 204 51 302
chair 0.0022 0 241 7 357
chair 0.0022 5 227 24 272
chair 0.0017 257 152 334 326
chair 0.0016 0 244 5 281
chair 0.0014 0 185 8 269
chair 0.0013 0 321 22 377
chair 0.0012 2 275 49 371
chair 0.0011 -6 215 32 377
diningtable 0.0299 1 238 61 374
diningtable 0.0100 403 189 455 342
diningtable 0.0013 254 160 334 342
person 0.9976 62 99 180 375
person 0.9955 154 126 268 377
person 0.9898 323 123 414 377
person 0.9896 439 98 499 376
person 0.8045 411 166 449 225
person 0.0879 410 178 448 297
person 0.0380 465 80 503 368
person 0.0068 482 88 500 358
person 0.0048 80 80 272 367
person 0.0042 385 105 505 382
person 0.0022 493 140 500 254
person 0.0020 426 167 447 217
person 0.0018 416 120 493 302
person 0.0016 400 174 441 238
person 0.0013 450 133 491 313
person 0.0013 316 167 483 367
person 0.0012 238 161 424 376
person 0.0012 -11 108 437 385
person 0.0011 387 169 450 337
person 0.0010 148 105 585 385
