car 0.0035 7 0 77 19
car 0.0014 19 0 46 4
car 0.0012 3 0 81 9
chair 0.9926 340 143 442 335
chair 0.9921 7 144 115 324
chair 0.9867 99 188 218 372
chair 0.9751 224 186 342 377
chair 0.9011 240 124 329 157
chair 0.7343 151 123 239 153
chair 0.0167 215 188 311 320
chair 0.0092 476 168 500 337
chair 0.0044 227 143 430 356
chair 0.0044 4 161 190 376
chair 0.0040 5 136 94 260
chair 0.0036 301 162 416 343
chair 0.0036 223 237 339 292
chair 0.0035 367 147 451 278
chair 0.0028 77 176 178 331
chair 0.0023 60 159 211 278
chair 0.0021 98 250 217 307
chair 0.0020 158 126 239 267
chair 0.0016 89 224 205 277
chair 0.0015 475 113 500 277
chair 0.0011 134 176 228 306
chair 0.0010 237 126 297 153
chair 0.0010 -67 138 413 403
diningtable 0.7121 122 178 374 378
diningtable 0.0153 -1 152 434 391
diningtable 0.0020 83 192 346 299
diningtable 0.0010 61 164 371 264
