boat 0.9560 218 290 507 372
boat 0.7176 293 289 501 328
boat 0.5087 327 203 498 276
boat 0.1495 331 207 493 241
boat 0.0930 329 171 453 212
boat 0.0764 186 319 471 376
boat 0.0690 336 188 423 207
boat 0.0518 161 329 354 374
boat 0.0300 335 160 422 204
boat 0.0298 395 292 501 329
boat 0.0274 329 191 458 227
boat 0.0237 359 209 455 229
boat 0.0156 400 294 492 315
boat 0.0124 347 182 427 202
boat 0.0085 354 296 509 342
boat 0.0078 346 162 408 191
boat 0.0045 0 146 91 184
boat 0.0045 344 195 430 213
boat 0.0042 214 336 420 374
boat 0.0032 330 145 492 238
boat 0.0029 251 299 459 346
boat 0.0022 340 203 437 223
boat 0.0016 294 319 495 362
boat 0.0014 487 127 499 182
boat 0.0013 303 168 514 320
boat 0.0010 222 313 415 364
boat 0.0010 361 160 503 201
car 0.0131 489 169 499 182
car 0.0061 487 162 499 178
car 0.0011 30 156 92 180
car 0.0010 478 170 497 182
car 0.0010 -1 157 65 182
chair 0.0048 0 186 8 207
chair 0.0041 13 182 28 196
chair 0.0040 7 181 22 198
chair 0.0010 0 180 11 213
person 0.0023 496 230 500 252
person 0.0021 40 161 49 177
person 0.0014 492 172 499 195
pottedplant 0.0123 0 180 9 202
pottedplant 0.0078 0 176 9 193
pottedplant 0.0025 9 178 21 193
pottedplant 0.0013 0 166 11 202
pottedplant 0.0011 101 169 117 180
train 0.0045 -2 149 174 179
train 0.0035 83 160 174 176
train 0.0010 60 151 225 178
