bicycle 0.9672 36 160 256 312
bicycle 0.9626 288 130 492 364
bicycle 0.0019 63 137 187 307
bottle 0.0013 425 169 444 184
car 0.0112 292 82 382 129
car 0.0103 319 83 382 111
person 0.9958 103 106 192 277
person 0.9875 405 70 499 350
person 0.2451 395 87 480 270
person 0.0608 89 108 154 259
person 0.0596 85 117 138 206
person 0.0148 435 57 502 273
person 0.0046 470 45 503 373
person 0.0038 484 63 499 354
person 0.0028 67 97 265 290
person 0.0021 404 72 494 202
person 0.0012 363 99 466 318
person 0.0011 0 61 16 242
person 0.0011 396 92 415 132
person 0.0011 493 202 500 323
person 0.0010 325 46 490 339
