cat 0.9823 45 73 446 438
cat 0.0010 72 207 359 362
pottedplant 0.8769 403 44 498 288
pottedplant 0.1423 328 29 499 302
pottedplant 0.1380 26 16 244 259
pottedplant 0.0674 369 57 463 272
pottedplant 0.0074 75 87 250 243
pottedplant 0.0067 440 -3 499 259
pottedplant 0.0054 392 136 437 268
pottedplant 0.0037 -3 -28 427 299
pottedplant 0.0028 479 28 499 260
pottedplant 0.0024 490 203 500 304
pottedplant 0.0022 348 116 445 280
pottedplant 0.0021 376 0 490 217
pottedplant 0.0018 1 42 90 285
pottedplant 0.0014 412 97 456 231
pottedplant 0.0011 36 28 306 397
pottedplant 0.0011 104 24 222 229
pottedplant 0.0011 -3 1 129 116
pottedplant 0.0010 62 42 188 250
pottedplant 0.0010 429 86 474 242
