bottle 0.8686 113 29 251 411
bottle 0.0481 121 150 244 344
bottle 0.0207 46 24 326 470
chair 0.0452 281 170 372 242
chair 0.0091 230 184 300 248
chair 0.0040 89 167 155 243
chair 0.0029 241 162 372 263
diningtable 0.6228 -1 223 377 499
diningtable 0.2844 120 94 251 466
diningtable 0.0946 81 191 295 469
diningtable 0.0184 127 197 245 383
diningtable 0.0149 102 250 273 416
diningtable 0.0146 51 291 324 447
diningtable 0.0086 41 13 277 486
diningtable 0.0042 1 382 374 505
diningtable 0.0020 21 442 352 502
pottedplant 0.0016 216 471 374 501
