bottle 0.0408 472 218 499 332
bottle 0.0048 452 241 501 333
bottle 0.0018 468 161 503 338
person 0.9946 136 62 344 331
person 0.9767 267 1 407 327
person 0.9603 402 -5 496 338
person 0.7883 19 0 254 329
person 0.0093 391 92 504 236
person 0.0066 160 2 489 330
person 0.0054 486 33 499 311
person 0.0050 275 22 394 193
person 0.0049 437 6 500 262
person 0.0048 262 98 410 226
person 0.0047 331 29 417 316
person 0.0043 -12 4 138 329
person 0.0035 145 128 334 257
person 0.0031 474 11 503 332
person 0.0029 266 3 619 328
person 0.0021 480 146 499 328
person 0.0019 270 0 365 62
person 0.0010 35 115 232 211
