bicycle 0.8713 3 55 497 373
bicycle 0.0014 108 140 391 237
bicycle 0.0013 0 211 500 385
car 0.0203 48 0 279 18
car 0.0064 19 -3 319 38
car 0.0016 7 -1 260 78
car 0.0013 135 0 258 8
chair 0.0030 205 6 515 369
motorbike 0.0203 4 2 494 257
motorbike 0.0068 198 0 272 19
motorbike 0.0064 81 -6 411 40
motorbike 0.0052 236 0 359 43
motorbike 0.0039 162 0 318 19
motorbike 0.0025 87 1 409 73
motorbike 0.0019 183 0 269 9
motorbike 0.0012 40 -2 456 148
motorbike 0.0010 228 0 298 19
person 0.0075 380 0 455 17
person 0.0024 261 0 369 45
person 0.0015 382 0 415 4
person 0.0014 365 0 455 8
person 0.0012 415 0 476 17
