bottle 0.8977 14 148 40 233
bottle 0.7773 0 105 14 240
bottle 0.2801 0 127 10 210
bottle 0.0321 10 95 33 134
bottle 0.0119 6 147 20 217
bottle 0.0071 0 101 9 182
bottle 0.0057 71 96 100 169
bottle 0.0041 0 151 9 241
bottle 0.0033 0 94 26 134
bottle 0.0032 0 105 5 136
bottle 0.0023 0 100 7 141
bottle 0.0019 2 129 21 168
bottle 0.0016 4 136 20 189
bottle 0.0015 366 355 399 359
bottle 0.0015 0 70 17 194
bottle 0.0012 2 133 51 242
bottle 0.0012 10 108 41 214
bottle 0.0011 262 342 356 360
bottle 0.0010 24 96 39 134
cat 0.0042 465 133 480 163
cat 0.0017 466 146 479 162
chair 0.0045 390 350 485 359
chair 0.0035 364 353 456 359
chair 0.0033 454 352 479 360
chair 0.0029 395 140 479 231
chair 0.0025 472 338 480 361
chair 0.0022 469 350 480 359
chair 0.0019 400 341 477 359
chair 0.0016 469 323 479 360
chair 0.0015 455 325 480 361
chair 0.0015 389 320 479 359
chair 0.0013 391 355 430 360
diningtable 0.0100 241 342 441 359
diningtable 0.0038 341 353 444 360
diningtable 0.0024 332 341 498 360
diningtable 0.0013 303 351 425 359
person 0.9775 153 125 265 230
person 0.0056 140 100 320 255
person 0.0030 460 262 480 361
person 0.0022 3 26 479 329
person 0.0014 471 309 480 362
person 0.0012 472 95 479 160
person 0.0012 430 291 480 360
person 0.0010 473 265 479 363
pottedplant 0.0260 341 254 417 362
pottedplant 0.0086 316 264 469 360
tvmonitor 0.0021 396 140 478 176
tvmonitor 0.0012 395 149 478 222
