car 0.9879 74 90 409 185
car 0.7139 400 118 499 177
car 0.1005 430 112 501 156
car 0.0392 437 115 493 143
car 0.0308 328 110 495 183
car 0.0287 410 103 500 145
car 0.0138 0 89 26 155
car 0.0105 0 102 25 134
car 0.0074 472 111 499 181
car 0.0066 493 113 500 135
car 0.0064 410 74 499 170
car 0.0052 448 120 499 195
car 0.0049 489 112 500 162
car 0.0039 439 104 494 134
car 0.0038 494 106 500 130
car 0.0035 47 52 517 225
car 0.0033 403 140 499 197
car 0.0029 0 102 10 121
car 0.0021 491 123 500 189
car 0.0018 474 112 500 149
car 0.0018 2 98 43 167
car 0.0015 442 112 472 139
car 0.0013 473 102 499 133
car 0.0012 444 77 499 143
car 0.0012 494 123 500 151
car 0.0011 4 62 89 179
car 0.0010 491 98 499 138
chair 0.0012 299 152 500 335
person 0.0022 495 98 500 125
pottedplant 0.0018 491 139 499 198
pottedplant 0.0014 71 118 88 146
tvmonitor 0.0011 94 0 164 8
