bicycle 0.2806 240 237 406 373
bicycle 0.0018 236 246 328 374
bicycle 0.0017 214 163 377 382
bicycle 0.0015 250 201 348 365
boat 0.2127 -2 79 51 114
boat 0.1790 0 55 103 110
boat 0.0836 251 61 390 117
boat 0.0579 1 76 27 104
boat 0.0295 11 90 54 113
boat 0.0259 0 51 50 109
boat 0.0257 27 88 51 110
boat 0.0103 8 60 58 91
boat 0.0097 23 89 102 105
boat 0.0078 0 55 25 94
boat 0.0075 0 26 28 104
boat 0.0066 0 41 9 94
boat 0.0056 308 52 392 112
boat 0.0050 1 86 25 118
boat 0.0048 3 89 24 105
boat 0.0044 0 67 32 118
boat 0.0038 0 9 98 120
boat 0.0038 3 77 25 91
boat 0.0032 28 61 51 90
boat 0.0025 1 62 8 88
boat 0.0023 2 4 47 99
boat 0.0022 317 86 384 109
boat 0.0019 0 53 7 83
boat 0.0018 19 67 84 97
boat 0.0017 3 96 23 110
boat 0.0017 99 74 140 88
boat 0.0016 -4 37 64 98
boat 0.0016 1 79 10 100
boat 0.0015 1 88 10 106
boat 0.0010 1 36 22 87
bottle 0.0165 325 178 340 201
bottle 0.0010 359 368 384 375
chair 0.0019 4 305 90 369
person 0.9930 266 107 366 340
person 0.9924 135 120 228 379
person 0.9479 199 90 272 376
person 0.0131 170 90 320 390
person 0.0035 1 75 9 91
person 0.0016 122 62 533 373
person 0.0014 -33 92 380 392
person 0.0012 312 77 326 92
