bottle 0.0205 412 367 438 374
bottle 0.0053 253 357 313 375
bottle 0.0050 415 357 434 373
bottle 0.0047 296 369 326 374
bottle 0.0045 269 358 293 374
bottle 0.0042 238 363 307 374
bottle 0.0038 236 366 273 375
bottle 0.0031 347 364 372 374
bottle 0.0018 358 365 379 375
bottle 0.0012 257 365 291 374
bottle 0.0012 256 367 369 374
bottle 0.0010 366 366 392 374
chair 0.0024 221 366 287 374
chair 0.0011 476 272 499 376
diningtable 0.0036 196 357 399 375
pottedplant 0.9703 145 251 250 375
pottedplant 0.0053 190 364 261 374
pottedplant 0.0051 212 365 238 374
pottedplant 0.0046 449 354 498 374
pottedplant 0.0043 206 243 268 375
pottedplant 0.0038 215 303 260 374
pottedplant 0.0035 207 366 282 374
pottedplant 0.0033 473 142 499 275
pottedplant 0.0030 354 309 396 373
pottedplant 0.0021 338 307 375 374
pottedplant 0.0018 368 325 393 374
pottedplant 0.0016 174 357 258 373
pottedplant 0.0016 411 353 484 375
pottedplant 0.0016 268 366 394 374
pottedplant 0.0016 412 342 439 373
pottedplant 0.0015 369 325 413 377
pottedplant 0.0015 329 326 422 376
pottedplant 0.0015 174 262 225 362
pottedplant 0.0013 474 170 499 226
pottedplant 0.0011 406 332 498 374
pottedplant 0.0010 125 233 362 377
pottedplant 0.0010 248 356 423 375
pottedplant 0.0010 329 363 390 375
pottedplant 0.0010 208 356 280 375
tvmonitor 0.9228 2 116 84 266
tvmonitor 0.0045 473 146 500 299
tvmonitor 0.0031 -2 144 88 214
