chair 0.0685 175 324 475 376
chair 0.0283 221 167 504 378
chair 0.0124 313 237 497 370
chair 0.0056 75 326 353 378
chair 0.0028 182 244 468 367
chair 0.0020 363 283 504 376
chair 0.0012 26 221 399 382
chair 0.0012 251 223 482 334
person 0.9869 237 79 495 369
person 0.0148 139 42 152 62
person 0.0115 49 80 452 406
person 0.0067 97 39 122 84
person 0.0049 159 43 173 64
person 0.0022 258 154 475 280
person 0.0017 154 43 166 64
person 0.0014 135 39 147 57
tvmonitor 0.9678 58 11 237 225
tvmonitor 0.0010 90 0 187 22
