bottle 0.0041 0 110 7 169
bottle 0.0022 0 132 5 163
chair 0.0160 10 59 164 104
diningtable 0.0113 6 64 175 314
diningtable 0.0019 10 115 166 250
dog 0.3466 168 151 263 295
dog 0.0082 172 156 258 232
person 0.9852 226 33 374 264
person 0.8669 78 76 210 367
person 0.2303 159 74 247 150
person 0.0999 136 85 274 344
person 0.0291 157 80 251 249
person 0.0089 81 136 248 296
person 0.0053 151 67 268 180
person 0.0033 -49 63 320 374
person 0.0025 75 53 269 269
person 0.0019 0 49 25 136
person 0.0016 0 63 20 180
person 0.0012 2 90 195 393
person 0.0011 0 76 16 254
person 0.0010 90 56 260 148
sofa 0.1208 5 54 169 137
sofa 0.0089 5 88 167 219
tvmonitor 0.9508 409 33 498 270
tvmonitor 0.0037 420 0 509 8
tvmonitor 0.0018 398 124 508 175
