bottle 0.0145 275 56 289 94
chair 0.9866 198 12 283 120
chair 0.0076 139 15 306 117
chair 0.0017 446 86 498 304
chair 0.0017 178 47 325 134
chair 0.0016 28 129 243 233
chair 0.0015 479 122 500 294
chair 0.0013 202 0 354 103
person 0.0015 29 0 51 48
sofa 0.6270 355 31 503 131
sofa 0.3855 15 110 488 256
sofa 0.0172 21 118 404 204
sofa 0.0089 22 99 480 391
sofa 0.0034 357 25 508 232
sofa 0.0033 46 51 452 214
sofa 0.0016 72 170 430 255
sofa 0.0011 85 98 411 175
tvmonitor 0.0037 430 27 501 162
tvmonitor 0.0020 362 31 500 152
tvmonitor 0.0019 27 1 66 71
