bottle 0.0082 234 157 243 179
cat 0.4733 209 196 261 229
cat 0.0016 200 162 273 261
chair 0.9618 262 277 371 332
chair 0.1727 134 161 283 261
chair 0.1325 473 187 500 285
chair 0.0805 439 213 498 333
chair 0.0430 300 212 371 330
chair 0.0277 229 218 445 329
chair 0.0174 356 191 397 235
chair 0.0165 475 189 500 238
chair 0.0119 200 261 393 331
chair 0.0118 477 215 500 331
chair 0.0074 491 213 500 290
chair 0.0073 271 289 437 331
chair 0.0058 376 246 496 334
chair 0.0058 453 189 498 255
chair 0.0050 306 198 400 247
chair 0.0045 454 201 499 293
chair 0.0037 333 314 494 332
chair 0.0034 483 185 500 217
chair 0.0029 303 208 373 257
chair 0.0026 434 270 498 332
chair 0.0024 314 201 428 324
chair 0.0022 469 169 500 206
chair 0.0019 369 322 487 332
chair 0.0018 344 296 484 332
chair 0.0017 0 155 93 294
chair 0.0017 487 238 500 303
chair 0.0014 409 180 498 319
chair 0.0012 135 181 262 238
chair 0.0012 450 300 499 331
chair 0.0011 465 205 505 339
chair 0.0011 269 272 366 378
chair 0.0011 407 314 486 331
chair 0.0010 295 167 499 331
chair 0.0010 490 285 499 334
diningtable 0.5606 251 244 483 333
diningtable 0.0081 245 288 480 331
diningtable 0.0020 247 169 497 330
sofa 0.7102 1 199 97 327
sofa 0.0164 4 206 174 332
sofa 0.0021 -3 107 128 334
sofa 0.0016 2 156 261 332
sofa 0.0015 0 232 98 290
sofa 0.0014 0 184 18 312
tvmonitor 0.7726 243 128 302 183
