aeroplane 0.0024 397 0 500 62
aeroplane 0.0019 -1 1 500 232
aeroplane 0.0014 305 3 501 72
boat 0.7243 -1 42 501 342
boat 0.0660 150 110 495 327
boat 0.0026 103 130 396 204
boat 0.0021 76 171 426 263
boat 0.0020 1 25 337 255
boat 0.0018 235 45 495 286
boat 0.0010 169 255 479 337
chair 0.0035 476 180 500 210
chair 0.0028 487 176 499 213
chair 0.0017 491 190 499 211
person 0.9848 185 152 244 221
person 0.3622 427 153 452 187
person 0.3517 238 137 264 167
person 0.2027 176 241 266 330
person 0.1211 211 138 235 162
person 0.0426 415 155 438 184
person 0.0313 132 246 365 335
person 0.0073 204 141 244 169
person 0.0050 196 137 239 184
person 0.0045 485 132 499 180
person 0.0038 474 152 500 188
person 0.0036 489 108 499 153
person 0.0033 204 153 264 220
person 0.0027 288 94 299 115
person 0.0025 416 154 451 211
person 0.0025 238 141 283 169
person 0.0025 332 140 346 150
person 0.0023 326 136 341 150
person 0.0023 487 326 499 332
person 0.0021 208 140 229 157
person 0.0021 143 131 154 146
person 0.0019 479 118 500 202
person 0.0017 487 165 499 212
person 0.0015 495 131 500 156
person 0.0014 485 156 499 195
person 0.0013 485 154 498 172
person 0.0012 250 137 275 165
pottedplant 0.0011 490 99 500 112
tvmonitor 0.0098 472 158 500 194
