cat 0.9147 155 233 337 374
cat 0.0082 148 226 488 378
cat 0.0065 -2 226 347 373
cat 0.0010 5 184 500 419
chair 0.5213 2 105 172 329
chair 0.0230 0 186 95 376
chair 0.0096 0 160 26 314
chair 0.0061 1 144 53 332
chair 0.0043 4 230 176 375
chair 0.0042 0 190 20 371
chair 0.0036 0 114 94 306
chair 0.0020 2 164 42 281
chair 0.0018 4 167 247 383
chair 0.0015 0 109 23 251
chair 0.0013 220 209 290 231
chair 0.0010 53 101 157 290
chair 0.0010 0 99 55 262
pottedplant 0.0090 210 101 304 175
pottedplant 0.0032 470 214 499 254
pottedplant 0.0030 455 191 498 256
pottedplant 0.0017 490 211 500 256
tvmonitor 0.9319 201 33 291 101
tvmonitor 0.0712 363 34 399 95
