bus 0.9185 70 183 276 344
bus 0.1039 441 276 466 294
bus 0.0097 265 243 279 311
bus 0.0022 249 237 278 319
bus 0.0013 259 241 273 312
car 0.9963 340 273 396 309
car 0.2346 0 285 12 310
car 0.1524 441 277 467 293
car 0.0356 277 280 290 305
car 0.0321 -4 283 35 311
car 0.0277 495 276 500 292
car 0.0089 454 279 499 371
car 0.0060 0 293 9 314
car 0.0041 23 281 35 304
car 0.0038 495 276 500 305
car 0.0034 493 264 500 347
car 0.0030 267 253 280 315
car 0.0024 280 274 301 307
car 0.0023 0 271 30 321
car 0.0023 276 262 290 310
car 0.0011 474 256 499 367
car 0.0011 283 264 376 322
motorbike 0.9802 291 279 342 370
person 0.9960 290 240 345 354
person 0.2879 6 278 26 309
person 0.0047 14 281 33 303
person 0.0039 310 250 349 339
person 0.0037 188 229 206 266
person 0.0032 25 285 34 308
person 0.0011 493 262 500 322
person 0.0010 9 276 24 296
