bicycle 0.9622 125 236 194 326
bicycle 0.5666 191 134 244 164
bicycle 0.0902 180 141 230 170
bicycle 0.0265 182 138 216 164
bicycle 0.0090 205 125 244 158
bicycle 0.0012 122 232 248 337
person 0.9951 123 210 193 282
person 0.8910 189 101 235 162
person 0.6775 307 83 324 141
person 0.6331 29 124 44 174
person 0.1534 0 142 5 173
person 0.0101 16 121 30 174
person 0.0046 0 108 5 171
person 0.0046 201 115 223 160
person 0.0044 0 137 6 195
person 0.0035 324 87 330 150
person 0.0032 192 105 231 140
person 0.0027 206 107 239 151
person 0.0024 186 120 216 158
person 0.0024 0 119 3 159
person 0.0019 292 79 330 144
person 0.0018 99 202 195 315
person 0.0016 326 91 330 129
person 0.0014 0 139 15 176
person 0.0014 184 71 239 187
person 0.0013 181 100 188 116
person 0.0012 20 120 32 161
person 0.0012 23 123 45 194
person 0.0010 12 125 22 147
person 0.0010 163 117 237 170
