car 0.0015 480 56 499 186
chair 0.9011 335 0 414 104
chair 0.3461 327 -3 486 106
chair 0.0215 368 116 503 375
chair 0.0152 438 0 500 131
chair 0.0020 480 0 500 128
chair 0.0020 332 -1 385 76
diningtable 0.0194 352 4 503 126
motorbike 0.0010 313 12 497 366
person 0.0013 477 -2 500 104
pottedplant 0.9570 155 220 234 347
pottedplant 0.9323 35 166 174 261
pottedplant 0.8958 5 252 192 372
pottedplant 0.7610 384 111 406 136
pottedplant 0.4908 400 114 415 135
pottedplant 0.3441 414 116 433 138
pottedplant 0.0293 157 328 201 374
pottedplant 0.0155 386 112 427 136
pottedplant 0.0116 153 351 202 373
pottedplant 0.0113 0 271 18 377
pottedplant 0.0104 430 118 446 137
pottedplant 0.0104 95 326 193 375
pottedplant 0.0081 12 136 192 297
pottedplant 0.0077 11 358 34 374
pottedplant 0.0074 175 0 331 85
pottedplant 0.0053 13 330 197 374
pottedplant 0.0043 157 223 212 314
pottedplant 0.0040 128 225 208 364
pottedplant 0.0038 4 363 27 374
pottedplant 0.0032 0 261 6 365
pottedplant 0.0030 88 240 250 366
pottedplant 0.0026 98 270 192 376
pottedplant 0.0025 141 270 189 351
pottedplant 0.0020 0 365 10 375
pottedplant 0.0018 1 353 29 374
pottedplant 0.0016 149 363 204 375
pottedplant 0.0013 401 115 437 138
pottedplant 0.0013 0 289 10 380
pottedplant 0.0011 141 309 191 374
pottedplant 0.0010 2 361 45 375
