bottle 0.0064 364 228 381 256
bottle 0.0010 367 231 384 263
chair 0.9691 268 245 366 326
chair 0.7744 406 266 500 327
chair 0.7265 474 197 499 271
chair 0.4906 453 199 495 266
chair 0.4481 296 204 337 258
chair 0.4393 416 194 449 246
chair 0.3316 484 213 500 269
chair 0.2356 285 229 338 280
chair 0.1506 373 194 400 217
chair 0.1125 434 221 477 273
chair 0.0964 407 211 451 274
chair 0.0789 346 197 375 206
chair 0.0750 473 197 500 234
chair 0.0473 291 192 330 213
chair 0.0403 345 203 393 217
chair 0.0348 310 202 353 243
chair 0.0340 327 193 340 205
chair 0.0285 344 196 396 211
chair 0.0272 350 215 405 244
chair 0.0269 445 224 488 283
chair 0.0245 444 247 501 325
chair 0.0234 453 200 480 232
chair 0.0216 422 210 445 248
chair 0.0213 485 194 500 251
chair 0.0201 340 193 381 205
chair 0.0199 412 222 491 322
chair 0.0173 449 230 476 276
chair 0.0168 488 238 499 281
chair 0.0167 435 213 459 246
chair 0.0161 331 194 347 204
chair 0.0121 474 242 501 325
chair 0.0113 429 195 467 245
chair 0.0110 263 272 392 333
chair 0.0105 477 230 500 278
chair 0.0101 280 211 348 305
chair 0.0085 489 245 500 301
chair 0.0082 296 193 325 205
chair 0.0079 325 203 413 241
chair 0.0078 359 267 467 326
chair 0.0077 382 193 448 274
chair 0.0066 488 190 500 231
chair 0.0064 284 223 305 274
chair 0.0057 300 216 323 265
chair 0.0056 470 195 500 215
chair 0.0056 420 192 448 219
chair 0.0056 392 318 500 326
chair 0.0055 332 204 391 227
chair 0.0049 299 197 325 235
chair 0.0046 401 309 490 327
chair 0.0043 299 202 345 232
chair 0.0040 473 198 497 211
chair 0.0039 494 194 500 214
chair 0.0037 490 264 500 320
chair 0.0032 342 194 362 204
chair 0.0031 273 233 327 307
chair 0.0030 374 194 399 205
chair 0.0027 454 207 480 250
chair 0.0025 470 194 499 203
chair 0.0024 294 213 315 259
chair 0.0024 265 241 297 324
chair 0.0023 310 203 368 218
chair 0.0021 291 191 320 227
chair 0.0020 351 215 398 273
chair 0.0019 372 236 453 273
chair 0.0019 269 189 295 216
chair 0.0018 347 260 393 271
chair 0.0018 491 246 499 275
chair 0.0018 324 216 353 241
chair 0.0018 370 265 421 327
chair 0.0018 355 193 402 206
chair 0.0018 307 212 355 275
chair 0.0017 387 258 553 321
chair 0.0016 283 220 303 253
chair 0.0015 306 191 355 205
chair 0.0014 491 210 499 235
chair 0.0013 494 182 499 201
chair 0.0013 467 168 500 200
chair 0.0013 415 198 489 241
chair 0.0013 466 212 489 259
chair 0.0012 489 233 499 262
chair 0.0012 365 320 473 326
chair 0.0012 476 200 495 219
chair 0.0012 395 203 466 262
chair 0.0012 325 203 355 232
chair 0.0011 471 276 500 332
chair 0.0011 317 172 423 185
chair 0.0011 309 193 335 205
chair 0.0011 443 203 465 243
chair 0.0011 371 196 411 246
chair 0.0011 286 244 378 298
chair 0.0011 468 189 500 208
chair 0.0010 437 204 496 309
chair 0.0010 409 261 496 380
chair 0.0010 454 197 498 226
chair 0.0010 489 222 499 250
chair 0.0010 298 264 369 324
diningtable 0.5528 302 250 497 328
diningtable 0.2465 306 204 401 241
diningtable 0.0688 298 208 494 277
diningtable 0.0483 316 239 428 271
diningtable 0.0360 284 213 464 318
diningtable 0.0275 309 221 404 269
diningtable 0.0059 439 206 503 260
diningtable 0.0054 328 221 455 271
diningtable 0.0039 303 203 357 219
diningtable 0.0035 294 184 441 258
diningtable 0.0026 6 173 166 246
diningtable 0.0026 361 218 508 319
diningtable 0.0021 298 194 412 227
diningtable 0.0018 292 236 381 274
diningtable 0.0014 314 191 365 205
diningtable 0.0012 468 196 502 224
person 0.0011 491 175 500 220
tvmonitor 0.0031 8 37 166 137
