chair 0.0161 0 247 53 371
chair 0.0051 0 335 42 375
chair 0.0041 0 303 33 374
chair 0.0039 0 227 24 365
chair 0.0019 99 245 257 371
chair 0.0017 -1 188 61 348
chair 0.0012 0 295 7 374
chair 0.0011 103 252 184 369
chair 0.0010 -6 189 35 374
pottedplant 0.1897 135 278 360 375
pottedplant 0.0195 192 331 327 375
pottedplant 0.0067 179 270 297 380
pottedplant 0.0047 0 186 25 288
pottedplant 0.0026 206 349 350 377
pottedplant 0.0015 0 160 57 315
pottedplant 0.0013 2 170 44 277
pottedplant 0.0011 -8 27 131 346
sofa 0.9107 88 201 425 363
sofa 0.0913 112 246 317 367
sofa 0.0225 146 277 419 376
sofa 0.0200 0 325 45 373
sofa 0.0074 3 288 180 375
sofa 0.0031 3 328 91 374
sofa 0.0018 103 208 402 292
sofa 0.0016 -6 239 131 375
