boat 0.9763 96 113 275 193
boat 0.6298 193 218 258 239
boat 0.0026 372 166 391 173
boat 0.0026 195 166 276 188
boat 0.0020 197 202 253 241
boat 0.0020 65 85 301 227
boat 0.0011 107 161 296 192
person 0.2271 233 214 254 228
person 0.0689 207 216 257 237
person 0.0102 202 192 227 230
person 0.0051 197 184 249 238
person 0.0046 225 218 250 231
person 0.0044 215 214 255 230
person 0.0042 143 170 156 181
person 0.0039 244 212 257 227
person 0.0021 169 168 186 181
person 0.0016 212 220 240 233
person 0.0015 150 170 165 181
person 0.0011 111 169 124 181
person 0.0010 161 170 177 180
