chair 0.9436 210 204 318 336
chair 0.4498 2 174 90 324
chair 0.1721 0 169 20 279
chair 0.0116 1 161 59 291
chair 0.0072 0 172 11 269
chair 0.0042 -1 186 18 335
chair 0.0023 209 233 315 289
chair 0.0022 200 161 363 335
chair 0.0015 -7 102 127 339
chair 0.0012 -5 160 27 314
chair 0.0012 253 198 336 330
chair 0.0011 0 193 6 298
tvmonitor 0.8012 384 131 444 205
tvmonitor 0.7203 85 121 129 172
tvmonitor 0.5802 38 120 88 170
tvmonitor 0.3991 347 129 395 192
tvmonitor 0.1332 0 44 23 196
tvmonitor 0.0511 35 122 136 171
tvmonitor 0.0393 37 58 91 104
tvmonitor 0.0298 449 135 501 211
tvmonitor 0.0068 451 45 501 120
tvmonitor 0.0056 55 71 88 102
tvmonitor 0.0030 28 105 100 190
tvmonitor 0.0021 472 21 499 122
tvmonitor 0.0019 0 36 49 183
tvmonitor 0.0017 345 121 469 212
tvmonitor 0.0012 72 106 137 189
tvmonitor 0.0011 312 143 357 199
