car 0.0045 491 39 500 96
car 0.0042 495 45 500 76
car 0.0018 496 31 500 62
car 0.0011 493 13 500 80
chair 0.5993 11 124 175 192
chair 0.0042 -1 150 100 296
chair 0.0015 1 153 179 272
chair 0.0011 -6 128 146 232
chair 0.0010 493 177 500 275
diningtable 0.8216 2 164 498 380
diningtable 0.0091 52 197 451 298
diningtable 0.0036 83 177 419 262
diningtable 0.0025 40 241 459 366
diningtable 0.0010 362 235 503 377
diningtable 0.0010 307 170 504 382
person 0.0013 483 152 499 323
pottedplant 0.0246 262 168 307 214
pottedplant 0.0015 384 171 414 210
pottedplant 0.0012 330 136 371 195
