sheep 0.9692 77 241 170 357
sheep 0.9589 92 291 255 439
sheep 0.9564 170 256 230 331
sheep 0.9170 301 250 334 332
sheep 0.1499 30 153 78 184
sheep 0.0995 309 207 334 247
sheep 0.0672 91 170 119 204
sheep 0.0499 7 252 78 313
sheep 0.0287 130 124 158 157
sheep 0.0092 40 261 74 325
sheep 0.0072 304 200 333 275
sheep 0.0067 73 237 203 416
sheep 0.0057 64 130 107 162
sheep 0.0034 91 144 118 172
sheep 0.0028 300 232 332 397
sheep 0.0019 187 60 205 78
sheep 0.0015 4 251 39 298
sheep 0.0015 174 254 242 378
sheep 0.0013 212 120 242 154
sheep 0.0013 239 143 267 177
sheep 0.0012 316 65 333 82
sheep 0.0012 328 258 334 344
sheep 0.0011 97 267 171 444
sheep 0.0011 294 196 336 251
sheep 0.0010 132 243 251 347
