chair 0.9698 0 356 47 500
chair 0.8988 224 338 262 417
chair 0.0154 265 252 322 416
chair 0.0051 0 364 20 500
chair 0.0042 337 323 374 496
chair 0.0027 353 236 375 357
chair 0.0026 0 355 5 500
chair 0.0018 365 254 375 314
chair 0.0016 166 258 226 412
chair 0.0015 298 254 351 417
chair 0.0012 340 213 373 308
diningtable 0.0011 63 391 313 497
pottedplant 0.5754 222 297 265 343
pottedplant 0.0117 220 256 262 346
pottedplant 0.0042 212 242 269 392
sofa 0.0012 339 313 374 477
tvmonitor 0.0168 66 124 129 155
tvmonitor 0.0034 99 125 137 156
