boat 0.0111 -2 9 500 365
boat 0.0025 462 82 489 93
boat 0.0016 136 147 360 230
bottle 0.0014 111 367 149 375
bottle 0.0012 100 366 159 374
chair 0.0666 61 234 437 373
chair 0.0076 218 196 428 346
chair 0.0056 -5 223 274 368
chair 0.0043 480 299 500 376
chair 0.0038 270 273 360 373
chair 0.0024 490 294 500 376
chair 0.0022 13 275 332 379
chair 0.0020 155 274 417 376
chair 0.0018 482 337 500 375
chair 0.0011 4 283 185 378
person 0.9955 203 131 433 373
person 0.9923 3 179 179 373
person 0.0115 481 242 500 379
person 0.0109 6 171 332 377
person 0.0041 220 156 418 286
person 0.0021 491 278 500 377
person 0.0010 0 274 21 377
sofa 0.0128 12 164 486 377
