bottle 0.2072 52 155 66 183
bottle 0.0201 50 134 69 179
bottle 0.0011 253 367 278 374
chair 0.0827 1 225 48 367
chair 0.0049 369 329 494 375
chair 0.0048 0 200 25 363
chair 0.0030 368 243 504 375
chair 0.0016 445 303 501 373
chair 0.0014 0 133 19 257
chair 0.0011 0 177 5 263
chair 0.0011 0 298 51 376
diningtable 0.2848 -1 308 337 374
diningtable 0.0114 71 331 423 375
diningtable 0.0057 -1 151 61 263
diningtable 0.0016 149 330 329 375
diningtable 0.0013 -23 325 232 376
person 0.9970 50 123 152 322
person 0.9877 197 180 367 373
person 0.9849 374 151 496 375
person 0.9521 41 39 176 223
person 0.9490 116 126 209 314
person 0.9370 319 152 403 381
person 0.8971 140 154 262 321
person 0.6031 256 153 303 202
person 0.2823 305 159 359 252
person 0.1089 450 146 498 384
person 0.0994 180 193 296 340
person 0.0632 478 129 499 376
person 0.0185 309 158 357 208
person 0.0104 0 187 51 350
person 0.0094 442 245 499 371
person 0.0081 495 194 500 330
person 0.0063 251 156 351 260
person 0.0062 301 160 372 317
person 0.0059 64 42 179 154
person 0.0045 235 146 415 357
person 0.0043 61 54 191 326
person 0.0043 314 161 394 259
person 0.0038 352 158 432 376
person 0.0032 494 160 500 291
person 0.0032 465 206 503 381
person 0.0024 0 82 16 249
person 0.0023 142 126 360 320
person 0.0023 482 96 500 236
person 0.0021 -34 110 463 372
person 0.0019 94 112 198 254
person 0.0018 490 115 499 207
person 0.0014 0 167 20 338
person 0.0014 475 275 500 372
person 0.0012 496 257 499 296
person 0.0011 494 244 500 366
sofa 0.0022 72 170 282 365
tvmonitor 0.0031 0 108 7 187
tvmonitor 0.0016 491 151 499 229
tvmonitor 0.0011 480 129 500 288
tvmonitor 0.0010 0 130 4 164
