bicycle 0.0527 467 1 499 41
car 0.0749 0 0 98 36
car 0.0675 0 -1 24 35
car 0.0324 95 2 194 54
car 0.0137 87 1 334 58
car 0.0088 204 2 313 58
car 0.0048 32 0 136 37
car 0.0022 78 0 102 5
car 0.0016 0 0 25 5
car 0.0013 0 -1 10 8
motorbike 0.9815 188 112 359 286
motorbike 0.1784 458 0 498 39
motorbike 0.0254 391 0 473 34
motorbike 0.0017 428 0 480 31
motorbike 0.0014 109 88 330 300
motorbike 0.0014 404 -4 499 25
person 0.9979 185 30 320 240
person 0.9618 197 0 238 56
person 0.9399 168 0 201 55
person 0.1654 464 0 500 40
person 0.0220 139 3 226 54
person 0.0093 472 0 500 9
person 0.0065 487 -1 499 34
person 0.0064 488 0 501 10
person 0.0061 470 0 500 22
person 0.0060 490 -1 500 18
person 0.0059 184 0 225 48
person 0.0042 183 1 298 57
person 0.0022 461 0 492 7
person 0.0014 224 -1 242 46
person 0.0012 213 2 257 58
person 0.0012 151 65 298 208
person 0.0012 21 21 486 252
person 0.0011 196 51 355 182
