car 0.9619 14 34 488 294
car 0.5726 424 11 506 73
car 0.5174 0 15 53 102
car 0.1904 6 7 172 106
car 0.0049 2 -1 87 96
car 0.0025 21 6 65 38
car 0.0019 373 1 517 79
car 0.0019 1 1 54 64
car 0.0017 56 -1 154 91
car 0.0013 8 0 85 40
car 0.0012 84 -1 165 43
car 0.0011 440 2 489 28
person 0.9901 388 -2 423 108
person 0.7243 475 4 501 81
person 0.5769 241 1 265 40
person 0.1667 282 -1 302 47
person 0.1216 265 1 282 44
person 0.0817 489 6 500 76
person 0.0434 161 1 178 38
person 0.0144 273 0 293 46
person 0.0067 276 0 306 88
person 0.0047 489 0 500 44
person 0.0045 149 -1 181 42
person 0.0044 476 4 498 50
person 0.0040 284 0 302 7
person 0.0029 240 4 270 84
person 0.0024 491 0 500 19
person 0.0023 110 0 127 5
person 0.0021 493 25 500 57
person 0.0020 266 4 299 55
person 0.0016 265 18 300 93
person 0.0015 494 9 500 35
person 0.0015 478 21 501 115
person 0.0012 252 1 272 42
person 0.0010 272 0 296 7
person 0.0010 491 28 500 91
