chair 0.9639 0 108 29 184
chair 0.9315 -1 111 116 324
chair 0.9288 107 114 170 251
chair 0.9049 69 133 262 333
chair 0.8959 286 120 438 313
chair 0.0786 282 109 309 206
chair 0.0739 107 111 147 136
chair 0.0454 0 115 10 183
chair 0.0336 355 114 385 142
chair 0.0333 437 100 499 218
chair 0.0277 430 154 501 267
chair 0.0173 -17 129 208 339
chair 0.0144 30 107 55 139
chair 0.0126 0 120 24 217
chair 0.0103 5 103 39 170
chair 0.0096 127 108 173 182
chair 0.0084 409 149 500 322
chair 0.0074 48 101 116 266
chair 0.0069 131 106 184 240
chair 0.0062 413 132 492 238
chair 0.0054 331 114 419 258
chair 0.0044 102 110 123 135
chair 0.0039 413 139 452 230
chair 0.0039 376 133 451 236
chair 0.0038 146 113 256 307
chair 0.0034 -12 93 33 198
chair 0.0031 117 112 204 274
chair 0.0029 -26 119 44 172
chair 0.0029 13 110 29 176
chair 0.0027 0 133 5 228
chair 0.0026 27 104 59 164
chair 0.0025 0 96 7 165
chair 0.0022 290 108 309 164
chair 0.0022 479 99 500 218
chair 0.0017 397 126 434 217
chair 0.0016 439 102 500 163
chair 0.0016 79 125 176 321
chair 0.0015 262 106 299 189
chair 0.0014 0 115 4 145
chair 0.0014 366 113 393 138
chair 0.0014 124 108 176 139
chair 0.0012 354 127 435 293
chair 0.0010 0 129 17 264
chair 0.0010 284 128 299 207
diningtable 0.7497 396 227 499 323
diningtable 0.5777 286 117 504 314
diningtable 0.4870 13 96 260 299
diningtable 0.0131 382 143 497 340
diningtable 0.0086 36 134 239 250
diningtable 0.0068 382 141 486 251
diningtable 0.0040 -29 88 361 345
diningtable 0.0019 330 242 497 331
diningtable 0.0018 138 94 588 335
diningtable 0.0015 428 173 504 322
diningtable 0.0011 402 228 500 271
diningtable 0.0011 86 142 408 335
person 0.0021 489 62 499 108
