bottle 0.0057 282 118 303 150
bottle 0.0014 301 109 317 129
bottle 0.0010 279 124 302 169
chair 0.9508 315 176 498 373
chair 0.2148 39 96 121 200
chair 0.1603 354 87 430 150
chair 0.1013 401 165 502 344
chair 0.0383 440 176 499 382
chair 0.0137 435 152 502 297
chair 0.0062 465 156 505 377
chair 0.0057 364 76 514 361
chair 0.0039 471 156 501 289
chair 0.0038 311 279 495 375
chair 0.0025 448 161 498 256
chair 0.0024 473 215 499 376
chair 0.0023 -3 84 100 218
chair 0.0023 0 267 63 375
chair 0.0021 230 88 321 133
chair 0.0020 259 84 477 352
chair 0.0017 451 277 499 373
chair 0.0015 387 149 482 297
chair 0.0015 274 184 468 311
chair 0.0014 0 109 61 254
chair 0.0012 403 236 499 375
chair 0.0011 21 72 169 195
chair 0.0010 414 133 490 259
chair 0.0010 -7 55 134 319
diningtable 0.9634 2 120 493 372
diningtable 0.0028 58 186 444 309
diningtable 0.0027 186 156 474 384
diningtable 0.0017 74 144 431 231
pottedplant 0.2092 87 19 233 168
pottedplant 0.0013 5 -1 201 200
