bicycle 0.7468 34 197 350 450
bicycle 0.0039 74 221 310 364
bicycle 0.0032 19 138 209 438
bicycle 0.0016 40 255 239 401
bicycle 0.0012 100 84 330 421
chair 0.0604 0 147 60 293
chair 0.0039 -4 97 84 407
chair 0.0026 -2 128 45 392
chair 0.0023 140 168 338 475
chair 0.0010 0 171 12 386
dog 0.9380 0 414 188 501
dog 0.0012 48 434 276 508
dog 0.0011 -11 399 100 499
motorbike 0.0019 148 136 334 446
person 0.9790 36 66 201 338
person 0.9619 63 4 216 257
person 0.0123 8 32 270 386
person 0.0010 78 3 206 124
