bicycle 0.0025 473 147 499 176
bicycle 0.0024 493 127 500 211
bicycle 0.0012 496 143 500 180
car 0.9817 1 112 98 213
car 0.9603 -1 127 501 352
car 0.0053 -12 65 125 250
car 0.0022 64 180 434 305
car 0.0020 15 109 111 168
car 0.0011 0 164 102 218
person 0.1681 87 110 119 186
person 0.0964 447 134 473 164
person 0.0315 388 112 409 137
person 0.0314 415 128 437 151
person 0.0165 61 109 111 187
person 0.0129 492 118 499 177
person 0.0093 68 104 91 136
person 0.0045 0 91 5 116
person 0.0042 437 128 475 174
person 0.0027 408 122 431 147
person 0.0023 89 108 113 156
person 0.0022 11 0 75 18
person 0.0021 496 133 500 177
person 0.0013 3 88 22 118
tvmonitor 0.0018 375 94 450 146
