bottle 0.0130 183 204 190 222
bottle 0.0028 373 169 388 199
chair 0.0422 185 231 389 372
chair 0.0092 105 278 400 379
chair 0.0062 352 238 505 372
chair 0.0021 475 247 499 372
chair 0.0019 107 258 182 366
chair 0.0010 441 170 499 308
person 0.9976 208 63 340 264
person 0.9944 88 166 185 261
person 0.9936 180 186 397 372
person 0.9732 328 180 498 373
person 0.9588 1 137 173 370
person 0.0127 442 169 499 365
person 0.0103 65 111 208 325
person 0.0081 184 190 295 371
person 0.0065 11 158 182 280
person 0.0055 84 158 170 343
person 0.0041 0 226 133 367
person 0.0036 479 191 499 371
person 0.0030 136 160 522 389
person 0.0018 467 168 504 393
person 0.0017 15 167 325 382
person 0.0016 -105 45 374 385
person 0.0013 0 154 15 351
person 0.0010 -2 130 62 374
pottedplant 0.0010 384 147 412 192
sofa 0.3888 160 218 495 373
sofa 0.1833 324 229 494 374
sofa 0.0149 224 280 501 376
sofa 0.0014 23 226 402 375
