cow 0.0010 0 284 48 311
horse 0.0035 10 200 182 312
motorbike 0.8957 279 193 456 313
motorbike 0.2722 275 171 354 253
motorbike 0.0850 265 174 403 278
motorbike 0.0241 285 182 384 241
motorbike 0.0045 281 166 434 246
motorbike 0.0035 270 200 368 313
motorbike 0.0029 30 163 173 300
motorbike 0.0028 322 159 385 258
motorbike 0.0019 227 167 370 246
motorbike 0.0018 309 175 362 248
person 0.9951 315 136 351 207
person 0.9899 61 80 178 318
person 0.8574 345 153 381 239
person 0.1661 349 154 375 190
person 0.0253 311 133 361 238
person 0.0041 69 184 176 307
person 0.0041 304 143 370 201
person 0.0020 320 166 394 228
person 0.0015 336 139 373 193
