boat 0.9195 3 231 158 291
boat 0.5709 174 240 252 267
boat 0.2116 281 236 350 259
boat 0.1867 176 233 233 257
boat 0.0936 137 232 177 255
boat 0.0797 2 215 44 254
boat 0.0363 276 224 371 260
boat 0.0285 174 230 224 247
boat 0.0116 91 225 131 242
boat 0.0097 252 185 290 250
boat 0.0088 5 205 42 228
boat 0.0079 1 223 131 265
boat 0.0079 327 237 373 253
boat 0.0079 171 129 251 266
boat 0.0078 250 226 290 248
boat 0.0075 92 189 130 241
boat 0.0070 101 150 278 251
boat 0.0061 146 227 250 262
boat 0.0054 311 234 359 251
boat 0.0035 -1 210 69 262
boat 0.0032 146 166 183 244
boat 0.0025 143 168 218 242
boat 0.0024 4 210 55 243
boat 0.0023 255 238 285 246
boat 0.0023 92 227 119 238
boat 0.0016 273 242 328 260
boat 0.0016 35 227 101 261
boat 0.0015 344 241 372 252
boat 0.0014 142 208 178 246
boat 0.0014 164 167 197 242
boat 0.0014 3 229 56 259
boat 0.0013 194 232 259 261
boat 0.0012 35 252 176 292
boat 0.0012 247 236 285 248
boat 0.0012 322 237 350 248
boat 0.0012 77 214 168 267
boat 0.0012 62 233 180 287
boat 0.0011 51 208 260 287
boat 0.0011 94 135 125 234
boat 0.0011 7 194 41 220
boat 0.0011 12 209 38 220
boat 0.0011 9 221 67 248
boat 0.0010 289 226 351 252
boat 0.0010 175 163 212 243
boat 0.0010 88 197 155 246
person 0.8085 2 296 91 431
person 0.0049 -6 254 101 483
