bottle 0.0029 208 214 239 288
bottle 0.0023 46 355 116 375
bottle 0.0019 229 26 238 51
chair 0.0316 292 106 498 374
chair 0.0039 484 172 500 361
chair 0.0035 492 178 500 275
chair 0.0029 493 208 499 316
chair 0.0021 485 112 499 306
chair 0.0019 439 246 500 370
diningtable 0.9387 -12 222 448 377
diningtable 0.0011 -24 93 451 396
person 0.9911 -1 28 166 271
person 0.9864 286 43 495 349
person 0.1072 313 2 405 96
person 0.0797 343 1 400 72
person 0.0457 1 66 48 324
person 0.0350 0 78 21 310
person 0.0108 -1 88 29 386
person 0.0059 8 103 177 386
person 0.0042 0 157 17 375
person 0.0038 0 143 91 390
person 0.0033 -1 221 267 376
person 0.0025 0 179 5 303
person 0.0024 295 116 489 262
person 0.0022 0 102 6 221
person 0.0019 182 22 539 302
person 0.0017 3 65 88 295
person 0.0014 0 48 17 226
person 0.0010 343 0 435 98
sofa 0.4486 172 42 273 138
sofa 0.0241 172 61 482 313
sofa 0.0021 163 35 419 230
sofa 0.0010 165 81 249 133
tvmonitor 0.0029 318 0 473 91
