bottle 0.9886 276 206 352 377
bottle 0.0168 284 172 354 309
bottle 0.0083 459 138 475 170
bottle 0.0080 476 142 497 169
bottle 0.0067 494 139 500 171
bottle 0.0050 255 251 295 344
bottle 0.0035 27 209 41 229
bottle 0.0017 492 136 499 185
diningtable 0.1323 7 296 484 375
diningtable 0.0062 19 328 410 374
person 0.9972 186 82 382 311
person 0.0363 182 38 205 72
person 0.0169 0 130 59 344
person 0.0081 0 102 20 258
person 0.0048 0 157 17 346
person 0.0025 478 228 500 334
person 0.0023 -5 86 128 350
person 0.0022 -3 117 30 359
person 0.0018 0 98 89 292
person 0.0016 492 225 499 328
person 0.0015 474 256 499 363
person 0.0014 41 36 63 53
person 0.0013 475 48 500 166
person 0.0012 479 84 500 247
person 0.0010 491 65 500 157
