diningtable 0.0507 34 262 474 334
diningtable 0.0026 109 292 465 334
diningtable 0.0020 5 187 495 344
diningtable 0.0014 237 257 492 333
person 0.9811 106 47 257 271
person 0.3780 435 35 499 336
person 0.0308 0 86 12 312
person 0.0170 384 3 499 285
person 0.0051 469 13 503 332
person 0.0036 318 54 495 328
person 0.0034 0 136 6 266
person 0.0026 -2 14 22 305
person 0.0025 483 46 499 299
person 0.0025 0 180 5 299
person 0.0017 -29 39 378 287
person 0.0015 405 148 499 326
person 0.0012 0 98 5 227
person 0.0010 0 193 15 331
