bottle 0.1696 419 81 487 281
bottle 0.0958 430 119 469 211
bottle 0.0029 280 36 301 73
bottle 0.0020 419 126 456 231
person 0.9896 135 110 444 375
person 0.9882 129 0 266 136
person 0.9800 275 5 365 119
person 0.9769 382 -3 502 376
person 0.9461 32 126 300 370
person 0.8914 345 3 434 125
person 0.7151 22 1 236 266
person 0.5679 432 30 500 361
person 0.1419 0 12 53 148
person 0.0827 2 -4 117 384
person 0.0769 0 35 61 350
person 0.0621 130 0 184 70
person 0.0574 325 2 497 258
person 0.0384 235 0 273 125
person 0.0324 27 -1 474 377
person 0.0256 394 15 500 227
person 0.0232 241 10 416 365
person 0.0189 0 7 28 93
person 0.0152 400 84 472 306
person 0.0145 0 -2 49 76
person 0.0117 0 27 27 158
person 0.0090 473 15 502 373
person 0.0089 485 33 500 355
person 0.0089 276 -1 447 146
person 0.0086 0 16 7 106
person 0.0073 0 0 46 23
person 0.0055 -39 -12 245 388
person 0.0052 235 0 319 131
person 0.0048 273 5 612 368
person 0.0047 6 167 194 376
person 0.0045 372 106 509 263
person 0.0041 222 0 268 72
person 0.0038 0 0 28 8
person 0.0037 254 0 307 70
person 0.0029 57 172 278 313
person 0.0028 136 0 182 24
person 0.0028 3 -5 87 107
person 0.0027 287 1 342 71
person 0.0027 -5 9 35 206
person 0.0026 275 6 324 93
person 0.0025 100 0 158 19
person 0.0024 56 0 88 5
person 0.0024 303 -4 405 111
person 0.0023 100 0 149 72
person 0.0023 22 0 101 8
person 0.0022 0 0 10 10
person 0.0022 -1 0 49 10
person 0.0021 36 0 69 6
person 0.0021 311 103 496 385
person 0.0020 0 -3 7 69
person 0.0020 0 0 7 20
person 0.0020 271 -1 319 50
person 0.0019 14 0 70 20
person 0.0018 332 -1 426 68
person 0.0018 357 0 461 183
person 0.0018 98 0 161 10
person 0.0018 143 0 259 44
person 0.0017 0 0 27 34
person 0.0017 225 19 292 161
person 0.0016 211 2 378 131
person 0.0016 76 0 107 6
person 0.0016 220 173 422 312
person 0.0014 2 8 85 206
person 0.0014 -49 17 93 359
person 0.0013 243 1 267 47
person 0.0013 2 -1 90 43
person 0.0013 3 53 46 187
person 0.0011 8 0 40 7
person 0.0011 14 -1 175 89
person 0.0011 57 0 124 9
person 0.0010 0 22 24 70
