chair 0.9806 415 165 498 305
chair 0.9783 4 251 193 372
chair 0.0257 482 167 500 309
chair 0.0111 490 193 500 288
chair 0.0073 412 199 499 270
chair 0.0038 11 274 323 375
chair 0.0032 482 132 500 259
chair 0.0028 490 155 500 254
chair 0.0022 39 256 171 306
chair 0.0021 415 174 497 243
chair 0.0015 65 244 180 354
chair 0.0013 3 318 190 381
chair 0.0010 492 221 499 318
pottedplant 0.0016 215 0 341 43
sofa 0.9898 87 175 383 318
sofa 0.0264 62 215 436 384
sofa 0.0159 57 289 450 376
sofa 0.0088 216 301 507 374
sofa 0.0032 111 326 472 376
sofa 0.0013 61 137 510 357
