bottle 0.0023 146 111 173 150
bottle 0.0010 141 102 183 164
car 0.1751 418 204 480 232
chair 0.0353 -1 272 102 333
chair 0.0031 4 263 178 332
chair 0.0010 0 324 11 332
person 0.9925 115 40 251 338
person 0.9860 235 62 367 329
person 0.0181 110 116 255 261
person 0.0172 142 40 360 342
person 0.0096 248 58 473 330
person 0.0019 111 76 179 296
person 0.0010 225 106 365 233
pottedplant 0.7593 2 17 44 152
pottedplant 0.6786 1 147 83 280
pottedplant 0.0366 6 175 79 342
pottedplant 0.0119 1 26 50 237
pottedplant 0.0013 -7 145 119 338
pottedplant 0.0012 0 180 18 319
sofa 0.5779 323 223 493 324
sofa 0.0121 193 244 477 332
sofa 0.0043 403 232 498 287
sofa 0.0019 55 197 448 341
sofa 0.0011 448 231 501 290
sofa 0.0011 359 212 501 288
