chair 0.9535 96 276 181 481
chair 0.0048 0 283 6 435
chair 0.0011 98 246 220 412
diningtable 0.8939 104 228 388 503
diningtable 0.0113 103 202 317 363
diningtable 0.0032 98 286 274 458
diningtable 0.0020 122 263 370 404
dog 0.0041 0 271 6 391
person 0.9936 3 63 104 457
person 0.9872 101 177 263 389
person 0.9870 204 145 274 259
person 0.9868 175 75 250 160
person 0.9181 84 79 134 205
person 0.8206 68 78 100 161
person 0.4753 169 157 215 212
person 0.1808 243 125 283 193
person 0.0807 68 81 99 124
person 0.0643 256 92 286 128
person 0.0529 0 278 12 472
person 0.0367 246 129 281 168
person 0.0274 253 84 285 164
person 0.0204 248 130 266 151
person 0.0189 334 152 374 404
person 0.0164 72 77 108 199
person 0.0116 0 101 10 419
person 0.0114 170 161 215 268
person 0.0076 359 138 374 379
person 0.0063 369 127 374 266
person 0.0061 0 217 5 369
person 0.0057 168 153 248 250
person 0.0052 253 123 285 154
person 0.0047 0 282 6 417
person 0.0042 113 155 267 277
person 0.0035 266 99 285 137
person 0.0033 32 150 350 505
person 0.0033 351 110 377 409
person 0.0028 267 83 285 123
person 0.0027 361 85 375 280
person 0.0027 206 146 247 225
person 0.0027 207 140 273 192
person 0.0021 -1 72 18 446
person 0.0021 16 67 181 441
person 0.0019 229 137 275 228
person 0.0015 186 162 209 206
person 0.0015 255 107 272 130
person 0.0013 165 162 255 317
person 0.0013 152 102 287 320
person 0.0012 368 178 375 291
person 0.0011 0 162 4 347
person 0.0011 0 307 4 490
person 0.0011 0 345 14 517
person 0.0010 360 214 374 458
person 0.0010 245 132 268 180
tvmonitor 0.0010 305 185 373 254
