bottle 0.0042 293 51 378 161
chair 0.0329 399 -3 498 161
chair 0.0067 375 -4 499 262
chair 0.0010 74 11 131 83
diningtable 0.9518 0 28 500 398
diningtable 0.0011 45 37 457 222
diningtable 0.0010 95 166 408 270
person 0.6947 1 1 82 212
person 0.5270 103 -1 327 71
person 0.1798 329 -1 416 67
person 0.0837 286 0 445 74
person 0.0526 1 38 89 349
person 0.0249 0 1 68 130
person 0.0058 275 -2 401 51
person 0.0039 405 29 499 243
person 0.0031 314 5 496 253
person 0.0031 419 0 455 4
person 0.0023 364 -2 464 49
person 0.0023 393 0 480 7
person 0.0020 0 28 18 216
person 0.0017 8 -7 179 212
person 0.0017 331 0 387 52
person 0.0016 36 0 239 81
person 0.0016 105 16 320 111
person 0.0016 386 0 439 69
person 0.0016 370 22 501 353
person 0.0016 480 42 499 232
person 0.0014 312 -8 489 56
person 0.0014 0 2 21 125
person 0.0013 -6 0 33 244
person 0.0012 173 0 343 44
person 0.0012 144 -6 425 54
person 0.0012 0 0 55 71
person 0.0011 -2 -5 125 97
sofa 0.0012 367 1 506 87
sofa 0.0010 319 5 492 131
