bottle 0.0035 342 121 352 147
cat 0.0017 451 363 498 375
chair 0.9874 166 244 268 375
chair 0.9838 -1 244 147 376
chair 0.3171 115 184 197 208
chair 0.0781 129 181 270 206
chair 0.0252 193 176 258 207
chair 0.0194 142 222 340 379
chair 0.0148 268 128 299 198
chair 0.0088 191 173 256 193
chair 0.0083 0 179 98 356
chair 0.0083 147 187 244 205
chair 0.0067 1 193 55 369
chair 0.0065 23 278 141 342
chair 0.0060 167 263 266 328
chair 0.0039 -9 124 137 369
chair 0.0036 273 126 298 169
chair 0.0030 53 206 157 360
chair 0.0027 7 256 128 307
chair 0.0025 116 185 245 224
chair 0.0023 16 189 169 306
chair 0.0018 0 219 24 370
chair 0.0017 23 303 146 373
chair 0.0016 108 198 179 339
chair 0.0015 191 257 247 362
chair 0.0015 197 193 256 212
chair 0.0015 139 164 264 202
chair 0.0013 115 184 166 201
chair 0.0012 118 191 177 214
diningtable 0.9181 13 212 321 382
diningtable 0.0106 27 203 312 292
diningtable 0.0024 -27 184 437 411
diningtable 0.0012 15 274 250 372
pottedplant 0.0013 279 123 304 158
sofa 0.2098 452 192 499 343
sofa 0.0023 471 221 500 367
