chair 0.8622 115 95 377 476
chair 0.0025 87 0 188 49
chair 0.0016 149 180 337 320
chair 0.0014 272 92 379 483
chair 0.0011 61 151 262 503
dog 0.5316 155 140 234 274
dog 0.0031 112 178 262 314
person 0.7810 105 44 335 456
person 0.0217 99 28 278 316
person 0.0105 21 1 354 346
person 0.0055 69 89 258 485
person 0.0021 89 148 232 272
person 0.0018 129 179 303 316
pottedplant 0.9659 -1 161 109 322
pottedplant 0.0197 0 149 20 291
pottedplant 0.0051 -1 166 101 238
pottedplant 0.0016 0 204 4 304
pottedplant 0.0014 0 197 17 272
pottedplant 0.0013 0 172 6 279
pottedplant 0.0010 -3 145 132 425
