bicycle 0.2365 1 56 122 367
bicycle 0.0134 0 136 23 311
bicycle 0.0058 -4 167 127 323
bicycle 0.0010 0 118 51 330
bicycle 0.0010 0 182 16 350
bicycle 0.0010 -6 147 28 356
car 0.3809 119 99 159 127
car 0.0013 92 98 161 139
motorbike 0.9519 391 101 501 282
motorbike 0.0052 344 53 477 323
motorbike 0.0027 433 92 500 348
motorbike 0.0012 383 154 494 205
motorbike 0.0012 242 22 641 350
motorbike 0.0010 465 69 504 317
person 0.9914 272 33 387 352
person 0.9724 215 42 304 291
person 0.9470 349 25 413 308
person 0.9192 3 13 124 359
person 0.0386 480 73 500 229
person 0.0244 262 105 393 273
person 0.0089 442 79 501 257
person 0.0074 -6 102 131 269
person 0.0073 298 34 429 296
person 0.0041 0 85 21 305
person 0.0039 471 67 503 266
person 0.0033 261 47 334 312
person 0.0024 482 46 500 171
person 0.0022 490 81 500 182
person 0.0018 146 26 513 352
person 0.0015 -119 20 237 352
person 0.0014 490 68 500 141
person 0.0012 0 45 53 316
person 0.0011 242 35 307 211
person 0.0011 131 24 302 299
