bottle 0.0243 232 32 243 60
bottle 0.0016 234 31 249 62
bottle 0.0015 337 335 445 375
bottle 0.0013 432 124 444 170
cat 0.0012 307 364 375 374
chair 0.9837 12 106 238 371
chair 0.0630 0 280 337 376
chair 0.0198 30 166 223 316
chair 0.0193 31 126 223 255
chair 0.0119 3 243 190 375
chair 0.0032 111 354 329 375
chair 0.0028 35 230 456 379
chair 0.0023 75 327 416 376
chair 0.0019 -7 91 429 397
chair 0.0018 6 200 124 365
chair 0.0013 -17 88 146 349
chair 0.0013 482 92 500 297
chair 0.0010 409 76 497 341
person 0.0078 479 8 500 120
person 0.0058 438 0 500 70
person 0.0025 474 0 500 73
person 0.0022 422 0 494 25
person 0.0021 406 49 498 313
person 0.0016 489 -3 499 81
person 0.0010 480 27 500 187
pottedplant 0.0039 323 336 427 375
tvmonitor 0.9635 349 70 448 166
tvmonitor 0.7790 219 85 271 133
tvmonitor 0.0028 336 40 476 215
tvmonitor 0.0024 208 61 277 159
