car 0.0305 3 -17 493 199
car 0.0059 26 4 170 284
car 0.0057 42 15 452 105
car 0.0051 3 9 92 207
car 0.0022 40 1 167 35
car 0.0019 0 -2 270 180
car 0.0013 37 0 211 17
cow 0.0023 440 205 498 318
dog 0.9762 4 231 203 335
dog 0.8852 203 238 436 333
dog 0.0377 212 215 436 281
dog 0.0044 305 248 493 334
dog 0.0019 252 219 417 257
dog 0.0015 0 144 15 329
dog 0.0011 219 168 500 329
person 0.9954 80 44 165 271
person 0.9748 247 53 353 237
person 0.9610 354 36 466 307
person 0.0725 0 54 14 292
person 0.0065 40 0 66 9
person 0.0057 0 99 6 227
person 0.0047 -2 68 23 327
person 0.0042 48 0 76 7
person 0.0031 266 59 475 320
person 0.0030 388 28 478 138
person 0.0028 0 141 5 274
person 0.0027 1 64 52 306
person 0.0024 0 69 8 192
person 0.0023 46 0 97 16
person 0.0022 0 3 14 189
person 0.0020 62 87 189 200
person 0.0018 46 0 132 19
person 0.0017 38 1 136 38
person 0.0016 419 50 482 319
person 0.0015 32 0 57 8
person 0.0015 434 32 477 136
person 0.0014 483 92 500 278
person 0.0012 0 46 6 152
person 0.0012 216 26 592 312
person 0.0011 62 11 510 275
person 0.0011 340 82 409 262
person 0.0011 41 1 92 59
person 0.0010 494 63 500 147
person 0.0010 444 66 500 304
