car 0.0097 0 193 7 218
car 0.0019 18 193 34 207
car 0.0018 43 191 62 206
car 0.0017 51 184 68 197
car 0.0017 0 185 5 211
car 0.0017 0 183 9 229
car 0.0015 53 190 70 205
person 0.9971 29 199 81 355
person 0.9909 174 198 194 255
person 0.9702 244 191 268 284
person 0.8359 74 187 123 325
person 0.7177 18 201 36 254
person 0.4637 235 190 261 279
person 0.3838 256 204 274 276
person 0.0728 15 196 41 271
person 0.0351 0 196 8 243
person 0.0329 0 209 4 243
person 0.0309 259 211 283 284
person 0.0201 241 191 262 248
person 0.0157 4 206 22 246
person 0.0130 33 201 54 254
person 0.0070 0 199 6 268
person 0.0057 37 195 47 218
person 0.0051 44 193 57 216
person 0.0047 259 203 272 252
person 0.0038 259 239 274 283
person 0.0037 166 207 205 247
person 0.0022 70 187 107 294
person 0.0019 8 203 22 223
person 0.0018 25 197 66 276
person 0.0015 0 220 3 260
person 0.0014 239 191 256 234
person 0.0014 42 194 87 315
person 0.0013 205 194 229 232
person 0.0012 25 195 38 213
person 0.0012 285 199 303 255
person 0.0010 338 0 362 9
person 0.0010 18 195 33 211
pottedplant 0.0015 132 220 144 233
