bicycle 0.0044 478 190 500 341
person 0.9837 391 21 497 369
person 0.1519 479 130 500 345
person 0.0159 382 127 503 294
person 0.0101 474 26 503 336
person 0.0060 440 49 498 366
person 0.0039 482 51 500 281
person 0.0018 259 47 630 373
person 0.0018 492 114 499 237
person 0.0015 493 181 500 315
pottedplant 0.9667 73 235 186 365
pottedplant 0.9449 230 245 336 354
pottedplant 0.6777 2 218 68 346
pottedplant 0.0277 2 149 81 330
pottedplant 0.0239 0 354 8 373
pottedplant 0.0153 0 338 10 375
pottedplant 0.0074 3 24 187 346
pottedplant 0.0064 203 222 364 379
pottedplant 0.0041 0 364 9 375
pottedplant 0.0039 87 284 192 360
pottedplant 0.0038 348 305 401 374
pottedplant 0.0030 2 367 25 375
pottedplant 0.0028 66 349 135 375
pottedplant 0.0027 0 306 8 379
pottedplant 0.0024 127 365 148 374
pottedplant 0.0024 182 48 398 328
pottedplant 0.0021 0 292 5 320
pottedplant 0.0020 201 172 252 206
pottedplant 0.0020 4 207 57 298
pottedplant 0.0018 106 355 172 375
pottedplant 0.0018 0 273 7 338
pottedplant 0.0017 0 233 6 321
pottedplant 0.0016 1 181 22 322
pottedplant 0.0015 0 339 24 374
pottedplant 0.0013 249 253 307 344
pottedplant 0.0013 90 364 169 375
pottedplant 0.0012 472 368 499 374
pottedplant 0.0011 4 351 62 374
pottedplant 0.0011 443 366 507 374
pottedplant 0.0010 78 241 98 258
