bottle 0.0972 238 387 273 394
bottle 0.0098 212 219 257 284
bottle 0.0043 223 386 245 395
bottle 0.0032 77 69 103 118
bottle 0.0029 88 90 113 116
bottle 0.0026 225 388 265 395
bottle 0.0017 67 87 114 118
bottle 0.0017 224 387 323 395
bottle 0.0016 232 374 276 396
bottle 0.0012 209 218 237 259
bottle 0.0010 67 72 95 117
car 0.7243 298 56 332 73
car 0.0122 165 16 210 38
car 0.0029 297 57 314 70
car 0.0015 162 12 209 62
chair 0.9473 251 140 319 240
chair 0.0443 39 51 87 90
chair 0.0366 321 248 496 395
chair 0.0115 442 232 500 390
chair 0.0069 474 259 500 392
chair 0.0052 403 199 499 396
chair 0.0048 244 133 318 334
chair 0.0029 215 194 511 389
chair 0.0014 0 58 24 117
chair 0.0012 210 141 316 265
chair 0.0011 449 320 499 394
chair 0.0011 466 187 504 406
diningtable 0.0043 263 178 465 275
diningtable 0.0020 202 149 379 245
person 0.9586 83 40 281 358
person 0.9568 239 5 493 385
person 0.9070 11 66 116 192
person 0.2761 45 49 90 93
person 0.2466 121 39 142 75
person 0.2397 102 65 147 129
person 0.2376 65 106 172 248
person 0.1185 38 58 97 137
person 0.0821 112 66 142 104
person 0.0760 111 41 146 94
person 0.0667 282 148 401 259
person 0.0414 59 63 111 134
person 0.0258 34 53 136 148
person 0.0153 19 78 110 143
person 0.0109 62 79 146 140
person 0.0104 6 50 168 221
person 0.0102 41 52 235 281
person 0.0090 136 73 358 383
person 0.0076 64 61 147 112
person 0.0070 8 47 91 150
person 0.0068 58 70 151 189
person 0.0048 115 61 160 133
person 0.0046 75 113 169 175
person 0.0045 22 60 75 137
person 0.0044 62 12 442 382
person 0.0032 91 122 272 270
person 0.0022 304 144 492 248
person 0.0021 130 116 531 398
person 0.0019 98 64 186 130
person 0.0018 26 92 137 162
person 0.0017 66 46 91 85
person 0.0016 81 62 103 95
person 0.0015 59 54 86 100
person 0.0015 26 60 236 160
person 0.0014 118 67 138 91
person 0.0014 15 21 163 134
person 0.0014 64 45 147 92
person 0.0014 84 63 101 82
person 0.0013 482 20 499 146
person 0.0010 114 75 141 128
person 0.0010 68 62 270 210
pottedplant 0.0591 5 0 92 77
pottedplant 0.0487 0 66 10 124
pottedplant 0.0295 3 66 47 132
pottedplant 0.0290 0 86 8 131
pottedplant 0.0253 0 80 25 125
pottedplant 0.0223 38 46 88 84
pottedplant 0.0127 0 92 5 126
pottedplant 0.0101 40 10 89 93
pottedplant 0.0097 23 95 46 137
pottedplant 0.0065 10 80 30 125
pottedplant 0.0040 0 2 47 34
pottedplant 0.0038 0 77 7 112
pottedplant 0.0035 9 44 89 94
pottedplant 0.0034 0 0 11 36
pottedplant 0.0031 0 2 24 34
pottedplant 0.0026 5 7 52 94
pottedplant 0.0025 -1 -6 68 111
pottedplant 0.0024 0 96 29 135
pottedplant 0.0021 0 65 5 92
pottedplant 0.0021 20 83 44 124
pottedplant 0.0021 12 -4 163 93
pottedplant 0.0019 -3 41 63 155
pottedplant 0.0018 0 75 23 179
pottedplant 0.0017 0 1 8 22
pottedplant 0.0016 0 82 7 166
pottedplant 0.0015 0 110 4 137
pottedplant 0.0015 28 108 53 140
pottedplant 0.0013 14 99 27 119
pottedplant 0.0013 -2 0 68 47
pottedplant 0.0012 -3 13 131 136
pottedplant 0.0011 -1 0 9 9
