bottle 0.4292 8 258 26 312
bottle 0.0218 0 268 5 298
bottle 0.0059 0 259 7 306
bottle 0.0036 0 272 4 310
bottle 0.0018 0 257 17 309
bottle 0.0018 0 263 5 340
bottle 0.0017 3 273 32 353
chair 0.0038 86 313 342 496
chair 0.0035 36 169 299 482
chair 0.0014 244 318 334 494
chair 0.0014 113 317 271 421
person 0.9904 21 11 316 492
person 0.0029 319 146 333 334
person 0.0019 0 229 8 300
person 0.0011 320 218 333 416
person 0.0010 299 165 332 276
pottedplant 0.5205 258 210 317 266
pottedplant 0.0040 257 227 288 265
pottedplant 0.0012 258 166 318 313
