bottle 0.0252 0 364 13 499
bottle 0.0013 0 383 7 509
person 0.9977 131 81 302 495
person 0.9942 13 133 170 507
person 0.9799 249 80 374 484
person 0.6124 3 70 92 505
person 0.1838 0 68 50 493
person 0.1124 91 81 149 171
person 0.0598 38 86 158 334
person 0.0282 98 128 173 472
person 0.0229 329 84 374 511
person 0.0226 84 84 231 494
person 0.0155 226 98 279 156
person 0.0073 202 112 235 144
person 0.0068 20 224 164 426
person 0.0066 92 87 151 277
person 0.0055 3 98 96 306
person 0.0051 262 175 379 389
person 0.0045 0 281 11 509
person 0.0038 1 145 136 343
person 0.0036 -33 89 70 486
person 0.0032 363 135 374 460
person 0.0028 -21 36 223 469
person 0.0022 -3 175 91 391
person 0.0022 175 74 430 499
person 0.0020 352 84 378 512
person 0.0018 0 301 5 457
person 0.0018 118 90 154 190
person 0.0017 139 194 290 374
person 0.0017 205 90 237 153
person 0.0016 323 87 375 242
person 0.0014 370 168 375 204
person 0.0013 -3 72 23 487
person 0.0012 368 149 374 224
person 0.0011 -1 250 43 502
person 0.0010 72 187 181 386
person 0.0010 63 93 181 255
