bottle 0.0126 0 354 6 375
bottle 0.0020 0 340 5 373
bottle 0.0010 0 364 24 375
chair 0.0206 157 353 323 374
chair 0.0141 88 352 274 374
chair 0.0048 64 332 351 377
chair 0.0047 328 283 484 376
chair 0.0035 491 307 499 377
chair 0.0032 3 234 193 372
chair 0.0029 133 340 309 374
chair 0.0020 489 364 499 374
chair 0.0017 41 341 247 374
chair 0.0016 491 353 499 376
chair 0.0015 480 300 500 376
chair 0.0015 200 355 394 375
chair 0.0013 197 366 331 374
chair 0.0012 0 323 8 377
chair 0.0011 112 295 383 373
chair 0.0011 476 366 497 374
chair 0.0011 203 337 351 374
chair 0.0010 1 327 48 375
person 0.0011 0 273 23 376
sofa 0.0124 -3 332 276 376
sofa 0.0100 -6 231 340 375
sofa 0.0078 -4 292 277 374
tvmonitor 0.9860 346 181 411 245
tvmonitor 0.0033 255 214 271 256
tvmonitor 0.0019 350 193 404 230
tvmonitor 0.0011 399 48 462 253
