car 0.0082 473 0 498 6
car 0.0060 461 0 491 6
car 0.0024 488 0 500 8
car 0.0018 450 0 500 8
cow 0.9742 310 48 474 171
cow 0.9624 172 109 275 187
cow 0.9519 162 54 283 138
cow 0.8650 119 102 178 181
cow 0.8096 76 148 263 339
cow 0.0552 310 16 401 59
cow 0.0081 113 105 148 175
cow 0.0074 471 13 499 85
cow 0.0055 490 42 499 93
cow 0.0046 142 11 299 188
cow 0.0028 491 6 499 87
cow 0.0022 449 10 499 65
cow 0.0020 328 17 412 36
cow 0.0019 156 148 196 178
cow 0.0019 190 54 375 146
cow 0.0018 174 163 266 309
cow 0.0017 143 68 294 245
cow 0.0016 190 57 255 129
cow 0.0016 175 156 264 227
cow 0.0014 493 52 499 83
cow 0.0014 389 41 474 174
cow 0.0013 477 21 500 136
cow 0.0013 136 126 188 196
cow 0.0012 158 137 200 191
cow 0.0011 190 121 250 200
cow 0.0011 309 22 372 38
cow 0.0010 374 25 398 53
cow 0.0010 270 -29 473 176
cow 0.0010 164 150 246 208
person 0.0021 102 0 192 39
