bird 0.8955 69 264 172 335
bird 0.7795 152 83 245 239
bird 0.6160 237 122 293 273
bird 0.5029 68 262 147 310
bird 0.3911 138 46 276 285
bird 0.0256 65 289 157 331
bird 0.0174 0 15 424 313
bird 0.0167 116 268 171 332
bird 0.0052 14 280 185 340
bird 0.0030 129 269 169 298
bird 0.0014 -7 262 141 332
bird 0.0010 142 126 229 261
person 0.4370 440 292 491 333
person 0.0291 378 293 491 333
person 0.0165 471 287 501 337
person 0.0070 488 287 499 334
person 0.0023 445 312 503 332
person 0.0022 471 327 500 333
person 0.0021 491 253 499 329
person 0.0017 480 246 501 331
person 0.0016 441 325 508 333
person 0.0016 488 325 500 333
person 0.0015 473 310 499 333
person 0.0014 491 312 500 334
person 0.0011 487 307 499 336
