bottle 0.0029 50 11 115 125
bottle 0.0028 -2 66 98 178
bottle 0.0019 -4 328 34 333
bottle 0.0010 200 0 252 16
chair 0.0689 11 54 495 324
diningtable 0.0021 69 166 510 323
person 0.9459 79 0 498 328
person 0.0195 443 -1 500 142
person 0.0149 468 -2 501 92
person 0.0148 436 28 500 215
person 0.0086 406 0 499 93
person 0.0060 368 -10 504 190
person 0.0034 320 -1 500 120
person 0.0016 480 79 500 240
person 0.0016 482 32 500 185
person 0.0015 233 -11 506 240
person 0.0011 121 122 380 208
person 0.0010 466 -12 505 176
