bicycle 0.0023 1 247 6 272
bicycle 0.0022 0 225 8 292
bicycle 0.0012 477 287 499 334
boat 0.7523 55 168 455 324
boat 0.0034 97 178 409 262
boat 0.0012 237 262 491 331
person 0.9989 197 121 248 246
person 0.9980 113 120 164 231
person 0.9916 291 125 335 253
person 0.9910 247 137 293 252
person 0.9905 0 171 46 332
person 0.9904 45 213 95 293
person 0.9856 162 120 203 244
person 0.9791 455 229 501 325
person 0.0122 -1 170 27 303
person 0.0045 467 264 500 334
person 0.0044 168 123 237 241
person 0.0042 0 164 5 276
person 0.0031 0 203 6 288
person 0.0030 123 120 201 233
person 0.0029 2 199 89 319
person 0.0026 220 122 255 250
person 0.0022 150 145 212 221
person 0.0020 284 159 345 233
person 0.0019 493 232 499 336
person 0.0019 453 227 498 279
person 0.0018 490 226 500 278
person 0.0015 3 174 44 250
person 0.0015 451 288 498 333
person 0.0013 0 182 4 207
person 0.0011 0 220 3 258
person 0.0011 485 285 499 335
person 0.0010 413 238 497 335
person 0.0010 404 292 500 333
