car 0.9981 336 170 429 208
car 0.9974 389 175 500 217
car 0.9934 284 171 372 206
car 0.9649 242 169 309 201
car 0.6892 174 169 220 194
car 0.5393 142 166 209 191
car 0.4077 99 166 159 188
car 0.2207 17 162 64 181
car 0.1031 218 172 267 196
car 0.0559 269 172 448 205
car 0.0337 174 167 262 195
car 0.0182 134 170 185 192
car 0.0114 41 165 83 183
car 0.0106 78 165 142 186
car 0.0034 84 161 158 181
car 0.0025 392 148 498 242
car 0.0020 64 165 118 185
car 0.0019 408 172 465 217
car 0.0014 496 184 500 211
car 0.0012 86 165 205 190
car 0.0011 197 178 252 198
