chair 0.0024 284 80 510 357
chair 0.0020 170 16 553 360
chair 0.0011 81 125 277 374
person 0.9346 119 163 393 375
person 0.8069 124 32 368 347
person 0.7422 282 165 396 311
person 0.2965 139 182 257 346
person 0.1640 243 150 414 352
person 0.0867 96 43 554 387
person 0.0191 177 183 395 316
person 0.0092 84 167 274 375
person 0.0069 197 40 453 335
person 0.0051 145 165 352 268
person 0.0041 301 166 401 223
person 0.0040 146 248 257 368
person 0.0026 281 135 509 360
person 0.0020 175 264 259 326
person 0.0016 147 254 253 311
person 0.0013 124 122 303 248
person 0.0013 169 245 395 369
sofa 0.1916 50 110 456 385
