bottle 0.0078 306 81 314 94
chair 0.9130 361 68 416 126
chair 0.7036 322 71 376 159
chair 0.1185 169 63 202 115
chair 0.0202 314 65 353 128
chair 0.0195 333 70 375 113
chair 0.0192 482 80 500 174
chair 0.0177 365 24 412 133
chair 0.0078 487 108 499 160
chair 0.0069 406 44 497 210
chair 0.0053 0 64 114 251
chair 0.0041 393 71 418 125
chair 0.0031 206 63 229 80
chair 0.0025 320 74 389 121
chair 0.0021 347 69 373 94
chair 0.0015 171 71 197 103
chair 0.0015 491 85 500 154
chair 0.0013 277 72 363 159
chair 0.0011 200 77 229 97
chair 0.0010 310 91 373 142
chair 0.0010 491 120 500 175
diningtable 0.0850 53 218 446 245
diningtable 0.0252 97 232 343 244
diningtable 0.0117 13 198 411 244
diningtable 0.0080 -6 216 280 244
diningtable 0.0034 178 232 417 245
diningtable 0.0026 125 222 317 243
diningtable 0.0021 8 232 241 245
diningtable 0.0020 0 196 203 244
diningtable 0.0015 224 217 502 246
diningtable 0.0010 134 239 297 244
diningtable 0.0010 44 190 452 285
person 0.9951 107 15 373 235
person 0.9435 313 56 343 105
person 0.7834 303 51 320 85
person 0.4633 183 40 209 82
person 0.2695 304 52 332 94
person 0.2411 186 41 204 67
person 0.0320 170 52 204 111
person 0.0284 489 51 499 94
person 0.0206 197 39 217 69
person 0.0099 490 63 499 108
person 0.0086 307 52 318 73
person 0.0085 483 37 499 142
person 0.0046 193 44 213 80
person 0.0044 311 54 331 83
person 0.0035 295 51 316 85
person 0.0019 150 28 212 114
person 0.0015 491 67 499 88
person 0.0012 305 64 321 98
person 0.0012 307 68 340 124
person 0.0012 491 32 500 84
person 0.0012 310 53 357 125
person 0.0011 407 27 496 171
person 0.0010 317 56 340 81
person 0.0010 289 47 319 95
pottedplant 0.7408 120 -2 198 107
pottedplant 0.1545 368 19 415 120
pottedplant 0.0310 111 23 186 155
pottedplant 0.0249 204 39 223 68
pottedplant 0.0057 65 -5 212 139
pottedplant 0.0025 201 41 233 78
pottedplant 0.0012 166 -2 240 86
pottedplant 0.0012 169 20 203 85
tvmonitor 0.1834 2 65 88 227
