bottle 0.9568 0 245 45 373
bottle 0.6339 27 233 172 370
bottle 0.0471 146 332 257 376
bottle 0.0178 184 342 229 375
bottle 0.0140 187 351 264 375
bottle 0.0067 0 226 9 285
bottle 0.0054 0 174 15 302
bottle 0.0047 151 349 293 376
bottle 0.0039 41 221 294 379
bottle 0.0032 23 280 239 375
bottle 0.0029 0 241 6 341
bottle 0.0023 0 165 12 245
bottle 0.0023 191 349 221 374
bottle 0.0023 47 331 296 380
bottle 0.0021 209 363 281 374
bottle 0.0019 0 246 8 308
bottle 0.0012 -18 272 51 347
bottle 0.0011 0 235 29 328
bottle 0.0010 12 107 186 384
chair 0.0025 121 122 527 368
diningtable 0.0020 8 331 265 379
person 0.9880 142 -1 497 379
person 0.0036 24 49 406 379
person 0.0026 0 122 15 267
person 0.0023 -1 58 65 243
