bird 0.9676 216 120 439 307
bird 0.9002 68 156 276 270
bird 0.0129 132 117 290 210
bird 0.0109 189 119 292 267
bird 0.0077 52 53 296 275
bird 0.0059 455 251 499 367
bird 0.0054 106 196 301 283
bird 0.0039 55 193 232 279
bird 0.0037 300 0 362 23
bird 0.0032 476 0 501 72
bird 0.0022 485 7 499 71
bird 0.0021 105 129 390 294
bird 0.0020 407 53 498 248
bird 0.0017 447 0 498 71
bird 0.0015 187 112 292 190
bird 0.0013 105 0 257 39
bird 0.0012 98 89 549 338
bird 0.0011 71 169 180 271
bird 0.0011 479 28 499 157
bird 0.0011 228 116 328 272
bird 0.0011 81 2 337 77
bird 0.0010 471 226 499 338
bird 0.0010 441 3 498 156
