bottle 0.0012 58 172 66 198
pottedplant 0.8217 57 175 165 311
pottedplant 0.5809 68 5 368 496
pottedplant 0.1075 0 231 15 277
pottedplant 0.0315 0 239 17 306
pottedplant 0.0200 45 245 393 497
pottedplant 0.0160 59 162 126 289
pottedplant 0.0061 95 203 172 340
pottedplant 0.0054 41 140 177 358
pottedplant 0.0033 1 257 71 494
pottedplant 0.0031 59 166 195 492
pottedplant 0.0026 171 317 370 493
pottedplant 0.0021 0 232 18 399
pottedplant 0.0019 308 58 373 263
pottedplant 0.0018 278 34 381 466
pottedplant 0.0015 76 186 225 309
pottedplant 0.0015 114 199 158 317
pottedplant 0.0014 0 233 12 261
pottedplant 0.0014 135 14 355 328
pottedplant 0.0014 48 26 267 320
pottedplant 0.0012 0 203 16 268
pottedplant 0.0012 2 236 31 321
pottedplant 0.0011 327 83 375 358
pottedplant 0.0011 6 256 66 336
pottedplant 0.0011 0 259 25 303
pottedplant 0.0011 0 246 10 279
