car 0.9025 7 2 491 311
car 0.0651 367 0 503 76
car 0.0106 242 0 491 72
car 0.0086 314 3 499 106
car 0.0068 70 0 434 67
car 0.0064 83 -4 418 35
car 0.0047 37 4 467 116
car 0.0039 450 1 500 82
car 0.0026 216 0 379 33
car 0.0025 203 0 393 17
car 0.0022 233 2 494 165
car 0.0020 215 0 315 7
car 0.0015 373 1 493 36
car 0.0015 378 0 457 6
car 0.0011 124 0 318 17
car 0.0011 299 -6 508 44
person 0.0054 382 0 415 6
person 0.0048 392 0 424 4
person 0.0039 353 0 406 9
person 0.0028 400 0 436 3
person 0.0027 369 0 428 7
person 0.0023 328 0 392 9
person 0.0018 343 0 396 15
person 0.0017 420 0 453 3
person 0.0014 360 0 415 15
person 0.0012 344 0 376 7
