bottle 0.0483 269 255 318 363
bottle 0.0130 0 331 97 374
bottle 0.0023 474 336 500 377
chair 0.0025 333 216 418 373
chair 0.0015 381 229 492 365
person 0.9986 8 48 330 371
person 0.0160 403 243 498 373
person 0.0065 476 248 500 372
person 0.0052 471 300 499 375
person 0.0024 316 233 496 375
person 0.0024 453 278 499 372
person 0.0021 149 162 346 268
person 0.0018 491 282 499 372
person 0.0016 368 15 510 362
person 0.0015 481 180 499 354
person 0.0012 490 323 499 376
person 0.0011 452 326 497 374
person 0.0010 35 152 300 270
