bottle 0.0042 0 363 13 375
bottle 0.0037 -1 363 26 375
chair 0.3102 258 106 453 370
chair 0.0295 285 245 440 371
chair 0.0118 348 268 438 375
chair 0.0022 272 175 444 313
chair 0.0016 0 243 19 377
person 0.9951 220 67 445 375
person 0.0049 229 150 431 282
person 0.0021 0 140 18 363
person 0.0015 -4 117 27 386
train 0.4303 91 10 504 179
train 0.0776 166 46 479 149
train 0.0010 141 80 444 171
tvmonitor 0.9213 58 133 124 253
tvmonitor 0.4302 141 -1 496 159
tvmonitor 0.3486 6 76 114 198
tvmonitor 0.1447 0 114 29 244
tvmonitor 0.0084 0 95 24 182
tvmonitor 0.0042 0 18 128 239
tvmonitor 0.0033 0 146 7 234
tvmonitor 0.0022 0 72 8 136
tvmonitor 0.0018 0 139 24 305
tvmonitor 0.0013 0 88 5 119
tvmonitor 0.0012 482 8 499 149
