chair 0.0157 355 221 422 343
chair 0.0039 0 181 20 380
chair 0.0026 1 180 96 353
chair 0.0023 0 186 52 373
person 0.9971 270 67 405 370
person 0.9969 114 53 218 380
person 0.9789 410 105 465 255
person 0.9779 206 76 284 376
person 0.6524 470 102 500 232
person 0.0111 273 133 425 294
person 0.0093 -1 56 100 334
person 0.0076 0 274 20 374
person 0.0050 0 86 18 303
person 0.0045 262 86 338 361
person 0.0041 132 100 295 379
person 0.0036 0 278 7 378
person 0.0033 -3 51 27 338
person 0.0031 492 128 500 239
person 0.0030 82 128 215 300
person 0.0025 146 58 513 377
person 0.0022 -3 172 29 389
person 0.0021 469 21 504 257
person 0.0019 458 152 496 230
person 0.0017 448 72 501 233
person 0.0016 -13 51 366 379
person 0.0014 401 141 471 214
