person 0.9839 232 133 264 235
person 0.0015 232 138 259 184
person 0.0010 247 140 261 226
pottedplant 0.7934 261 187 310 224
pottedplant 0.5156 253 122 290 177
pottedplant 0.4755 195 185 232 232
pottedplant 0.0862 392 139 433 192
pottedplant 0.0800 256 130 293 229
pottedplant 0.0581 131 143 161 178
pottedplant 0.0237 278 187 305 233
pottedplant 0.0122 169 183 186 226
pottedplant 0.0103 53 152 75 185
pottedplant 0.0080 261 189 282 223
pottedplant 0.0060 223 0 267 23
pottedplant 0.0046 165 176 186 208
pottedplant 0.0025 135 145 158 163
pottedplant 0.0023 240 128 277 208
pottedplant 0.0019 136 160 154 176
pottedplant 0.0018 229 0 328 39
pottedplant 0.0018 166 182 203 233
pottedplant 0.0015 438 217 499 373
pottedplant 0.0014 130 145 163 210
pottedplant 0.0013 170 186 184 208
pottedplant 0.0012 290 186 309 227
pottedplant 0.0012 258 195 275 227
pottedplant 0.0010 486 0 500 11
tvmonitor 0.0012 277 0 328 33
tvmonitor 0.0010 249 0 344 39
