bicycle 0.9561 12 217 400 331
bicycle 0.0074 0 217 187 335
bicycle 0.0049 116 158 378 334
bicycle 0.0015 166 250 402 333
bottle 0.0045 20 136 32 155
bottle 0.0014 139 59 151 100
bottle 0.0013 140 59 150 76
chair 0.0020 8 221 119 333
person 0.9940 337 2 495 339
person 0.0049 336 102 495 232
person 0.0028 289 2 685 334
person 0.0021 208 12 520 324
person 0.0017 376 58 489 289
pottedplant 0.9710 260 185 320 242
pottedplant 0.4172 172 146 260 277
pottedplant 0.0015 266 197 322 274
pottedplant 0.0012 136 105 148 120
pottedplant 0.0012 0 25 5 44
pottedplant 0.0011 177 212 259 266
pottedplant 0.0010 0 253 7 333
tvmonitor 0.0019 132 123 201 150
