bottle 0.0027 243 278 268 332
chair 0.0267 8 197 118 363
chair 0.0255 -1 302 48 375
chair 0.0115 0 278 27 371
chair 0.0033 0 326 93 374
chair 0.0026 0 247 56 372
chair 0.0024 0 217 23 251
chair 0.0022 0 280 10 376
chair 0.0022 493 253 500 371
chair 0.0021 67 212 141 352
chair 0.0021 0 213 21 378
chair 0.0018 52 211 86 322
chair 0.0017 479 272 500 375
chair 0.0016 65 220 103 315
chair 0.0012 2 333 168 374
chair 0.0011 0 217 9 279
chair 0.0010 -1 285 129 376
diningtable 0.9683 51 212 392 374
diningtable 0.0024 127 201 373 296
person 0.9987 169 142 265 239
person 0.9957 330 167 501 371
person 0.9940 78 146 200 322
person 0.9539 7 156 127 379
person 0.7301 323 142 401 209
person 0.7215 463 72 501 200
person 0.7156 432 134 498 286
person 0.4379 447 96 469 130
person 0.2216 329 141 411 278
person 0.1329 131 126 153 151
person 0.1087 408 134 500 370
person 0.0684 468 96 500 261
person 0.0500 451 77 496 143
person 0.0289 133 120 187 183
person 0.0268 486 148 500 356
person 0.0248 130 122 166 148
person 0.0238 478 129 499 287
person 0.0162 166 186 204 254
person 0.0122 441 93 473 147
person 0.0115 492 187 499 294
person 0.0087 325 175 422 358
person 0.0080 322 151 491 282
person 0.0068 318 174 396 298
person 0.0065 343 164 438 308
person 0.0064 147 97 289 279
person 0.0049 494 213 499 325
person 0.0044 133 124 180 155
person 0.0042 -1 159 64 373
person 0.0030 492 136 499 245
person 0.0024 0 193 19 370
person 0.0017 172 173 228 243
person 0.0016 -116 108 388 376
person 0.0015 496 265 499 303
person 0.0015 306 136 435 240
person 0.0014 470 75 499 117
person 0.0014 335 140 442 195
person 0.0012 120 138 204 255
person 0.0012 471 126 503 377
person 0.0012 451 100 517 171
person 0.0010 170 193 265 245
pottedplant 0.0029 377 76 414 137
pottedplant 0.0014 385 93 410 129
tvmonitor 0.2613 242 173 301 207
