bus 0.0045 195 178 215 191
bus 0.0019 193 174 239 196
bus 0.0015 195 173 215 184
car 0.9824 242 191 272 215
car 0.7729 214 182 237 202
car 0.2963 146 186 183 207
car 0.2498 195 184 215 199
car 0.1058 0 182 31 195
car 0.0731 9 183 60 196
car 0.0676 0 178 7 193
car 0.0483 358 196 387 210
car 0.0473 20 284 477 374
car 0.0228 124 184 149 193
car 0.0148 77 182 121 194
car 0.0124 238 183 249 197
car 0.0053 244 187 266 196
car 0.0051 1 213 498 389
car 0.0044 323 193 342 205
car 0.0037 107 185 131 192
car 0.0026 7 60 492 372
car 0.0026 204 183 226 200
car 0.0026 47 327 451 378
car 0.0014 279 194 327 213
car 0.0013 274 188 292 195
car 0.0012 227 183 242 199
car 0.0011 253 187 270 196
car 0.0010 35 183 66 194
cow 0.0049 0 -16 498 218
