bottle 0.8963 116 239 134 283
bottle 0.0127 109 224 137 283
chair 0.5535 0 324 90 375
chair 0.2253 96 137 150 257
chair 0.1433 95 134 201 275
chair 0.0211 0 136 8 201
chair 0.0085 395 114 469 242
chair 0.0060 94 140 151 194
chair 0.0024 487 102 500 149
chair 0.0019 0 302 28 377
chair 0.0018 347 108 434 276
chair 0.0018 0 267 60 379
chair 0.0017 0 141 5 183
chair 0.0017 362 236 506 375
chair 0.0013 171 332 271 375
chair 0.0011 478 80 500 164
diningtable 0.9630 -4 233 259 375
diningtable 0.0062 22 111 241 383
person 0.9957 257 121 403 380
person 0.9874 101 98 211 262
person 0.9771 366 159 499 374
person 0.8647 330 72 421 251
person 0.7283 157 71 281 353
person 0.3336 0 124 20 293
person 0.0595 192 61 284 271
person 0.0363 2 126 52 319
person 0.0252 0 142 8 268
person 0.0231 2 143 89 275
person 0.0115 -1 108 25 365
person 0.0105 299 59 434 309
person 0.0093 98 83 250 342
person 0.0085 0 160 16 372
person 0.0044 174 128 300 297
person 0.0044 0 78 18 224
person 0.0040 329 67 480 369
person 0.0039 0 101 123 387
person 0.0030 151 53 501 388
person 0.0029 0 181 10 286
person 0.0028 345 158 603 383
person 0.0028 150 93 253 271
person 0.0021 0 87 7 194
person 0.0019 481 176 500 357
person 0.0018 0 75 59 258
person 0.0017 288 73 442 188
person 0.0015 482 101 499 257
person 0.0011 199 116 279 388
person 0.0010 194 52 385 325
person 0.0010 437 164 502 369
pottedplant 0.0020 308 1 353 70
tvmonitor 0.0260 488 90 500 108
tvmonitor 0.0027 485 88 500 118
tvmonitor 0.0012 488 57 499 108
