chair 0.9800 131 146 206 233
chair 0.9748 242 146 314 234
chair 0.1050 196 149 262 243
chair 0.0229 0 140 22 170
chair 0.0228 0 139 8 172
chair 0.0061 0 147 5 171
chair 0.0054 0 105 23 170
chair 0.0041 155 142 233 235
chair 0.0041 27 137 47 171
chair 0.0038 4 105 38 170
chair 0.0018 234 148 267 229
chair 0.0013 26 127 56 168
chair 0.0012 0 140 6 199
chair 0.0011 0 108 6 171
chair 0.0011 211 151 357 235
diningtable 0.2998 144 151 316 234
pottedplant 0.9753 76 165 135 236
pottedplant 0.6816 109 228 208 264
pottedplant 0.4778 0 89 28 118
pottedplant 0.1992 74 138 106 173
pottedplant 0.0722 418 115 447 198
pottedplant 0.0163 0 54 25 119
pottedplant 0.0102 421 145 447 231
pottedplant 0.0087 160 135 194 178
pottedplant 0.0062 0 89 9 119
pottedplant 0.0055 419 31 447 78
pottedplant 0.0044 402 100 445 194
pottedplant 0.0044 0 11 20 121
pottedplant 0.0039 164 76 190 98
pottedplant 0.0035 -17 89 38 120
pottedplant 0.0035 162 136 188 162
pottedplant 0.0024 422 169 447 265
pottedplant 0.0018 440 113 447 185
pottedplant 0.0016 0 143 5 206
pottedplant 0.0015 0 8 49 123
pottedplant 0.0014 -1 93 5 114
pottedplant 0.0012 0 86 25 141
pottedplant 0.0012 137 228 187 264
pottedplant 0.0012 4 36 36 116
pottedplant 0.0010 360 18 446 134
pottedplant 0.0010 426 81 447 173
pottedplant 0.0010 407 16 445 75
