boat 0.8932 216 144 295 170
boat 0.8684 257 159 347 179
boat 0.1216 202 143 358 173
boat 0.1093 127 152 167 176
boat 0.0502 283 148 360 162
boat 0.0226 264 144 361 157
boat 0.0118 121 142 280 175
boat 0.0078 107 140 185 182
boat 0.0076 95 138 321 188
boat 0.0068 136 160 161 175
boat 0.0034 493 135 499 151
boat 0.0027 255 145 351 167
boat 0.0019 287 154 356 173
boat 0.0015 37 33 458 302
boat 0.0014 133 143 163 172
boat 0.0013 475 113 499 148
boat 0.0011 130 163 188 186
boat 0.0011 268 167 371 179
boat 0.0010 489 108 499 154
boat 0.0010 273 143 328 177
person 0.0050 306 158 320 170
person 0.0045 313 157 327 170
person 0.0038 294 159 310 169
person 0.0037 327 160 339 175
person 0.0014 324 158 340 170
person 0.0012 330 160 346 174
