chair 0.8967 214 227 501 376
chair 0.4585 91 154 379 348
chair 0.0089 168 280 420 374
chair 0.0032 0 240 21 379
chair 0.0028 0 240 57 377
chair 0.0019 0 173 16 360
chair 0.0019 121 244 375 364
chair 0.0019 89 166 341 275
chair 0.0014 7 288 179 376
chair 0.0013 239 224 358 366
chair 0.0011 58 112 516 382
chair 0.0011 186 209 389 340
chair 0.0011 204 184 370 301
chair 0.0011 21 333 187 374
chair 0.0010 1 152 94 348
person 0.0024 3 333 170 373
person 0.0017 135 213 147 226
pottedplant 0.9817 86 81 178 198
pottedplant 0.0048 1 8 25 56
pottedplant 0.0018 66 41 197 222
pottedplant 0.0011 0 9 12 69
sofa 0.7726 71 162 369 369
