motorbike 0.9588 10 157 368 492
motorbike 0.1199 332 216 364 256
motorbike 0.0025 337 192 371 256
motorbike 0.0023 313 211 368 262
motorbike 0.0014 64 249 314 403
motorbike 0.0012 366 219 375 288
motorbike 0.0011 327 191 356 258
motorbike 0.0010 319 222 334 264
person 0.8793 0 203 39 307
person 0.8234 26 21 239 475
person 0.3199 353 207 370 259
person 0.1228 16 7 254 261
person 0.0221 319 207 333 261
person 0.0215 367 197 374 254
person 0.0049 369 205 375 247
person 0.0041 0 86 43 316
person 0.0038 340 212 373 256
person 0.0038 0 195 4 314
person 0.0037 366 214 375 272
person 0.0029 355 197 373 277
person 0.0018 0 187 22 302
person 0.0017 319 199 332 236
person 0.0015 368 226 375 260
person 0.0014 332 202 354 255
person 0.0010 294 206 325 274
tvmonitor 0.0016 0 100 21 141
