chair 0.0020 3 238 182 374
chair 0.0011 0 219 18 372
chair 0.0010 0 230 6 353
diningtable 0.0011 128 356 351 375
person 0.9907 318 107 497 374
person 0.9817 4 135 180 371
person 0.9761 123 92 319 379
person 0.0220 46 92 456 384
person 0.0082 158 161 319 322
person 0.0027 15 172 322 369
person 0.0023 0 144 17 332
person 0.0020 0 115 6 222
person 0.0013 0 111 15 249
person 0.0012 483 137 500 338
person 0.0010 214 101 593 382
sofa 0.0134 132 166 362 374
sofa 0.0041 67 289 435 377
sofa 0.0015 23 155 480 384
sofa 0.0013 43 331 379 377
