bird 0.4027 164 78 206 161
bird 0.0461 281 377 330 416
bird 0.0130 79 208 137 277
bird 0.0069 0 378 40 489
bird 0.0067 366 336 375 364
bird 0.0037 229 433 303 501
bird 0.0032 0 404 67 497
bird 0.0031 10 199 132 304
bird 0.0027 365 326 375 375
bird 0.0024 -4 378 98 502
bird 0.0020 0 376 20 489
bird 0.0017 187 394 366 498
bird 0.0016 249 438 342 499
bird 0.0015 97 71 218 203
bird 0.0014 337 458 374 493
bird 0.0014 129 74 207 142
bird 0.0013 140 438 350 503
bird 0.0013 241 330 371 495
bird 0.0012 356 338 374 383
bird 0.0011 323 465 375 500
bird 0.0010 365 337 374 401
bird 0.0010 4 384 196 501
bird 0.0010 366 294 374 370
pottedplant 0.0065 238 385 372 500
pottedplant 0.0021 260 440 359 499
pottedplant 0.0016 274 329 377 493
pottedplant 0.0010 329 329 374 499
pottedplant 0.0010 301 445 376 499
