boat 0.8444 67 27 448 254
boat 0.0020 40 74 301 255
bus 0.0041 471 89 498 108
car 0.0017 492 99 499 112
person 0.7774 71 184 87 219
person 0.6586 340 179 356 211
person 0.4976 98 187 110 215
person 0.3951 175 181 187 209
person 0.2804 304 191 316 216
person 0.1376 215 190 230 222
person 0.0988 310 194 327 217
person 0.0824 292 177 305 210
person 0.0091 298 193 313 219
person 0.0036 190 193 207 210
person 0.0031 387 188 408 214
person 0.0030 82 185 100 218
person 0.0016 304 195 338 216
person 0.0011 346 177 366 214
person 0.0011 194 188 216 216
person 0.0010 343 195 363 218
