bottle 0.9461 201 22 273 221
bottle 0.0335 68 54 186 223
bottle 0.0123 140 69 201 217
bottle 0.0074 317 44 354 473
bottle 0.0040 129 63 161 192
bottle 0.0039 75 23 272 250
bottle 0.0039 113 55 171 203
bottle 0.0023 185 438 205 476
bottle 0.0020 338 77 353 403
bottle 0.0017 141 46 276 214
bottle 0.0011 331 19 356 425
bottle 0.0011 110 384 181 480
bottle 0.0010 220 38 254 207
diningtable 0.0425 54 449 304 502
diningtable 0.0140 89 471 277 501
diningtable 0.0112 175 451 355 493
diningtable 0.0072 155 472 348 500
diningtable 0.0046 68 451 218 494
diningtable 0.0036 23 472 207 500
diningtable 0.0034 9 35 345 465
diningtable 0.0028 123 455 299 492
diningtable 0.0013 52 406 305 495
diningtable 0.0013 12 448 164 495
person 0.1780 288 75 342 206
person 0.0159 289 71 341 144
person 0.0151 31 332 93 451
person 0.0087 124 382 186 479
