bicycle 0.9836 81 197 314 355
car 0.0208 -7 0 147 24
car 0.0141 168 0 259 11
car 0.0056 159 0 289 21
car 0.0052 93 0 156 12
car 0.0040 201 0 277 8
car 0.0031 42 -4 287 54
car 0.0025 114 0 173 14
car 0.0024 43 0 129 11
car 0.0024 251 0 318 8
car 0.0019 144 0 220 10
car 0.0018 105 -2 242 22
car 0.0017 117 2 157 19
car 0.0017 48 -1 282 107
car 0.0016 -1 0 44 26
car 0.0014 56 0 186 22
car 0.0013 125 0 150 11
car 0.0011 12 0 95 23
car 0.0010 0 0 83 11
car 0.0010 43 0 129 22
person 0.9495 130 99 268 309
person 0.0019 263 0 294 5
person 0.0011 277 0 305 5
person 0.0010 100 0 123 7
