cat 0.0028 253 170 309 193
chair 0.7919 195 168 240 209
chair 0.7234 228 184 286 243
chair 0.0998 237 169 297 195
chair 0.0151 119 152 155 198
chair 0.0055 255 294 343 331
chair 0.0047 349 172 428 275
chair 0.0026 179 296 339 332
chair 0.0013 231 169 294 225
chair 0.0013 141 312 339 332
chair 0.0011 277 182 324 234
chair 0.0011 146 149 188 199
chair 0.0010 242 179 305 239
person 0.9853 150 164 203 226
pottedplant 0.0027 170 160 185 179
pottedplant 0.0020 168 157 189 183
pottedplant 0.0016 177 161 192 178
sofa 0.3079 216 169 309 200
sofa 0.0141 234 168 312 222
sofa 0.0027 190 169 295 219
sofa 0.0014 240 167 305 188
tvmonitor 0.0591 120 157 151 194
tvmonitor 0.0298 378 142 404 167
tvmonitor 0.0121 176 145 193 158
tvmonitor 0.0010 170 148 189 160
