chair 0.3046 358 191 388 235
chair 0.0676 433 245 499 280
chair 0.0283 376 244 491 281
chair 0.0205 395 235 437 276
chair 0.0109 460 276 492 281
chair 0.0092 337 245 450 281
chair 0.0088 470 276 499 281
chair 0.0076 365 192 418 251
chair 0.0054 312 222 496 279
chair 0.0047 487 274 500 280
chair 0.0043 431 275 499 280
chair 0.0039 187 141 206 165
chair 0.0039 366 262 498 282
chair 0.0038 472 228 501 281
chair 0.0026 427 263 487 281
chair 0.0026 490 265 500 281
chair 0.0024 488 253 499 281
chair 0.0018 451 265 499 280
chair 0.0014 338 190 382 234
chair 0.0013 406 223 499 283
chair 0.0012 402 264 472 280
chair 0.0011 358 200 393 258
chair 0.0011 405 241 459 282
chair 0.0011 491 231 500 282
chair 0.0010 329 205 353 229
chair 0.0010 229 266 404 281
diningtable 0.1388 35 219 472 280
pottedplant 0.0026 43 147 64 170
pottedplant 0.0022 43 146 58 160
pottedplant 0.0013 47 150 62 166
tvmonitor 0.9011 84 141 169 190
tvmonitor 0.3839 195 136 210 148
tvmonitor 0.2008 78 157 281 240
tvmonitor 0.1888 221 135 235 147
tvmonitor 0.1179 70 159 88 180
tvmonitor 0.0238 220 128 237 148
tvmonitor 0.0202 240 131 255 144
tvmonitor 0.0096 41 133 62 145
tvmonitor 0.0091 0 140 130 238
tvmonitor 0.0080 168 146 329 222
tvmonitor 0.0079 191 140 205 154
tvmonitor 0.0077 72 154 87 163
tvmonitor 0.0076 73 148 87 159
tvmonitor 0.0043 245 130 258 144
tvmonitor 0.0032 38 221 400 281
tvmonitor 0.0026 32 133 57 151
tvmonitor 0.0024 189 135 211 151
tvmonitor 0.0020 144 136 157 150
tvmonitor 0.0019 103 144 216 187
tvmonitor 0.0018 255 150 331 223
tvmonitor 0.0016 193 135 207 144
tvmonitor 0.0013 238 136 253 145
tvmonitor 0.0013 60 147 85 170
tvmonitor 0.0012 72 194 427 270
tvmonitor 0.0011 68 133 81 144
tvmonitor 0.0010 64 158 81 170
tvmonitor 0.0010 220 127 236 139
tvmonitor 0.0010 0 143 6 207
