bird 0.0018 182 182 273 372
bottle 0.0025 229 227 268 330
bottle 0.0020 268 90 284 132
bottle 0.0019 177 199 277 395
cat 0.0014 27 0 99 12
chair 0.1390 10 232 352 496
chair 0.0017 39 288 272 448
diningtable 0.0293 -13 205 383 516
diningtable 0.0013 58 287 306 450
person 0.9823 19 96 291 488
person 0.9700 160 113 344 480
person 0.9484 351 124 389 154
person 0.0856 93 71 412 515
person 0.0267 168 197 335 383
person 0.0216 0 133 19 182
person 0.0108 347 126 388 192
person 0.0105 0 137 10 196
person 0.0104 0 151 7 183
person 0.0088 0 88 20 201
person 0.0040 0 114 18 288
person 0.0037 0 143 8 229
person 0.0027 27 207 213 363
person 0.0023 0 97 10 181
person 0.0023 0 146 19 206
person 0.0010 335 121 397 175
tvmonitor 0.0131 308 133 350 194
tvmonitor 0.0032 0 210 9 279
tvmonitor 0.0017 -3 173 116 310
tvmonitor 0.0013 286 147 311 189
tvmonitor 0.0010 400 205 441 310
tvmonitor 0.0010 0 169 17 309
