bottle 0.0015 391 456 486 489
bottle 0.0012 345 0 376 47
chair 0.0042 25 156 407 480
chair 0.0018 -3 366 124 490
chair 0.0012 39 370 230 491
chair 0.0011 69 365 106 486
dog 0.9148 185 141 462 483
dog 0.0114 303 457 485 489
dog 0.0070 180 175 395 315
dog 0.0045 372 440 493 487
dog 0.0043 216 198 429 365
dog 0.0017 134 212 369 349
person 0.9497 43 0 391 492
person 0.1495 202 60 442 437
person 0.0174 0 353 87 489
person 0.0104 470 67 500 215
person 0.0099 0 295 60 476
person 0.0039 1 396 57 485
person 0.0032 0 333 24 474
person 0.0028 123 176 368 309
person 0.0023 447 80 499 348
person 0.0018 0 252 22 443
person 0.0018 445 53 499 229
person 0.0016 476 100 499 328
person 0.0012 0 360 10 474
person 0.0012 467 4 505 241
person 0.0010 476 -8 500 103
sofa 0.0069 -1 399 88 487
