bicycle 0.0011 313 18 361 96
bottle 0.0079 442 52 451 71
chair 0.9954 281 126 363 270
chair 0.9929 116 132 206 288
chair 0.9833 200 146 285 301
chair 0.0432 195 123 249 142
chair 0.0082 181 137 270 263
chair 0.0029 196 193 286 251
chair 0.0028 252 144 353 298
chair 0.0024 115 180 207 238
chair 0.0013 280 166 362 227
chair 0.0012 213 138 297 240
chair 0.0011 151 138 208 207
chair 0.0010 215 161 268 263
diningtable 0.7672 143 135 340 303
diningtable 0.0053 144 142 302 246
diningtable 0.0025 32 125 465 351
pottedplant 0.3350 447 36 479 69
pottedplant 0.0096 450 36 479 49
pottedplant 0.0060 442 33 471 53
pottedplant 0.0036 424 35 485 74
pottedplant 0.0026 444 47 473 71
pottedplant 0.0022 434 2 473 64
pottedplant 0.0012 463 36 480 71
pottedplant 0.0011 448 44 468 62
