car 0.0040 76 0 131 6
chair 0.9312 1 4 66 104
chair 0.0055 0 22 4 108
chair 0.0018 0 5 9 131
chair 0.0016 -9 -39 75 127
chair 0.0014 -4 -6 69 224
chair 0.0010 1 57 67 105
pottedplant 0.6779 236 84 264 211
pottedplant 0.2627 57 84 197 320
pottedplant 0.0262 249 77 264 190
pottedplant 0.0087 61 165 175 299
pottedplant 0.0034 38 52 265 345
pottedplant 0.0027 258 85 265 152
pottedplant 0.0027 0 2 4 66
pottedplant 0.0026 254 24 265 177
pottedplant 0.0021 230 110 265 271
pottedplant 0.0013 0 25 3 58
pottedplant 0.0013 231 141 266 210
pottedplant 0.0012 0 0 5 7
pottedplant 0.0012 252 86 264 136
pottedplant 0.0011 0 0 14 5
pottedplant 0.0010 246 14 267 219
