chair 0.8702 50 249 205 372
chair 0.6624 143 291 292 376
chair 0.6612 0 216 85 374
chair 0.1589 0 169 27 249
chair 0.0943 54 337 232 374
chair 0.0546 0 191 28 313
chair 0.0482 62 168 107 224
chair 0.0468 180 324 299 374
chair 0.0424 449 232 501 306
chair 0.0319 0 176 61 331
chair 0.0303 39 227 299 370
chair 0.0298 45 170 91 224
chair 0.0168 98 348 262 376
chair 0.0168 0 148 9 162
chair 0.0156 131 332 272 375
chair 0.0149 0 216 23 372
chair 0.0140 24 154 47 164
chair 0.0140 399 197 466 305
chair 0.0118 71 222 175 346
chair 0.0116 0 168 11 242
chair 0.0109 0 154 9 169
chair 0.0101 442 237 499 376
chair 0.0089 405 331 498 374
chair 0.0085 0 161 26 205
chair 0.0082 0 141 8 156
chair 0.0068 43 241 138 356
chair 0.0059 1 156 23 166
chair 0.0058 0 157 9 209
chair 0.0058 18 170 73 244
chair 0.0039 443 303 500 374
chair 0.0038 40 154 62 169
chair 0.0037 24 152 61 168
chair 0.0031 2 185 44 286
chair 0.0031 0 158 7 180
chair 0.0030 90 181 108 197
chair 0.0029 84 237 113 273
chair 0.0027 73 160 93 194
chair 0.0025 1 151 23 162
chair 0.0022 0 127 6 152
chair 0.0020 11 157 33 166
chair 0.0019 -15 271 145 376
chair 0.0018 0 167 6 199
chair 0.0018 170 298 236 373
chair 0.0017 6 324 203 379
chair 0.0017 352 351 513 376
chair 0.0017 0 155 27 184
chair 0.0017 470 229 500 360
chair 0.0017 21 168 107 257
chair 0.0016 20 156 60 181
chair 0.0016 0 217 6 337
chair 0.0016 473 300 501 376
chair 0.0016 126 348 210 375
chair 0.0016 310 290 498 375
chair 0.0015 77 183 105 225
chair 0.0014 0 123 10 157
chair 0.0013 54 259 160 332
chair 0.0013 3 245 54 370
chair 0.0012 407 292 498 380
chair 0.0011 17 230 69 359
chair 0.0011 64 315 221 368
chair 0.0010 0 141 12 169
chair 0.0010 207 270 304 376
chair 0.0010 366 242 503 369
chair 0.0010 175 349 305 377
chair 0.0010 0 125 27 155
chair 0.0010 74 167 105 198
chair 0.0010 216 329 335 373
diningtable 0.9187 78 220 497 375
diningtable 0.0970 0 161 62 201
diningtable 0.0776 -1 163 65 282
diningtable 0.0444 44 188 306 368
diningtable 0.0394 121 244 383 363
diningtable 0.0262 -1 157 52 183
diningtable 0.0255 -3 169 88 221
diningtable 0.0183 -2 163 125 270
diningtable 0.0042 186 284 467 375
diningtable 0.0037 8 186 89 257
diningtable 0.0028 -8 144 130 352
diningtable 0.0024 11 182 490 473
diningtable 0.0020 -47 167 400 381
diningtable 0.0020 74 207 276 287
diningtable 0.0017 1 155 47 169
diningtable 0.0014 115 207 454 293
diningtable 0.0014 5 180 59 214
diningtable 0.0011 0 172 48 208
person 0.9960 355 162 432 288
person 0.9950 250 159 320 253
person 0.9940 95 153 183 225
person 0.9887 309 150 365 259
person 0.9587 188 148 264 238
person 0.9123 13 173 91 304
person 0.0192 249 175 266 193
person 0.0096 42 170 119 280
person 0.0085 29 173 134 329
person 0.0049 30 183 240 371
person 0.0045 97 144 243 232
person 0.0016 0 148 25 213
person 0.0015 17 149 175 235
person 0.0015 296 159 444 277
person 0.0013 21 198 102 271
pottedplant 0.0177 292 138 317 160
pottedplant 0.0026 103 13 325 239
sofa 0.0010 -3 0 71 20
