chair 0.7923 194 324 317 374
chair 0.6923 260 245 330 375
chair 0.6377 169 225 221 256
chair 0.4769 160 295 326 375
chair 0.0419 0 242 56 377
chair 0.0390 102 248 325 372
chair 0.0349 105 330 302 374
chair 0.0237 0 228 26 361
chair 0.0145 210 248 347 368
chair 0.0127 0 305 91 375
chair 0.0092 0 230 45 331
chair 0.0080 0 171 81 272
chair 0.0076 0 276 123 380
chair 0.0052 0 321 52 376
chair 0.0051 0 213 27 293
chair 0.0051 0 224 47 283
chair 0.0050 0 298 27 377
chair 0.0036 247 325 336 375
chair 0.0023 234 235 331 333
chair 0.0017 -1 113 66 247
chair 0.0016 266 307 324 372
chair 0.0015 58 353 268 375
chair 0.0015 0 269 6 373
chair 0.0012 230 286 321 384
chair 0.0011 0 221 6 347
chair 0.0011 264 240 331 296
chair 0.0010 165 246 214 266
diningtable 0.9214 -10 243 290 376
diningtable 0.0045 9 274 187 377
diningtable 0.0029 -14 330 291 377
pottedplant 0.0093 232 151 251 185
