car 0.9417 0 76 50 116
car 0.9238 0 61 502 374
car 0.1607 450 70 499 145
car 0.0449 406 68 496 175
car 0.0439 0 73 14 92
car 0.0183 441 77 499 192
car 0.0180 0 71 14 109
car 0.0167 451 50 500 112
car 0.0095 0 68 13 85
car 0.0073 324 70 497 182
car 0.0068 0 70 22 96
car 0.0046 -6 73 92 114
car 0.0042 0 73 47 94
car 0.0031 0 82 8 111
car 0.0031 379 92 494 150
car 0.0024 468 54 499 132
car 0.0024 371 95 504 210
car 0.0023 469 79 500 191
car 0.0023 0 89 5 119
car 0.0022 463 51 500 83
car 0.0021 491 53 500 112
car 0.0017 -7 41 61 145
car 0.0011 0 86 26 118
car 0.0011 -1 58 58 111
car 0.0010 406 69 500 120
car 0.0010 495 52 500 84
person 0.2225 446 60 461 93
person 0.1519 253 58 272 90
person 0.0758 284 68 314 146
person 0.0232 288 63 310 91
person 0.0100 335 57 361 90
person 0.0081 273 63 292 90
person 0.0034 163 90 177 107
person 0.0032 14 65 34 81
person 0.0026 189 77 210 101
person 0.0025 283 70 319 90
person 0.0017 495 41 500 66
person 0.0013 181 79 221 136
