bus 0.8754 152 203 236 245
bus 0.0068 211 416 230 462
bus 0.0036 159 220 222 247
bus 0.0022 205 415 237 490
car 0.5520 77 293 112 319
car 0.2083 66 255 80 277
car 0.1884 167 243 197 264
car 0.0329 233 236 266 259
car 0.0114 216 225 235 241
car 0.0063 109 236 126 246
car 0.0026 162 220 231 246
car 0.0023 62 253 89 278
car 0.0014 75 296 105 312
car 0.0011 201 440 274 499
car 0.0010 199 456 235 498
person 0.0057 186 233 195 252
person 0.0025 215 0 226 11
person 0.0018 86 189 94 209
train 0.0018 0 35 49 252
