chair 0.6666 280 175 341 240
pottedplant 0.1105 447 316 500 332
pottedplant 0.0423 447 301 501 332
pottedplant 0.0148 447 322 483 332
pottedplant 0.0092 446 271 499 332
pottedplant 0.0061 475 300 499 332
pottedplant 0.0037 473 324 498 332
pottedplant 0.0019 429 308 510 337
pottedplant 0.0019 459 322 505 333
pottedplant 0.0017 487 314 499 332
pottedplant 0.0016 475 316 499 331
pottedplant 0.0016 486 288 499 332
pottedplant 0.0013 410 323 484 332
pottedplant 0.0010 438 222 500 328
sofa 0.9890 2 172 207 280
sofa 0.7715 4 262 176 331
sofa 0.0110 1 219 195 317
sofa 0.0047 -4 186 248 339
sofa 0.0013 9 286 248 334
sofa 0.0013 31 256 304 333
tvmonitor 0.9745 384 185 436 229
tvmonitor 0.0046 376 167 445 255
tvmonitor 0.0013 374 188 476 229
