car 0.6891 108 17 145 41
car 0.6571 319 13 420 43
car 0.0943 0 17 42 43
car 0.0246 82 20 106 39
car 0.0060 336 3 447 42
car 0.0032 113 21 143 36
car 0.0029 171 9 196 35
car 0.0027 238 22 287 46
car 0.0022 322 9 377 39
car 0.0022 0 22 5 45
car 0.0020 392 0 433 43
car 0.0019 194 25 243 46
car 0.0018 0 12 8 46
car 0.0014 1 -1 50 43
chair 0.3706 132 49 368 290
chair 0.0117 152 81 349 193
chair 0.0099 119 22 530 313
chair 0.0021 -29 44 386 338
pottedplant 0.0031 450 0 477 4
pottedplant 0.0012 4 146 53 324
