aeroplane 0.0010 3 162 28 186
bicycle 0.0145 445 303 468 315
bicycle 0.0053 443 293 466 316
bus 0.7907 139 267 189 300
bus 0.0033 141 275 154 293
car 0.9659 306 289 358 323
car 0.9138 340 288 381 318
car 0.8742 33 283 71 304
car 0.8279 186 284 212 302
car 0.3804 75 282 101 303
car 0.0680 143 280 179 302
car 0.0060 495 301 500 332
car 0.0051 491 297 499 335
car 0.0028 341 274 360 281
car 0.0028 491 324 500 333
car 0.0018 473 327 500 333
car 0.0017 2 279 28 304
car 0.0015 332 274 353 281
car 0.0014 146 287 171 302
car 0.0014 168 284 182 300
car 0.0014 475 301 500 332
car 0.0014 341 279 382 305
car 0.0013 346 294 375 311
car 0.0012 340 268 378 314
car 0.0010 298 258 371 345
person 0.0881 255 278 266 303
person 0.0062 0 286 7 307
person 0.0054 418 290 437 316
person 0.0031 102 283 113 301
person 0.0026 493 269 499 339
person 0.0016 97 281 107 302
person 0.0014 275 278 284 290
person 0.0013 270 277 280 291
person 0.0010 495 274 499 307
