cat 0.0326 175 147 221 188
cat 0.0213 171 111 271 241
cat 0.0112 176 151 234 243
cat 0.0040 176 147 205 166
cat 0.0012 173 127 240 202
chair 0.4500 124 215 321 439
chair 0.4498 -2 265 109 464
chair 0.0324 354 403 374 498
chair 0.0132 359 336 375 492
chair 0.0070 127 245 250 414
chair 0.0069 16 332 110 411
chair 0.0027 336 253 375 344
chair 0.0026 215 257 329 400
chair 0.0025 125 249 203 388
chair 0.0022 23 339 108 478
chair 0.0021 303 412 374 496
chair 0.0019 337 427 374 503
chair 0.0018 365 414 375 499
chair 0.0013 366 348 375 487
chair 0.0012 1 277 98 354
person 0.9795 145 112 298 447
person 0.0644 165 144 277 354
person 0.0137 79 87 362 478
person 0.0011 0 200 14 357
