car 0.4793 316 103 389 124
car 0.0113 301 104 383 148
horse 0.9814 329 131 424 244
horse 0.9704 38 127 192 254
horse 0.9590 154 128 313 249
horse 0.9012 432 134 479 245
horse 0.7228 268 129 345 252
horse 0.2299 243 131 401 244
horse 0.2101 0 104 22 273
horse 0.0817 0 107 29 198
horse 0.0398 137 142 211 257
horse 0.0239 0 102 43 272
horse 0.0146 452 117 479 237
horse 0.0087 302 134 342 247
horse 0.0040 341 123 379 231
horse 0.0029 76 144 250 258
horse 0.0020 0 140 5 268
horse 0.0017 374 134 418 243
horse 0.0016 303 118 376 241
horse 0.0016 320 134 358 246
horse 0.0014 297 132 459 271
horse 0.0012 473 151 479 245
horse 0.0010 -23 78 424 288
horse 0.0010 -30 164 49 213
horse 0.0010 -25 99 150 267
person 0.9843 457 106 479 197
person 0.9842 213 88 256 199
person 0.9837 81 82 119 204
person 0.5570 128 101 151 139
person 0.5551 305 103 324 147
person 0.5201 341 112 373 191
person 0.1415 344 112 365 137
person 0.1115 284 104 319 200
person 0.0669 290 107 311 152
person 0.0321 343 114 366 159
person 0.0136 460 107 478 155
person 0.0130 302 104 329 171
person 0.0064 199 115 265 185
person 0.0051 470 107 480 202
person 0.0039 126 109 172 139
person 0.0035 334 114 385 217
person 0.0034 0 148 15 305
person 0.0031 327 114 367 167
person 0.0028 252 110 323 247
person 0.0028 281 110 361 222
person 0.0026 67 107 131 176
person 0.0024 123 103 158 175
person 0.0020 0 205 20 296
person 0.0019 332 106 378 150
person 0.0018 439 189 456 244
person 0.0018 439 114 478 216
person 0.0016 256 197 286 251
person 0.0014 473 141 480 218
person 0.0014 271 115 312 210
person 0.0013 0 153 4 279
person 0.0011 450 99 485 231
person 0.0011 136 105 162 141
person 0.0011 285 102 363 152
person 0.0011 337 110 360 140
