bottle 0.0010 107 258 144 330
chair 0.0299 42 206 87 273
chair 0.0044 54 191 214 290
chair 0.0037 441 208 502 381
diningtable 0.1150 27 285 467 374
diningtable 0.0020 3 214 491 386
diningtable 0.0012 106 159 396 391
diningtable 0.0012 17 278 247 376
diningtable 0.0011 59 328 440 375
person 0.9939 59 121 211 274
person 0.9935 307 104 474 371
person 0.9894 203 116 316 301
person 0.0039 216 98 441 344
person 0.0022 92 115 334 312
person 0.0020 9 277 177 377
person 0.0013 312 109 436 278
person 0.0012 178 71 553 376
