car 0.0034 400 174 435 192
car 0.0021 494 177 500 203
motorbike 0.9796 54 188 234 311
motorbike 0.9760 288 212 473 317
motorbike 0.0099 301 199 409 308
motorbike 0.0016 84 217 326 318
person 0.9976 242 180 292 331
person 0.9975 199 182 246 321
person 0.9386 157 161 173 195
person 0.9137 71 161 91 219
person 0.8338 192 160 206 197
person 0.7894 55 162 72 218
person 0.1060 87 163 108 202
person 0.0108 79 162 101 217
person 0.0071 87 161 100 181
person 0.0062 187 211 254 293
person 0.0057 84 163 115 223
person 0.0037 313 173 322 188
person 0.0022 151 162 184 194
person 0.0020 310 172 321 186
person 0.0018 59 162 79 209
person 0.0012 70 171 99 241
person 0.0010 37 163 70 225
