chair 0.0010 75 313 290 332
person 0.9984 270 45 478 336
person 0.9734 57 162 281 332
person 0.0693 476 1 500 137
person 0.0103 2 152 200 337
person 0.0058 3 146 425 340
person 0.0046 447 -2 499 165
person 0.0043 274 126 468 252
person 0.0040 163 311 315 332
person 0.0033 480 51 500 190
person 0.0032 183 297 296 331
person 0.0026 493 23 500 134
person 0.0024 472 2 504 211
person 0.0018 482 99 500 269
person 0.0016 189 310 263 331
person 0.0013 476 -2 500 69
person 0.0013 0 69 56 326
tvmonitor 0.0075 26 140 469 344
tvmonitor 0.0050 390 90 446 156
tvmonitor 0.0025 197 262 245 313
tvmonitor 0.0022 219 271 245 308
tvmonitor 0.0021 240 207 280 264
tvmonitor 0.0015 243 220 269 259
tvmonitor 0.0012 250 150 486 335
