aeroplane 0.8933 85 87 402 254
aeroplane 0.0234 110 135 321 243
aeroplane 0.0133 26 137 106 187
aeroplane 0.0121 0 116 62 179
aeroplane 0.0079 409 119 500 178
aeroplane 0.0046 5 117 178 208
aeroplane 0.0026 95 97 334 192
aeroplane 0.0020 63 113 287 220
aeroplane 0.0018 -1 109 132 182
aeroplane 0.0016 138 62 505 227
aeroplane 0.0014 371 121 503 203
aeroplane 0.0010 316 110 497 179
car 0.3484 420 158 459 179
car 0.0546 313 166 349 181
car 0.0187 410 169 432 181
car 0.0150 430 134 501 183
car 0.0040 471 145 500 180
car 0.0029 427 157 484 181
car 0.0026 408 148 500 191
car 0.0014 413 165 436 184
car 0.0012 409 120 498 223
car 0.0010 437 148 495 178
person 0.9901 444 152 484 261
person 0.9864 166 160 208 255
person 0.9838 335 166 372 248
person 0.0953 243 202 268 236
person 0.0741 158 155 234 247
person 0.0270 213 194 235 237
person 0.0115 0 161 4 190
person 0.0096 242 167 270 233
person 0.0086 116 197 141 234
person 0.0053 494 167 500 260
person 0.0050 0 146 5 231
person 0.0046 319 175 392 242
person 0.0030 0 178 3 211
person 0.0023 204 163 237 237
person 0.0023 0 138 14 311
person 0.0022 435 172 498 244
person 0.0017 496 203 499 237
person 0.0014 494 199 500 292
person 0.0011 323 161 362 241
