bus 0.9438 28 126 461 292
bus 0.0101 453 194 500 227
bus 0.0076 489 189 499 223
bus 0.0040 71 194 428 290
bus 0.0027 454 150 497 238
bus 0.0019 408 124 495 263
bus 0.0019 473 192 498 222
bus 0.0011 475 141 498 247
car 0.0067 493 199 499 224
car 0.0014 490 207 500 274
car 0.0014 492 188 499 209
person 0.5523 2 199 21 254
person 0.0572 0 198 9 255
person 0.0178 397 174 440 195
person 0.0100 0 196 7 227
person 0.0085 0 209 4 244
person 0.0065 416 170 438 196
person 0.0059 14 199 26 253
person 0.0056 4 196 23 230
person 0.0052 453 209 492 264
person 0.0034 419 167 436 188
person 0.0025 405 165 432 191
person 0.0010 5 196 22 216
person 0.0010 397 178 419 192
