chair 0.7186 1 179 92 380
chair 0.4759 134 235 282 372
chair 0.0400 4 169 181 374
chair 0.0192 0 213 60 371
chair 0.0072 0 221 27 371
chair 0.0041 25 238 242 374
chair 0.0041 367 336 494 374
chair 0.0034 333 353 493 375
chair 0.0029 0 163 21 341
chair 0.0023 -63 155 112 386
chair 0.0017 5 194 44 339
chair 0.0014 352 366 483 375
person 0.0015 0 153 20 322
tvmonitor 0.9262 180 139 293 242
tvmonitor 0.9001 356 34 444 130
tvmonitor 0.0400 0 276 30 373
tvmonitor 0.0145 56 66 157 123
tvmonitor 0.0072 164 99 316 271
tvmonitor 0.0016 -1 237 55 374
tvmonitor 0.0015 311 39 358 145
