bird 0.0039 392 0 443 15
bird 0.0016 396 0 507 18
bottle 0.9926 147 68 190 250
bottle 0.9838 82 53 151 270
bottle 0.9801 25 41 81 281
bottle 0.9795 290 53 355 292
bottle 0.9770 195 46 260 297
bottle 0.9738 397 76 465 291
bottle 0.9603 358 68 401 277
bottle 0.7472 450 59 494 287
bottle 0.5211 -2 39 18 280
bottle 0.3065 484 58 499 288
bottle 0.1854 4 36 44 283
bottle 0.0981 71 52 104 136
bottle 0.0461 377 52 406 270
bottle 0.0321 287 0 315 32
bottle 0.0280 472 71 501 297
bottle 0.0210 131 53 155 162
bottle 0.0200 353 62 386 148
bottle 0.0192 403 44 460 220
bottle 0.0130 407 0 485 15
bottle 0.0093 355 48 385 220
bottle 0.0088 133 33 153 233
bottle 0.0086 450 51 487 190
bottle 0.0073 424 32 479 287
bottle 0.0073 67 41 107 253
bottle 0.0071 482 175 499 323
bottle 0.0066 383 56 502 323
bottle 0.0065 391 42 438 277
bottle 0.0059 33 68 69 252
bottle 0.0052 473 0 499 8
bottle 0.0050 350 57 371 265
bottle 0.0047 298 0 323 32
bottle 0.0046 71 37 195 299
bottle 0.0046 270 0 293 32
bottle 0.0045 413 85 450 261
bottle 0.0045 0 95 4 230
bottle 0.0040 27 49 74 140
bottle 0.0039 491 90 500 195
bottle 0.0037 307 0 335 33
bottle 0.0037 274 0 356 35
bottle 0.0035 269 32 387 307
bottle 0.0032 432 0 498 10
bottle 0.0032 44 74 81 247
bottle 0.0031 72 39 136 146
bottle 0.0031 453 0 480 8
bottle 0.0030 492 69 499 154
bottle 0.0028 76 60 96 261
bottle 0.0028 0 63 5 172
bottle 0.0026 206 19 265 220
bottle 0.0023 -3 31 119 304
bottle 0.0022 0 36 22 180
bottle 0.0021 441 0 470 8
bottle 0.0020 398 73 423 273
bottle 0.0020 437 97 466 272
bottle 0.0019 154 32 278 305
bottle 0.0019 339 0 400 16
bottle 0.0016 373 56 410 157
bottle 0.0015 482 42 501 148
bottle 0.0014 139 67 158 253
bottle 0.0014 491 122 500 241
bottle 0.0013 489 0 500 16
bottle 0.0011 323 0 378 16
bottle 0.0011 487 0 500 9
bottle 0.0010 340 49 379 271
