car 0.0158 488 113 500 125
car 0.0077 411 111 427 122
car 0.0028 491 116 500 129
car 0.0013 462 112 484 123
car 0.0012 478 113 498 123
person 0.9926 103 34 213 340
person 0.9884 280 87 391 334
person 0.9054 207 71 299 301
person 0.0273 88 113 208 263
person 0.0194 205 62 369 328
person 0.0102 129 47 298 336
person 0.0021 70 49 432 333
person 0.0014 -49 39 320 340
pottedplant 0.0163 365 106 390 128
pottedplant 0.0040 280 231 353 320
pottedplant 0.0036 181 217 255 306
pottedplant 0.0027 359 96 385 128
pottedplant 0.0015 356 82 394 134
pottedplant 0.0013 363 109 382 126
