bottle 0.0023 384 158 395 180
chair 0.9914 1 210 91 376
chair 0.6650 229 228 435 372
chair 0.5520 255 156 367 222
chair 0.3705 361 165 497 306
chair 0.0838 450 219 499 373
chair 0.0078 0 185 16 347
chair 0.0067 305 147 364 211
chair 0.0041 312 176 508 369
chair 0.0039 131 148 199 209
chair 0.0037 0 203 6 307
chair 0.0037 474 200 499 362
chair 0.0027 329 162 373 225
chair 0.0024 -1 249 91 312
chair 0.0023 -1 262 68 375
chair 0.0019 5 218 51 345
chair 0.0012 450 204 501 301
chair 0.0012 -7 118 125 379
chair 0.0012 21 219 72 345
person 0.7023 258 142 364 224
person 0.0444 284 147 348 215
person 0.0043 293 146 371 192
person 0.0017 320 148 345 191
person 0.0017 0 183 7 271
person 0.0015 0 146 15 301
person 0.0013 477 171 500 305
pottedplant 0.0127 222 120 242 148
pottedplant 0.0023 205 119 246 149
pottedplant 0.0013 451 153 500 184
sofa 0.7628 352 165 502 284
sofa 0.0076 250 127 385 215
sofa 0.0033 358 199 503 338
sofa 0.0010 361 207 495 263
tvmonitor 0.0039 0 187 7 280
