bird 0.2519 415 127 500 169
bird 0.0077 458 171 478 181
bird 0.0066 415 116 498 217
bird 0.0033 433 124 502 294
bird 0.0033 416 94 497 153
bird 0.0021 445 129 500 153
boat 0.9093 35 306 169 363
boat 0.1440 358 323 433 375
boat 0.0394 213 252 276 276
boat 0.0231 450 303 500 375
boat 0.0152 413 301 457 375
boat 0.0105 0 222 10 275
boat 0.0104 322 293 492 377
boat 0.0101 2 227 54 276
boat 0.0087 62 231 150 276
boat 0.0071 1 226 23 271
boat 0.0060 53 228 89 274
boat 0.0055 376 327 485 374
boat 0.0041 374 262 418 294
boat 0.0028 18 261 173 365
boat 0.0028 426 301 477 375
boat 0.0026 67 248 136 276
boat 0.0025 407 292 497 379
boat 0.0024 149 252 204 275
boat 0.0024 401 256 500 301
boat 0.0023 0 246 11 291
boat 0.0018 377 250 492 288
boat 0.0017 0 267 10 286
boat 0.0015 406 255 468 286
boat 0.0015 404 354 467 374
boat 0.0013 292 330 421 375
boat 0.0012 345 321 527 381
boat 0.0012 363 245 506 370
boat 0.0012 451 249 499 312
boat 0.0011 211 234 304 274
boat 0.0011 1 244 24 278
boat 0.0011 41 296 300 370
boat 0.0011 0 195 20 283
boat 0.0011 241 325 491 379
boat 0.0011 215 247 290 268
boat 0.0011 0 258 9 282
boat 0.0010 20 230 116 274
boat 0.0010 469 282 501 368
boat 0.0010 381 337 430 376
