bottle 0.0058 310 104 337 131
car 0.8124 452 136 499 190
car 0.0885 216 136 273 167
car 0.0071 176 135 204 167
car 0.0065 405 118 494 222
car 0.0041 446 135 496 229
car 0.0030 491 138 500 189
car 0.0030 386 130 468 189
car 0.0029 258 138 283 173
car 0.0028 400 143 502 197
car 0.0026 180 136 269 175
car 0.0022 457 137 498 163
car 0.0017 202 135 251 168
car 0.0011 117 123 210 179
person 0.9918 393 101 460 235
person 0.9837 151 116 178 196
person 0.9769 321 113 397 260
person 0.9600 284 102 334 264
person 0.9163 88 125 137 211
person 0.5266 0 141 12 199
person 0.2285 34 140 72 183
person 0.0180 300 98 373 255
person 0.0164 23 143 47 184
person 0.0132 282 102 321 217
person 0.0058 334 123 378 247
person 0.0057 0 132 13 236
person 0.0049 0 120 11 180
person 0.0044 14 150 36 187
person 0.0034 483 192 499 333
person 0.0018 1 144 20 194
person 0.0018 281 104 316 167
person 0.0018 31 138 55 178
person 0.0017 303 103 335 165
person 0.0013 0 154 9 220
person 0.0013 123 128 206 187
person 0.0012 0 125 5 148
person 0.0012 318 123 359 247
person 0.0011 138 109 191 206
person 0.0010 0 150 9 188
person 0.0010 292 130 434 250
pottedplant 0.0028 0 125 7 138
pottedplant 0.0019 3 127 18 136
