car 0.9643 16 24 487 351
car 0.9433 365 0 449 18
car 0.8246 430 10 498 118
car 0.5085 454 0 496 17
car 0.1385 472 1 501 16
car 0.0295 487 0 500 10
car 0.0292 424 0 465 18
car 0.0289 488 0 500 19
car 0.0267 414 23 497 187
car 0.0085 280 0 364 7
car 0.0084 452 0 482 12
car 0.0075 360 0 462 31
car 0.0053 347 0 374 6
car 0.0036 333 0 368 6
car 0.0031 319 0 380 8
car 0.0030 351 0 411 17
car 0.0023 494 4 500 29
car 0.0020 356 0 382 8
car 0.0016 339 0 401 10
car 0.0016 489 -1 499 36
car 0.0012 390 -2 461 14
car 0.0011 431 10 501 66
car 0.0011 310 0 353 5
car 0.0011 474 0 500 32
car 0.0011 414 61 500 122
car 0.0010 369 11 507 247
