bottle 0.0039 107 369 135 374
chair 0.0054 313 236 499 377
chair 0.0010 403 245 498 372
dog 0.9715 92 69 332 370
dog 0.0226 450 303 501 375
dog 0.0134 469 280 500 372
dog 0.0058 62 87 517 393
dog 0.0033 366 280 501 375
dog 0.0029 405 308 499 374
dog 0.0015 116 151 310 285
dog 0.0015 444 246 497 372
person 0.0032 475 213 499 379
person 0.0030 443 171 499 391
person 0.0020 468 161 504 401
person 0.0015 361 114 512 383
person 0.0012 0 330 93 374
person 0.0011 72 368 148 374
sofa 0.0010 237 226 499 376
