bicycle 0.9851 115 301 188 459
bicycle 0.9744 222 197 278 310
bicycle 0.0031 98 245 195 483
bicycle 0.0020 118 317 192 396
bicycle 0.0012 200 216 290 337
bicycle 0.0010 218 176 286 260
bottle 0.0071 177 331 189 354
bottle 0.0026 192 276 207 309
car 0.0083 1 -7 124 113
car 0.0054 1 -1 86 57
car 0.0036 -7 0 52 11
car 0.0033 0 0 19 7
car 0.0025 -3 0 48 27
car 0.0021 0 -7 174 62
car 0.0016 0 4 65 84
car 0.0015 -3 7 89 176
car 0.0010 -5 -2 95 30
person 0.9963 219 129 288 270
person 0.9842 110 236 192 411
person 0.9695 115 173 213 308
person 0.8947 172 147 232 286
person 0.8469 219 65 299 180
person 0.0166 202 91 297 326
person 0.0035 107 108 229 326
person 0.0027 160 142 278 273
person 0.0023 110 270 191 358
person 0.0022 150 157 229 244
person 0.0014 212 30 310 244
person 0.0011 217 129 288 198
