bottle 0.0066 28 246 97 373
bottle 0.0039 379 143 392 163
chair 0.9478 332 168 415 285
chair 0.9045 414 164 491 261
chair 0.1645 470 196 500 307
chair 0.1471 302 161 343 261
chair 0.0533 477 163 501 285
chair 0.0069 490 172 500 267
chair 0.0059 485 205 500 277
chair 0.0029 437 172 500 302
chair 0.0026 6 242 94 374
chair 0.0023 493 149 500 246
chair 0.0015 368 163 457 280
chair 0.0012 308 149 360 246
chair 0.0011 390 174 484 293
diningtable 0.5772 303 165 450 280
diningtable 0.0016 309 161 492 383
diningtable 0.0011 338 188 438 257
person 0.9145 0 30 65 300
person 0.0250 0 98 14 319
person 0.0130 0 148 5 276
person 0.0064 0 176 18 357
person 0.0048 0 101 5 237
person 0.0042 -2 24 26 307
person 0.0040 -1 39 13 234
person 0.0020 0 188 7 307
person 0.0012 0 204 3 248
person 0.0012 -5 28 120 346
sofa 0.0095 468 218 500 339
sofa 0.0033 452 191 497 337
tvmonitor 0.0015 0 237 19 380
