bottle 0.0010 300 494 327 500
chair 0.8349 194 221 257 443
chair 0.4645 233 251 371 493
chair 0.0651 198 238 300 422
chair 0.0477 312 212 354 257
chair 0.0191 281 208 362 256
chair 0.0182 369 225 375 360
chair 0.0082 361 231 375 362
chair 0.0069 266 272 352 356
chair 0.0051 244 363 367 506
chair 0.0036 274 256 378 396
chair 0.0034 207 213 264 354
chair 0.0032 0 191 15 366
chair 0.0023 333 248 375 507
chair 0.0022 342 226 372 261
chair 0.0021 337 244 374 350
chair 0.0019 0 248 13 502
chair 0.0015 253 257 343 420
chair 0.0010 369 205 375 304
chair 0.0010 0 232 8 354
diningtable 0.3357 189 247 367 482
diningtable 0.0209 233 257 367 400
diningtable 0.0095 199 233 353 356
person 0.0024 314 203 354 250
sofa 0.9122 5 216 195 349
sofa 0.2098 259 210 355 256
sofa 0.0047 0 216 15 378
sofa 0.0014 233 202 370 296
tvmonitor 0.0320 352 314 375 511
tvmonitor 0.0300 109 196 158 232
tvmonitor 0.0050 336 270 374 520
tvmonitor 0.0019 340 402 375 498
