chair 0.0021 0 196 20 338
chair 0.0011 -2 197 57 339
chair 0.0010 16 369 166 374
diningtable 0.0036 -13 355 223 374
diningtable 0.0021 7 335 200 373
person 0.9984 187 94 340 377
person 0.9982 24 94 227 377
person 0.9973 340 99 492 379
person 0.1450 481 136 499 369
person 0.1222 367 137 388 172
person 0.0581 -3 293 137 374
person 0.0559 0 304 29 376
person 0.0322 0 254 26 368
person 0.0191 0 277 45 372
person 0.0152 0 324 95 376
person 0.0114 0 321 15 378
person 0.0112 328 146 351 176
person 0.0111 -3 333 175 374
person 0.0082 0 334 25 376
person 0.0056 490 174 499 279
person 0.0050 32 144 219 297
person 0.0041 492 203 499 335
person 0.0040 472 193 503 392
person 0.0038 478 238 500 379
person 0.0038 -28 100 157 387
person 0.0032 320 141 346 171
person 0.0031 473 78 504 341
person 0.0029 -1 222 55 369
person 0.0023 0 284 11 372
person 0.0022 11 241 173 376
person 0.0020 450 122 498 383
person 0.0020 356 137 393 188
person 0.0019 480 102 501 258
person 0.0018 63 60 432 386
person 0.0017 0 363 26 375
person 0.0017 491 151 499 244
person 0.0015 18 295 237 374
person 0.0014 0 363 12 375
person 0.0011 0 252 9 345
person 0.0011 -5 189 31 374
person 0.0010 -11 352 146 375
