bottle 0.0014 6 319 23 353
chair 0.0474 489 336 500 375
chair 0.0126 474 336 500 376
chair 0.0110 491 350 499 377
chair 0.0104 491 297 500 373
chair 0.0088 361 336 504 374
chair 0.0077 489 364 499 375
chair 0.0076 320 355 506 375
chair 0.0044 474 367 498 375
chair 0.0031 493 331 499 368
chair 0.0025 482 271 500 378
chair 0.0016 450 338 500 375
chair 0.0015 403 366 509 374
chair 0.0015 303 366 436 375
chair 0.0013 58 364 141 374
chair 0.0013 -1 363 50 375
chair 0.0012 0 365 9 375
chair 0.0011 459 368 493 375
chair 0.0010 262 356 450 376
chair 0.0010 8 364 76 374
person 0.0013 482 215 500 377
pottedplant 0.0027 140 339 195 374
pottedplant 0.0010 163 339 231 374
tvmonitor 0.9071 226 288 333 378
tvmonitor 0.0033 202 247 370 412
