bottle 0.0011 13 186 48 262
chair 0.0010 0 213 91 338
diningtable 0.0169 50 254 451 335
diningtable 0.0057 92 146 404 344
diningtable 0.0035 61 296 438 336
diningtable 0.0013 2 195 493 390
pottedplant 0.9622 26 42 168 277
pottedplant 0.9398 327 119 502 308
pottedplant 0.1365 178 126 321 219
pottedplant 0.0964 48 108 156 261
pottedplant 0.0211 9 20 122 147
pottedplant 0.0158 153 120 344 315
pottedplant 0.0106 336 141 453 280
pottedplant 0.0079 402 116 499 281
pottedplant 0.0064 72 66 164 232
pottedplant 0.0028 480 108 499 262
pottedplant 0.0025 167 159 330 264
pottedplant 0.0018 320 126 499 220
pottedplant 0.0010 37 90 459 350
