bottle 0.0386 189 125 198 144
bottle 0.0052 493 247 499 336
bottle 0.0017 409 173 421 191
bottle 0.0016 495 273 499 310
chair 0.5605 196 294 386 374
chair 0.0448 217 240 424 376
chair 0.0330 302 223 412 369
chair 0.0084 198 327 358 374
chair 0.0071 202 299 284 377
chair 0.0027 294 192 379 342
chair 0.0026 297 234 325 277
chair 0.0015 297 229 333 303
chair 0.0013 199 299 245 375
chair 0.0013 196 355 238 375
chair 0.0012 194 353 399 375
diningtable 0.0756 415 273 500 370
diningtable 0.0398 303 273 505 377
diningtable 0.0209 247 221 489 373
diningtable 0.0011 297 169 443 269
person 0.9986 38 130 102 311
person 0.9944 180 84 273 307
person 0.9940 412 170 497 283
person 0.9889 318 173 441 358
person 0.9818 200 184 393 375
person 0.1533 473 128 499 199
person 0.0584 456 116 496 193
person 0.0441 277 121 292 143
person 0.0384 486 139 499 199
person 0.0138 280 119 302 146
person 0.0131 460 128 487 165
person 0.0091 491 200 499 281
person 0.0079 482 185 500 318
person 0.0079 247 112 281 188
person 0.0064 488 115 499 180
person 0.0049 475 147 500 271
person 0.0042 258 119 292 183
person 0.0042 460 141 488 181
person 0.0041 453 146 496 207
person 0.0028 255 126 277 183
person 0.0027 275 117 310 184
person 0.0023 483 230 500 360
person 0.0021 493 236 499 333
person 0.0019 492 271 499 354
person 0.0018 275 121 296 156
person 0.0017 409 199 499 365
person 0.0015 488 162 500 203
person 0.0014 209 208 312 375
person 0.0014 493 175 499 263
person 0.0013 112 112 614 387
person 0.0011 289 119 302 136
person 0.0011 215 90 299 272
person 0.0011 447 79 500 196
person 0.0010 193 86 282 218
person 0.0010 320 236 438 293
pottedplant 0.0169 401 95 456 175
pottedplant 0.0161 468 90 500 153
pottedplant 0.0018 278 103 391 260
pottedplant 0.0015 490 88 500 149
tvmonitor 0.0374 195 116 214 133
tvmonitor 0.0010 189 114 222 135
