chair 0.8787 97 113 333 375
chair 0.0912 204 89 361 388
chair 0.0059 118 176 306 315
chair 0.0036 107 130 218 345
chair 0.0025 363 330 465 375
chair 0.0021 33 110 246 379
chair 0.0019 9 27 176 350
person 0.9861 198 57 354 328
person 0.0219 108 42 322 340
person 0.0176 312 104 326 120
person 0.0039 174 143 341 283
person 0.0025 308 102 321 119
person 0.0020 311 102 328 136
person 0.0010 484 90 499 328
tvmonitor 0.0049 294 72 347 167
tvmonitor 0.0034 250 67 348 174
tvmonitor 0.0018 7 17 180 244
tvmonitor 0.0018 10 43 174 159
