car 0.9781 17 89 485 289
car 0.4031 0 147 91 210
car 0.1899 24 138 71 216
car 0.0259 24 138 107 192
car 0.0143 -5 140 133 230
car 0.0037 68 157 427 270
car 0.0036 79 106 420 218
car 0.0015 5 139 53 198
person 0.9096 43 133 76 195
person 0.8202 87 132 114 167
person 0.5315 0 131 10 208
person 0.1613 118 137 136 161
person 0.1464 3 137 16 170
person 0.0561 1 136 19 201
person 0.0332 75 138 86 156
person 0.0326 231 133 254 158
person 0.0130 86 66 111 111
person 0.0075 76 140 89 166
person 0.0049 45 133 74 167
person 0.0040 0 146 7 191
person 0.0034 2 135 11 150
person 0.0033 86 135 96 148
person 0.0033 82 137 102 167
person 0.0026 84 136 97 158
person 0.0019 0 134 17 251
person 0.0015 90 131 110 148
