bottle 0.9776 127 18 203 196
bottle 0.9739 221 22 287 245
bottle 0.7285 301 3 369 206
bottle 0.4525 0 97 14 320
bottle 0.3848 31 73 112 317
bottle 0.3493 106 180 179 320
bottle 0.0531 0 190 16 340
bottle 0.0436 198 181 271 323
bottle 0.0342 284 37 362 258
bottle 0.0250 0 138 7 257
bottle 0.0190 129 68 201 291
bottle 0.0123 314 7 383 147
bottle 0.0089 279 2 360 128
bottle 0.0033 -4 132 21 339
bottle 0.0026 333 2 373 130
bottle 0.0023 0 91 6 219
bottle 0.0021 0 170 11 296
bottle 0.0012 0 26 13 249
