car 0.9898 78 20 177 49
car 0.9730 -4 70 506 363
car 0.8781 0 22 105 130
car 0.8144 368 30 492 90
car 0.2789 65 15 115 38
car 0.2380 448 33 499 91
car 0.1087 469 34 500 74
car 0.0517 43 17 81 37
car 0.0515 160 24 196 42
car 0.0264 45 17 130 48
car 0.0261 486 41 499 92
car 0.0240 49 19 95 43
car 0.0160 347 26 389 51
car 0.0127 8 23 112 75
car 0.0123 0 11 4 40
car 0.0109 -7 -20 123 168
car 0.0084 296 32 322 45
car 0.0078 0 14 98 59
car 0.0069 299 29 338 48
car 0.0068 118 21 174 45
car 0.0067 224 25 265 51
car 0.0048 494 29 500 51
car 0.0043 171 21 218 43
car 0.0042 157 26 183 39
car 0.0034 0 35 98 208
car 0.0031 478 58 499 91
car 0.0026 474 34 498 115
car 0.0024 1 -25 95 101
car 0.0024 0 3 7 61
car 0.0023 402 29 460 92
car 0.0022 195 19 215 43
car 0.0021 318 26 390 70
car 0.0021 488 64 499 88
car 0.0020 102 17 154 51
car 0.0019 467 32 500 51
car 0.0017 366 26 390 65
car 0.0016 0 81 9 156
car 0.0016 488 32 499 76
car 0.0014 53 9 165 44
car 0.0014 429 32 480 92
car 0.0014 454 34 521 74
car 0.0012 230 22 257 46
car 0.0012 56 25 107 49
car 0.0012 85 16 113 46
car 0.0011 324 27 377 50
car 0.0011 382 24 445 83
car 0.0011 491 53 500 82
car 0.0010 364 32 511 157
car 0.0010 319 30 339 47
person 0.0026 0 3 6 75
