bottle 0.4083 205 235 220 289
bottle 0.3423 168 209 185 274
bottle 0.1293 229 172 243 209
bottle 0.0492 202 219 226 290
bottle 0.0336 219 187 233 226
bottle 0.0239 167 201 188 239
bottle 0.0201 227 179 242 229
bottle 0.0116 203 227 217 275
bottle 0.0102 193 232 221 294
bottle 0.0089 234 171 251 210
bottle 0.0028 271 170 279 197
bottle 0.0026 189 230 206 284
bottle 0.0024 224 177 252 239
bottle 0.0021 299 158 308 180
bottle 0.0019 296 142 310 181
bottle 0.0015 152 197 186 282
bottle 0.0014 279 185 288 209
bottle 0.0013 220 187 231 209
bottle 0.0012 269 173 281 207
bottle 0.0011 149 337 172 374
bottle 0.0010 177 221 191 277
bottle 0.0010 163 219 180 277
chair 0.4224 134 128 225 231
chair 0.3063 415 111 458 127
chair 0.1919 370 119 412 142
chair 0.1553 287 235 449 374
chair 0.0976 0 244 98 373
chair 0.0682 427 123 483 208
chair 0.0637 471 103 500 228
chair 0.0530 3 176 128 367
chair 0.0265 369 123 417 184
chair 0.0198 444 126 493 228
chair 0.0194 365 139 388 184
chair 0.0185 459 107 497 128
chair 0.0181 457 110 478 125
chair 0.0167 0 194 56 372
chair 0.0152 433 111 456 125
chair 0.0143 373 221 451 370
chair 0.0127 432 199 459 278
chair 0.0113 461 112 487 125
chair 0.0112 360 122 395 186
chair 0.0104 414 123 439 159
chair 0.0098 0 183 25 351
chair 0.0095 492 123 500 214
chair 0.0088 333 176 454 356
chair 0.0086 384 123 439 182
chair 0.0050 361 135 382 176
chair 0.0048 452 112 496 190
chair 0.0036 355 127 441 196
chair 0.0034 478 140 500 243
chair 0.0032 396 115 420 125
chair 0.0031 456 95 479 110
chair 0.0027 495 144 499 179
chair 0.0026 410 122 453 181
chair 0.0024 367 158 388 192
chair 0.0023 409 114 428 126
chair 0.0019 1 275 185 375
chair 0.0019 339 129 449 255
chair 0.0016 450 199 461 222
chair 0.0016 425 126 446 168
chair 0.0016 427 134 447 189
chair 0.0015 429 124 483 156
chair 0.0015 406 127 433 165
chair 0.0015 234 280 433 374
chair 0.0015 247 355 424 375
chair 0.0015 415 212 460 288
chair 0.0015 0 200 10 296
chair 0.0012 360 118 378 136
chair 0.0012 169 128 229 209
chair 0.0012 375 117 405 162
chair 0.0012 375 120 435 145
chair 0.0011 365 107 413 133
chair 0.0011 5 198 40 338
chair 0.0011 475 126 500 182
chair 0.0011 451 111 467 124
chair 0.0010 354 134 394 222
chair 0.0010 463 120 490 160
chair 0.0010 414 114 442 125
diningtable 0.9226 3 176 347 375
diningtable 0.1678 264 126 392 238
diningtable 0.1553 16 276 326 375
diningtable 0.0870 367 124 458 179
diningtable 0.0271 332 122 478 204
diningtable 0.0200 221 167 445 373
diningtable 0.0136 256 110 472 268
diningtable 0.0127 318 147 462 289
diningtable 0.0126 132 200 350 350
diningtable 0.0114 417 126 488 179
diningtable 0.0112 36 198 319 305
diningtable 0.0017 376 122 486 159
diningtable 0.0017 258 156 340 204
diningtable 0.0014 147 168 347 270
diningtable 0.0014 391 128 442 164
diningtable 0.0013 89 125 334 311
person 0.9962 283 124 383 241
person 0.9947 68 136 167 285
person 0.9901 8 151 116 352
person 0.9899 284 124 457 368
person 0.9755 116 130 200 232
person 0.4039 465 86 500 159
person 0.0559 440 77 456 113
person 0.0316 11 144 271 356
person 0.0223 30 145 143 303
person 0.0191 471 92 500 131
person 0.0181 489 90 500 160
person 0.0163 306 143 395 266
person 0.0116 329 140 457 304
person 0.0102 491 76 500 92
person 0.0091 440 74 456 95
person 0.0085 275 146 372 212
person 0.0055 468 81 504 224
person 0.0045 491 115 499 193
person 0.0044 485 84 500 125
person 0.0022 443 73 464 107
person 0.0019 292 142 344 216
person 0.0018 148 107 580 381
person 0.0014 486 74 500 105
person 0.0013 446 74 463 94
person 0.0013 456 94 518 151
person 0.0012 272 150 369 292
person 0.0011 124 143 193 296
pottedplant 0.0013 365 96 411 126
pottedplant 0.0011 368 79 409 136
sofa 0.0058 59 132 287 306
sofa 0.0022 -73 122 357 374
