bottle 0.0013 213 0 254 18
pottedplant 0.9178 2 98 137 333
pottedplant 0.0544 187 119 262 179
pottedplant 0.0478 71 177 145 270
pottedplant 0.0370 -5 19 131 266
pottedplant 0.0162 199 -1 282 120
pottedplant 0.0151 278 39 327 105
pottedplant 0.0142 29 146 144 277
pottedplant 0.0122 5 94 125 226
pottedplant 0.0093 268 2 330 113
pottedplant 0.0084 200 72 268 196
pottedplant 0.0079 173 2 328 228
pottedplant 0.0069 0 32 100 184
pottedplant 0.0043 220 43 331 173
pottedplant 0.0039 6 107 121 161
pottedplant 0.0030 0 158 103 314
pottedplant 0.0028 213 79 267 139
pottedplant 0.0028 26 187 147 235
pottedplant 0.0022 216 48 267 117
pottedplant 0.0019 93 181 148 246
pottedplant 0.0018 65 115 146 257
pottedplant 0.0015 169 15 276 146
pottedplant 0.0014 215 88 270 110
pottedplant 0.0013 1 289 47 334
pottedplant 0.0012 65 175 147 226
pottedplant 0.0012 1 176 133 218
pottedplant 0.0012 0 73 21 220
pottedplant 0.0011 210 97 262 173
pottedplant 0.0011 276 61 326 126
pottedplant 0.0011 266 36 331 155
pottedplant 0.0010 213 12 300 152
pottedplant 0.0010 1 199 131 247
pottedplant 0.0010 1 41 58 227
pottedplant 0.0010 195 111 272 234
sheep 0.8253 312 -5 432 232
sheep 0.0060 200 -1 364 284
sheep 0.0034 195 -10 535 286
sheep 0.0020 326 17 471 310
sheep 0.0015 373 -15 509 247
sheep 0.0012 322 75 460 204
sheep 0.0011 291 2 439 132
