bottle 0.0164 9 110 84 273
bottle 0.0032 0 215 5 341
bottle 0.0021 0 137 13 378
bottle 0.0011 0 183 7 308
chair 0.4489 0 4 139 147
chair 0.0755 403 2 499 149
chair 0.0110 408 0 497 77
chair 0.0028 0 0 130 50
chair 0.0028 -6 3 185 221
chair 0.0011 17 11 241 141
diningtable 0.9268 -1 13 502 422
diningtable 0.0024 33 42 473 260
diningtable 0.0016 80 163 422 275
diningtable 0.0016 117 17 383 138
diningtable 0.0013 69 128 434 237
person 0.8513 237 1 393 81
person 0.0670 401 -5 500 218
person 0.0422 310 0 392 75
person 0.0233 373 0 453 51
person 0.0146 441 -4 500 318
person 0.0109 119 3 387 88
person 0.0099 76 0 269 96
person 0.0068 139 0 228 80
person 0.0061 385 -1 439 79
person 0.0046 372 -1 503 106
person 0.0035 330 0 419 56
person 0.0018 313 2 501 293
person 0.0018 483 43 500 305
person 0.0017 230 0 330 56
person 0.0016 470 -8 504 356
person 0.0015 233 12 411 134
person 0.0015 386 0 450 26
person 0.0013 358 0 421 10
person 0.0012 392 0 421 45
