bus 0.9600 57 124 259 242
bus 0.0111 178 126 263 246
bus 0.0022 124 128 281 218
car 0.9534 306 182 353 214
car 0.0063 258 177 342 217
car 0.0010 282 171 357 211
person 0.9969 160 189 188 288
person 0.9955 118 197 148 285
person 0.9945 79 190 103 265
person 0.9941 224 195 255 261
person 0.9863 475 187 499 256
person 0.9827 414 167 437 233
person 0.9803 441 182 464 248
person 0.9802 392 200 429 281
person 0.9665 362 178 383 245
person 0.8835 381 191 405 278
person 0.5789 380 188 397 253
person 0.1143 487 185 499 256
person 0.0213 413 171 429 208
person 0.0122 381 186 397 219
person 0.0120 445 183 464 222
person 0.0091 389 198 407 255
person 0.0083 372 193 389 247
person 0.0075 221 201 236 254
person 0.0064 396 196 417 233
person 0.0063 425 174 441 229
person 0.0049 217 157 235 182
person 0.0036 391 187 407 217
person 0.0035 495 211 501 242
person 0.0035 382 185 395 204
person 0.0035 377 206 445 274
person 0.0034 398 202 418 265
person 0.0028 415 188 441 253
person 0.0026 206 161 220 178
person 0.0025 459 187 489 254
person 0.0025 491 201 500 266
person 0.0021 200 161 216 190
person 0.0019 193 155 203 174
person 0.0016 211 196 244 254
person 0.0016 120 194 136 247
person 0.0016 203 198 277 257
person 0.0015 410 180 428 235
person 0.0015 77 193 91 261
person 0.0014 406 207 426 273
person 0.0013 220 210 264 244
person 0.0013 393 187 406 204
person 0.0013 85 194 116 275
person 0.0012 494 185 500 205
person 0.0011 434 197 477 232
person 0.0011 158 198 179 243
person 0.0011 364 178 381 214
person 0.0011 190 160 205 191
person 0.0010 398 192 413 212
person 0.0010 406 183 448 219
