boat 0.0681 50 236 454 369
boat 0.0681 -11 151 509 384
boat 0.0250 -12 2 359 370
boat 0.0086 266 169 287 178
boat 0.0057 177 277 475 375
boat 0.0039 285 180 306 188
boat 0.0028 -1 134 265 357
boat 0.0018 28 149 238 228
boat 0.0016 93 151 324 229
boat 0.0010 436 271 500 374
person 0.9543 181 147 336 364
person 0.9391 79 158 161 227
person 0.4592 181 196 207 226
person 0.3430 120 160 162 226
person 0.2767 43 198 82 224
person 0.0322 -10 125 505 376
person 0.0021 56 197 102 225
person 0.0016 352 -4 399 76
person 0.0014 156 196 203 227
