bottle 0.0038 237 196 245 217
bottle 0.0012 292 224 300 250
chair 0.0745 146 383 345 502
chair 0.0111 130 300 352 492
chair 0.0092 236 381 361 499
chair 0.0030 162 445 314 499
chair 0.0026 190 427 352 504
chair 0.0022 0 394 19 504
chair 0.0018 1 363 31 502
chair 0.0018 134 471 313 501
person 0.9988 101 201 322 507
person 0.9250 331 242 374 400
person 0.8005 117 275 160 362
person 0.4280 0 286 18 502
person 0.3395 76 279 106 351
person 0.0248 76 277 105 433
person 0.0192 0 257 36 496
person 0.0169 115 271 177 399
person 0.0082 -2 165 21 511
person 0.0073 233 159 249 178
person 0.0066 199 152 253 185
person 0.0065 122 243 303 424
person 0.0041 354 233 374 401
person 0.0025 0 185 13 451
person 0.0024 0 326 6 489
person 0.0020 304 236 320 291
person 0.0018 111 267 188 484
person 0.0014 -10 205 101 525
person 0.0014 111 275 142 359
person 0.0011 369 252 374 409
person 0.0010 2 277 65 510
sofa 0.0025 337 379 375 492
tvmonitor 0.9877 183 132 267 201
tvmonitor 0.2628 91 164 142 204
tvmonitor 0.0027 189 118 275 242
tvmonitor 0.0016 199 136 248 213
