car 0.4895 455 81 499 248
car 0.0412 470 64 499 213
car 0.0020 448 135 518 196
car 0.0010 452 148 497 264
motorbike 0.9756 13 132 350 370
motorbike 0.0013 58 185 351 312
motorbike 0.0012 -11 102 129 385
person 0.9612 200 73 309 318
person 0.9528 320 0 434 372
person 0.9337 271 43 335 317
person 0.0044 119 47 315 332
person 0.0040 330 102 447 269
person 0.0038 237 55 323 279
person 0.0022 199 80 284 225
person 0.0015 210 142 348 287
person 0.0013 374 19 445 370
person 0.0012 31 38 467 342
pottedplant 0.2283 9 3 269 188
pottedplant 0.0052 0 81 57 336
pottedplant 0.0033 -8 77 125 355
pottedplant 0.0032 -1 16 60 227
pottedplant 0.0024 0 1 24 126
pottedplant 0.0022 0 29 20 214
pottedplant 0.0018 0 88 94 273
pottedplant 0.0016 2 101 49 201
pottedplant 0.0015 0 -6 93 163
pottedplant 0.0014 -25 -28 295 289
pottedplant 0.0014 -17 -12 138 213
pottedplant 0.0013 -5 2 32 241
pottedplant 0.0012 209 0 282 22
