cat 0.9581 64 72 336 165
cat 0.0104 341 159 359 245
cat 0.0039 70 36 393 191
cat 0.0015 345 101 359 242
cat 0.0012 337 111 362 252
cat 0.0012 321 119 359 245
cat 0.0012 16 59 345 254
chair 0.0399 221 0 361 97
chair 0.0155 267 0 356 32
chair 0.0063 214 -6 363 35
chair 0.0057 211 1 300 28
chair 0.0050 181 0 353 58
chair 0.0031 176 1 253 26
chair 0.0025 97 0 159 13
chair 0.0014 308 0 364 32
chair 0.0014 120 0 190 13
chair 0.0013 132 -4 339 30
chair 0.0011 257 -3 366 187
chair 0.0010 0 -1 5 37
chair 0.0010 340 0 359 4
chair 0.0010 260 -1 362 17
diningtable 0.0023 66 2 348 101
pottedplant 0.0126 191 0 230 8
pottedplant 0.0069 107 0 162 8
pottedplant 0.0056 183 0 226 13
pottedplant 0.0024 116 0 180 13
pottedplant 0.0010 160 0 220 6
pottedplant 0.0010 0 0 7 7
sofa 0.2576 58 0 173 29
sofa 0.0143 60 0 188 51
sofa 0.0078 59 0 201 15
sofa 0.0024 103 1 215 25
sofa 0.0022 -1 129 361 306
sofa 0.0022 69 -3 287 31
sofa 0.0020 74 0 153 6
sofa 0.0016 83 0 330 57
tvmonitor 0.0033 96 0 223 14
tvmonitor 0.0030 118 1 227 24
