bottle 0.9892 168 62 200 186
bottle 0.9865 240 84 286 254
bottle 0.9738 203 89 239 242
bottle 0.9650 91 79 160 248
bottle 0.9002 281 52 305 165
bottle 0.8646 331 55 354 163
bottle 0.8599 361 80 395 220
bottle 0.8186 303 64 331 177
bottle 0.2570 109 75 130 130
bottle 0.1587 333 57 355 109
bottle 0.1557 368 72 389 112
bottle 0.1285 144 92 171 235
bottle 0.1264 377 78 398 222
bottle 0.0904 104 80 142 227
bottle 0.0856 292 57 309 124
bottle 0.0845 196 93 221 234
bottle 0.0406 303 66 316 127
bottle 0.0393 284 57 301 123
bottle 0.0314 366 60 391 156
bottle 0.0277 189 72 215 200
bottle 0.0236 281 94 307 237
bottle 0.0234 198 92 213 159
bottle 0.0198 171 62 190 117
bottle 0.0119 333 46 365 117
bottle 0.0094 106 77 135 164
bottle 0.0084 309 67 330 114
bottle 0.0083 340 63 356 127
bottle 0.0074 377 36 395 100
bottle 0.0071 293 56 340 215
bottle 0.0068 129 73 152 108
bottle 0.0066 339 70 365 203
bottle 0.0052 367 33 394 124
bottle 0.0040 149 99 217 168
bottle 0.0040 203 80 238 166
bottle 0.0036 186 129 253 202
bottle 0.0032 281 47 313 117
bottle 0.0032 184 86 229 237
bottle 0.0028 286 55 304 99
bottle 0.0028 88 94 128 236
bottle 0.0027 222 82 248 252
bottle 0.0027 226 131 298 202
bottle 0.0024 332 69 350 136
bottle 0.0024 342 113 408 188
bottle 0.0024 314 50 359 192
bottle 0.0023 277 72 295 134
bottle 0.0023 225 85 243 152
bottle 0.0022 370 76 387 143
bottle 0.0020 381 76 394 145
bottle 0.0019 326 78 351 222
bottle 0.0019 301 102 332 230
bottle 0.0019 221 81 253 162
bottle 0.0019 303 77 320 157
bottle 0.0016 266 64 293 244
bottle 0.0016 115 65 171 217
bottle 0.0014 376 48 398 168
bottle 0.0013 323 64 339 116
bottle 0.0013 296 68 308 153
bottle 0.0012 267 51 301 141
bottle 0.0012 123 69 164 122
bottle 0.0012 193 84 206 166
bottle 0.0012 311 75 330 147
bottle 0.0010 273 81 320 246
bottle 0.0010 83 128 167 201
bottle 0.0010 166 107 202 221
chair 0.0210 5 30 183 351
chair 0.0079 -1 56 55 303
chair 0.0032 2 81 89 336
chair 0.0021 304 287 497 375
chair 0.0015 0 42 21 232
chair 0.0014 481 189 499 373
chair 0.0014 -5 62 30 355
chair 0.0011 -1 96 16 320
diningtable 0.0045 3 62 497 369
person 0.9384 0 1 100 215
person 0.8750 71 -2 215 125
person 0.8584 372 -2 498 215
person 0.7785 322 0 391 101
person 0.7484 260 0 345 102
person 0.7341 209 0 282 104
person 0.0385 220 -1 366 125
person 0.0353 144 0 219 105
person 0.0269 477 12 499 231
person 0.0115 0 29 61 243
person 0.0070 447 -12 499 231
person 0.0068 364 12 395 113
person 0.0059 0 11 19 205
person 0.0054 6 2 178 254
person 0.0048 351 -3 394 79
person 0.0048 478 -4 500 133
person 0.0045 286 0 428 97
person 0.0043 291 0 381 72
person 0.0035 176 0 235 8
person 0.0033 475 0 500 35
person 0.0031 -4 2 29 242
person 0.0029 274 0 356 46
person 0.0026 275 14 324 109
person 0.0026 375 0 503 93
person 0.0024 188 0 224 6
person 0.0024 213 19 300 164
person 0.0022 372 2 404 99
person 0.0019 203 0 268 8
person 0.0017 491 -10 500 73
person 0.0016 239 0 308 9
person 0.0016 226 0 334 69
person 0.0016 368 23 508 354
person 0.0015 152 0 222 7
person 0.0015 486 -2 500 38
person 0.0015 -59 -7 107 262
person 0.0014 337 3 485 138
person 0.0014 450 0 500 24
person 0.0014 447 0 498 71
person 0.0013 177 0 233 19
person 0.0013 203 0 268 19
person 0.0012 178 -2 271 129
person 0.0011 490 0 500 22
person 0.0011 117 0 298 97
person 0.0010 489 0 501 9
person 0.0010 74 -4 261 199
person 0.0010 170 0 206 5
sheep 0.0035 11 11 489 364
