boat 0.9897 0 409 82 468
boat 0.8217 82 14 286 485
boat 0.1710 302 435 354 462
boat 0.0743 291 413 361 462
boat 0.0531 351 433 374 460
boat 0.0263 366 435 374 460
boat 0.0102 223 413 244 457
boat 0.0050 207 410 297 493
boat 0.0039 320 438 361 460
boat 0.0035 296 433 332 463
boat 0.0035 0 373 80 496
boat 0.0034 366 455 374 473
boat 0.0030 1 436 36 473
boat 0.0014 11 417 67 460
boat 0.0014 354 445 373 461
boat 0.0013 363 434 375 474
boat 0.0012 84 74 131 444
boat 0.0012 222 414 252 492
boat 0.0011 -51 4 255 492
boat 0.0011 160 33 330 465
person 0.0364 247 459 254 476
person 0.0070 250 459 261 475
person 0.0068 256 459 266 475
person 0.0015 192 457 201 473
person 0.0011 245 458 255 487
