bottle 0.9574 222 191 247 277
bottle 0.7640 245 155 264 236
bottle 0.0634 246 152 263 186
bottle 0.0287 244 173 264 275
bottle 0.0101 253 165 269 225
bottle 0.0088 222 171 254 256
bottle 0.0058 269 195 290 232
bottle 0.0051 244 203 260 263
bottle 0.0039 264 195 294 275
bottle 0.0025 265 169 280 220
bottle 0.0019 43 127 66 157
bottle 0.0015 249 151 260 178
bottle 0.0015 243 144 268 210
bottle 0.0014 212 206 242 286
bottle 0.0010 438 0 452 9
cat 0.0136 0 5 17 38
chair 0.3580 390 229 476 323
chair 0.0030 330 247 481 333
chair 0.0023 2 293 127 333
chair 0.0022 -9 314 141 333
chair 0.0019 -2 252 127 334
chair 0.0012 403 266 460 332
diningtable 0.9850 106 190 468 332
diningtable 0.0048 143 185 428 261
diningtable 0.0031 182 251 468 335
diningtable 0.0028 316 107 491 328
diningtable 0.0013 108 94 539 340
diningtable 0.0012 162 78 406 307
diningtable 0.0010 324 161 483 275
person 0.9949 3 101 127 336
person 0.9930 165 66 285 200
person 0.9850 376 2 498 333
person 0.9645 315 -6 429 285
person 0.0138 324 -4 474 195
person 0.0136 348 0 436 162
person 0.0084 435 24 499 346
person 0.0070 21 96 239 340
person 0.0067 371 93 503 240
person 0.0052 -2 95 99 248
person 0.0043 401 19 500 222
person 0.0042 306 92 433 233
person 0.0041 269 6 615 327
person 0.0041 0 129 15 319
person 0.0032 158 67 341 315
person 0.0030 366 31 458 289
person 0.0026 485 64 499 307
person 0.0021 0 214 18 336
person 0.0015 304 17 411 199
person 0.0012 473 25 504 345
person 0.0012 364 0 393 8
person 0.0012 0 172 5 282
sofa 0.0350 140 28 297 212
sofa 0.0042 -32 -21 453 254
sofa 0.0013 92 -11 330 193
