bird 0.0027 155 256 177 264
bus 0.9762 61 28 458 216
bus 0.0028 92 82 418 194
bus 0.0014 2 98 51 171
bus 0.0012 0 89 8 160
car 0.0069 470 132 499 143
chair 0.8014 0 191 22 282
chair 0.0036 0 207 14 284
chair 0.0016 -10 177 28 294
chair 0.0015 4 193 38 280
person 0.9909 1 139 31 205
person 0.9771 35 166 92 234
person 0.0221 1 148 25 249
person 0.0184 0 137 9 190
person 0.0039 0 153 8 225
person 0.0022 66 168 93 208
person 0.0021 0 162 4 190
person 0.0020 0 146 5 180
person 0.0013 -24 146 44 197
person 0.0010 457 156 470 197
