bottle 0.0011 85 123 135 197
chair 0.5634 3 210 180 338
chair 0.0794 0 189 102 335
chair 0.0444 444 268 500 332
chair 0.0221 24 250 219 332
chair 0.0096 472 245 499 331
chair 0.0065 8 285 185 336
chair 0.0033 1 153 57 345
chair 0.0028 0 188 21 336
chair 0.0025 490 263 500 331
chair 0.0021 409 237 501 335
chair 0.0014 317 250 494 335
chair 0.0010 409 288 497 333
diningtable 0.6400 97 171 468 328
diningtable 0.0065 116 189 315 303
diningtable 0.0022 138 251 435 336
diningtable 0.0016 130 180 376 263
person 0.9941 -1 84 194 340
person 0.9898 240 99 285 175
person 0.9459 254 137 302 190
person 0.8790 0 107 28 160
person 0.8786 145 139 207 203
person 0.8673 259 95 339 195
person 0.8435 324 111 455 219
person 0.7331 466 125 499 223
person 0.7178 320 58 357 129
person 0.6586 435 46 500 170
person 0.5609 410 133 500 342
person 0.4321 433 111 453 141
person 0.3265 349 64 387 122
person 0.1432 268 133 320 191
person 0.1312 447 116 499 282
person 0.1236 0 136 13 187
person 0.1049 0 116 23 202
person 0.0825 327 74 382 142
person 0.0777 72 95 269 339
person 0.0677 433 107 467 162
person 0.0617 241 128 289 191
person 0.0593 328 58 354 99
person 0.0423 119 126 209 297
person 0.0414 239 120 320 201
person 0.0374 0 117 21 304
person 0.0360 29 118 58 155
person 0.0316 352 63 381 99
person 0.0313 0 110 15 163
person 0.0313 0 104 52 343
person 0.0271 440 213 500 335
person 0.0196 475 123 499 297
person 0.0183 89 96 156 299
person 0.0180 477 194 499 330
person 0.0130 467 125 504 348
person 0.0110 309 152 503 333
person 0.0105 321 78 390 190
person 0.0104 288 116 337 197
person 0.0101 -26 83 375 348
person 0.0098 6 123 176 265
person 0.0096 0 140 9 223
person 0.0094 433 112 468 207
person 0.0059 416 116 492 229
person 0.0057 479 67 500 199
person 0.0057 179 102 196 130
person 0.0052 0 129 23 170
person 0.0052 316 78 360 162
person 0.0047 461 37 507 229
person 0.0046 308 51 370 140
person 0.0045 271 141 299 183
person 0.0043 0 136 9 164
person 0.0042 171 103 188 130
person 0.0041 346 83 391 157
person 0.0040 72 94 147 225
person 0.0037 323 61 385 110
person 0.0036 492 242 500 325
person 0.0030 337 172 450 224
person 0.0029 1 111 42 179
person 0.0026 -5 59 135 280
person 0.0025 475 34 500 158
person 0.0025 290 97 456 283
person 0.0024 389 195 484 331
person 0.0022 325 126 424 196
person 0.0021 1 99 90 299
person 0.0020 0 146 9 179
person 0.0020 186 101 200 131
person 0.0018 93 159 247 276
person 0.0018 367 8 513 221
person 0.0017 0 133 44 211
person 0.0017 90 117 196 253
person 0.0016 449 37 497 131
person 0.0016 445 100 496 194
person 0.0016 -22 113 43 154
person 0.0016 292 88 378 204
person 0.0016 452 189 495 308
person 0.0016 489 140 500 224
person 0.0015 326 116 384 206
person 0.0015 433 111 475 140
person 0.0014 107 140 179 331
person 0.0014 141 139 193 172
person 0.0014 11 122 30 163
person 0.0013 491 193 500 286
person 0.0013 451 143 520 202
person 0.0013 4 141 41 279
person 0.0012 1 104 22 133
person 0.0012 279 100 345 170
person 0.0012 0 124 9 150
person 0.0012 371 157 507 282
person 0.0011 349 71 377 109
person 0.0011 279 135 304 179
person 0.0011 37 117 61 146
person 0.0010 -2 145 30 352
person 0.0010 171 80 405 307
person 0.0010 421 107 455 163
