bicycle 0.0025 348 77 389 139
car 0.0034 16 38 70 62
motorbike 0.9688 253 131 381 309
motorbike 0.1693 332 66 385 134
person 0.9956 269 76 387 228
person 0.8557 179 71 222 117
person 0.7140 332 26 372 117
person 0.0997 383 37 408 64
person 0.0759 410 43 424 65
person 0.0498 424 43 434 65
person 0.0434 465 42 486 66
person 0.0389 449 43 468 65
person 0.0302 431 42 450 66
person 0.0266 320 29 363 91
person 0.0133 409 45 425 91
person 0.0125 301 37 321 62
person 0.0116 366 43 386 65
person 0.0085 331 27 370 70
person 0.0080 214 43 236 81
person 0.0078 379 31 408 89
person 0.0069 422 46 435 90
person 0.0067 260 44 272 63
person 0.0052 449 47 466 90
person 0.0050 465 44 484 95
person 0.0037 454 44 490 98
person 0.0036 456 45 472 93
person 0.0035 430 47 448 90
person 0.0033 478 40 489 60
person 0.0032 350 30 387 114
person 0.0031 191 69 218 100
person 0.0028 402 42 419 66
person 0.0026 272 39 291 62
person 0.0023 472 42 492 66
person 0.0023 402 48 415 89
person 0.0019 399 45 430 97
person 0.0018 382 22 399 50
person 0.0016 357 34 385 65
person 0.0016 292 38 314 62
person 0.0015 457 42 469 60
person 0.0015 239 38 249 61
person 0.0014 288 41 301 61
person 0.0012 272 119 385 179
person 0.0012 416 45 449 97
person 0.0010 264 45 278 63
person 0.0010 434 45 469 97
person 0.0010 230 45 241 64
