car 0.9521 -2 40 491 332
car 0.8254 66 58 122 95
car 0.2802 105 20 240 111
car 0.0035 409 77 462 136
car 0.0032 432 74 504 141
car 0.0027 412 69 492 121
car 0.0026 0 64 9 87
car 0.0022 439 69 502 200
car 0.0018 154 30 242 98
car 0.0017 430 78 468 162
car 0.0014 397 68 468 174
car 0.0012 -1 162 496 385
car 0.0012 77 64 109 96
car 0.0011 411 52 491 164
car 0.0010 0 57 7 79
person 0.9888 12 22 67 187
person 0.9441 141 39 178 127
person 0.7744 167 43 202 120
person 0.4208 469 47 499 87
person 0.0667 457 47 497 108
person 0.0270 449 62 497 153
person 0.0168 176 41 220 115
person 0.0165 139 28 224 132
person 0.0153 467 55 500 128
person 0.0117 273 43 291 91
person 0.0107 491 60 500 118
person 0.0097 487 46 500 89
person 0.0082 276 43 288 61
person 0.0059 125 47 201 117
person 0.0051 459 47 480 86
person 0.0029 296 46 313 61
person 0.0023 471 43 497 69
person 0.0022 471 65 500 177
person 0.0021 495 58 500 91
person 0.0020 443 45 502 89
person 0.0020 494 52 500 83
person 0.0020 492 47 499 73
person 0.0014 407 64 431 116
person 0.0010 114 29 181 131
sofa 0.0069 33 286 460 376
sofa 0.0019 1 217 494 384
sofa 0.0010 57 328 437 378
