bottle 0.9804 136 105 226 338
bottle 0.0076 92 285 115 310
bottle 0.0022 166 97 232 294
bottle 0.0022 0 350 26 375
bottle 0.0015 -1 367 26 375
chair 0.0025 0 174 25 299
diningtable 0.0021 6 238 176 372
person 0.9958 191 76 480 371
person 0.0717 70 207 109 264
person 0.0392 71 210 95 241
person 0.0224 0 117 25 273
person 0.0035 0 194 21 366
person 0.0034 89 203 111 237
person 0.0024 77 189 126 261
person 0.0015 61 207 103 237
person 0.0014 245 156 467 279
person 0.0014 -4 173 30 388
person 0.0014 73 209 90 232
tvmonitor 0.0044 0 164 25 280
