motorbike 0.9452 83 134 357 311
motorbike 0.0088 27 70 470 320
motorbike 0.0017 204 154 362 284
motorbike 0.0015 100 154 254 287
person 0.9781 210 105 301 316
person 0.8662 270 111 327 266
person 0.7928 310 127 330 184
person 0.0793 101 86 332 313
person 0.0089 274 117 329 199
person 0.0052 201 106 283 190
person 0.0038 301 122 329 249
person 0.0022 218 121 343 260
person 0.0019 260 136 339 308
person 0.0013 309 127 330 153
person 0.0012 236 101 326 221
pottedplant 0.1808 186 90 223 149
pottedplant 0.0418 200 125 218 150
pottedplant 0.0126 179 125 199 149
pottedplant 0.0088 203 111 221 151
pottedplant 0.0034 168 35 237 156
pottedplant 0.0029 196 73 234 151
pottedplant 0.0027 290 0 314 9
pottedplant 0.0023 178 124 215 151
pottedplant 0.0020 186 95 207 143
pottedplant 0.0010 362 0 415 21
