bottle 0.9835 178 255 215 373
bottle 0.0211 234 231 259 282
bottle 0.0130 227 240 256 323
bottle 0.0104 226 256 244 314
bottle 0.0034 263 287 277 313
bottle 0.0031 201 258 233 361
bottle 0.0030 242 244 260 293
bottle 0.0029 166 274 232 351
bottle 0.0016 301 251 340 312
bottle 0.0013 238 231 267 301
diningtable 0.8811 28 270 454 376
diningtable 0.0016 122 157 380 271
diningtable 0.0011 1 161 493 382
person 0.9939 80 85 423 285
person 0.9896 0 89 171 351
person 0.9301 243 105 502 340
person 0.0522 0 129 17 374
person 0.0351 364 82 505 358
person 0.0151 0 114 20 274
person 0.0101 0 72 19 200
person 0.0095 263 152 478 284
person 0.0066 145 102 418 225
person 0.0062 1 121 50 382
person 0.0051 0 103 13 177
person 0.0042 1 103 91 374
person 0.0039 -2 94 27 324
person 0.0035 9 97 176 224
person 0.0031 441 103 501 372
person 0.0030 92 117 344 251
person 0.0027 43 95 305 329
person 0.0026 0 176 6 306
person 0.0019 14 62 248 263
person 0.0019 478 126 499 349
person 0.0018 0 94 53 267
person 0.0018 222 182 434 302
person 0.0018 468 79 505 369
person 0.0014 0 157 8 266
person 0.0013 3 123 42 234
person 0.0012 0 124 11 227
person 0.0010 162 158 415 271
