chair 0.5523 341 84 483 307
chair 0.3954 441 84 498 245
chair 0.3489 483 88 500 241
chair 0.0152 490 101 500 222
chair 0.0085 320 125 387 236
chair 0.0075 473 53 503 249
chair 0.0044 421 68 492 289
chair 0.0041 316 131 360 227
chair 0.0022 436 101 476 202
chair 0.0022 367 102 500 223
chair 0.0014 0 107 10 143
chair 0.0013 333 111 411 249
chair 0.0013 481 135 500 312
chair 0.0011 437 119 504 184
chair 0.0010 0 101 8 178
person 0.9974 54 83 121 267
person 0.5918 362 75 467 318
person 0.2716 482 42 500 232
person 0.0032 445 36 499 212
person 0.0032 490 67 500 198
person 0.0010 489 45 500 147
pottedplant 0.0047 329 0 373 10
pottedplant 0.0012 337 0 377 18
