bottle 0.0085 185 261 220 324
bottle 0.0035 292 0 314 4
bottle 0.0022 299 0 322 4
bottle 0.0013 281 0 304 4
bottle 0.0013 0 7 3 41
bottle 0.0013 336 262 371 326
chair 0.9120 4 61 128 215
chair 0.0819 0 57 26 215
chair 0.0349 375 129 498 257
chair 0.0291 1 49 49 224
chair 0.0153 3 0 182 209
chair 0.0108 0 20 20 168
chair 0.0060 0 105 22 253
chair 0.0018 -7 53 138 315
chair 0.0017 0 168 23 306
chair 0.0014 2 39 46 147
chair 0.0013 0 56 9 166
chair 0.0011 9 132 168 233
chair 0.0010 365 121 507 367
diningtable 0.9092 0 186 502 366
diningtable 0.0055 4 28 492 347
diningtable 0.0054 0 27 262 228
diningtable 0.0032 60 202 441 300
diningtable 0.0010 120 174 380 262
diningtable 0.0010 26 52 318 318
motorbike 0.0040 19 0 153 41
person 0.1636 335 -2 407 104
person 0.0088 223 0 265 19
person 0.0049 177 -1 265 101
person 0.0044 0 -9 18 140
person 0.0041 0 -2 6 67
person 0.0040 0 2 4 33
person 0.0040 0 -1 8 36
person 0.0031 217 0 266 71
person 0.0029 229 0 258 11
person 0.0026 2 1 131 40
person 0.0025 293 -1 434 95
person 0.0024 2 0 26 8
person 0.0021 0 -1 27 26
person 0.0020 0 -1 10 10
person 0.0019 8 0 59 33
person 0.0018 8 0 39 7
person 0.0015 198 0 252 20
person 0.0014 200 1 278 43
person 0.0014 13 0 72 9
person 0.0011 16 0 85 22
person 0.0011 238 0 270 9
person 0.0010 229 0 259 35
person 0.0010 1 2 54 66
pottedplant 0.0222 15 -2 253 85
pottedplant 0.0053 99 -2 315 92
pottedplant 0.0041 7 -1 259 204
pottedplant 0.0038 43 0 165 42
pottedplant 0.0032 269 0 297 5
pottedplant 0.0025 8 10 184 123
pottedplant 0.0023 151 -1 253 100
pottedplant 0.0019 -1 -6 197 50
pottedplant 0.0019 43 8 293 121
pottedplant 0.0017 148 0 256 41
pottedplant 0.0010 22 7 150 59
pottedplant 0.0010 184 0 248 20
sofa 0.0029 377 96 497 240
