chair 0.0028 0 139 30 419
chair 0.0027 296 74 308 253
chair 0.0021 140 89 266 262
chair 0.0013 295 136 309 303
chair 0.0010 271 114 309 290
pottedplant 0.9836 205 21 303 151
pottedplant 0.8549 7 6 95 95
pottedplant 0.0043 0 71 16 178
pottedplant 0.0039 194 11 309 251
pottedplant 0.0035 0 79 31 174
pottedplant 0.0031 277 32 309 139
pottedplant 0.0029 0 81 4 102
pottedplant 0.0025 303 103 309 213
pottedplant 0.0022 5 16 104 149
pottedplant 0.0018 0 72 5 166
pottedplant 0.0015 2 70 113 196
pottedplant 0.0013 306 129 309 168
pottedplant 0.0011 303 32 309 149
pottedplant 0.0011 275 3 309 94
pottedplant 0.0011 246 27 310 173
pottedplant 0.0010 295 15 308 196
sofa 0.9289 12 92 287 311
sofa 0.0040 88 94 266 260
sofa 0.0030 6 66 156 290
sofa 0.0012 12 63 294 512
