sheep 0.8042 71 287 109 313
sheep 0.3814 405 269 417 282
sheep 0.2599 117 291 135 312
sheep 0.1064 265 264 275 274
sheep 0.0277 391 270 402 281
sheep 0.0188 331 271 353 281
sheep 0.0183 366 268 380 281
sheep 0.0120 93 287 108 312
sheep 0.0106 71 294 91 314
sheep 0.0094 310 271 328 281
sheep 0.0071 461 274 487 285
sheep 0.0047 78 290 103 309
sheep 0.0026 489 192 499 200
sheep 0.0020 439 276 452 283
sheep 0.0015 5 58 498 316
sheep 0.0014 113 292 145 314
sheep 0.0012 175 266 202 276
sheep 0.0012 68 296 79 314
sheep 0.0011 317 271 343 280
sheep 0.0011 282 271 301 279
sheep 0.0010 399 267 421 285
sheep 0.0010 88 288 135 311
