car 0.1034 293 246 373 310
car 0.0931 336 183 382 250
car 0.0012 224 275 403 393
tvmonitor 0.9445 173 192 278 289
tvmonitor 0.6909 223 277 340 401
tvmonitor 0.1061 219 165 330 230
tvmonitor 0.0940 92 200 148 277
tvmonitor 0.0458 226 128 281 153
tvmonitor 0.0221 109 162 151 205
tvmonitor 0.0158 217 130 237 150
tvmonitor 0.0146 117 104 209 173
tvmonitor 0.0125 166 105 205 149
tvmonitor 0.0113 216 127 252 153
tvmonitor 0.0063 183 153 261 209
tvmonitor 0.0048 241 126 305 163
tvmonitor 0.0042 157 104 203 175
tvmonitor 0.0038 158 257 199 333
tvmonitor 0.0027 332 293 385 344
tvmonitor 0.0026 221 125 269 166
tvmonitor 0.0026 137 185 227 247
tvmonitor 0.0025 335 196 383 249
tvmonitor 0.0021 89 173 154 307
tvmonitor 0.0021 179 164 267 234
tvmonitor 0.0020 100 160 152 239
tvmonitor 0.0016 205 108 246 149
tvmonitor 0.0016 338 177 382 230
tvmonitor 0.0016 139 251 189 334
tvmonitor 0.0013 208 128 246 163
tvmonitor 0.0012 121 109 167 172
tvmonitor 0.0010 223 119 332 168
tvmonitor 0.0010 207 204 270 300
