boat 0.9066 72 53 254 329
boat 0.8798 187 25 401 335
boat 0.7853 64 349 137 375
boat 0.0681 1 308 23 322
boat 0.0302 0 288 23 322
boat 0.0175 0 259 8 325
boat 0.0113 0 307 13 321
boat 0.0071 45 350 195 374
boat 0.0043 0 233 18 328
boat 0.0034 0 285 12 324
boat 0.0032 259 29 464 342
boat 0.0029 0 313 14 323
boat 0.0028 -7 337 143 373
boat 0.0025 0 294 8 318
boat 0.0024 172 10 557 358
boat 0.0024 -50 28 321 349
boat 0.0024 71 88 211 237
boat 0.0017 8 58 194 318
boat 0.0015 0 151 15 354
boat 0.0013 0 281 6 316
