person 0.0043 64 216 96 248
pottedplant 0.9916 55 350 129 439
pottedplant 0.9415 206 209 293 356
pottedplant 0.0219 141 40 238 387
pottedplant 0.0091 144 158 222 367
pottedplant 0.0030 201 270 279 357
pottedplant 0.0026 196 193 260 362
pottedplant 0.0026 200 196 226 281
pottedplant 0.0019 0 122 17 173
pottedplant 0.0019 318 117 334 284
pottedplant 0.0018 207 206 223 263
pottedplant 0.0017 0 370 5 447
pottedplant 0.0016 210 202 291 276
pottedplant 0.0015 146 138 294 365
pottedplant 0.0015 62 364 103 446
pottedplant 0.0013 328 203 334 285
