bottle 0.0076 160 1 202 63
bottle 0.0041 114 0 184 21
bottle 0.0014 142 1 188 64
bottle 0.0013 175 0 223 63
bottle 0.0012 185 0 210 28
chair 0.5646 25 297 142 332
chair 0.0011 -3 290 195 339
person 0.9699 296 41 504 336
person 0.8862 115 6 376 324
person 0.0521 -3 16 126 316
person 0.0117 -1 10 59 310
person 0.0092 0 29 21 135
person 0.0078 0 60 15 285
person 0.0072 310 129 494 252
person 0.0045 -3 29 26 316
person 0.0038 -30 5 309 327
person 0.0029 0 36 10 110
person 0.0027 442 50 500 321
person 0.0019 1 17 91 225
person 0.0018 56 35 149 285
person 0.0018 409 0 449 41
person 0.0017 0 153 17 320
person 0.0012 144 116 342 214
person 0.0011 477 0 498 8
person 0.0011 481 83 499 288
person 0.0010 0 43 6 65
person 0.0010 468 35 505 312
sofa 0.3505 69 45 510 332
tvmonitor 0.0046 0 30 24 63
tvmonitor 0.0012 0 22 23 94
