bus 0.0352 14 92 193 271
car 0.8406 0 149 23 193
car 0.0051 0 135 25 156
car 0.0046 0 165 13 197
car 0.0043 0 142 13 189
car 0.0038 0 170 8 194
car 0.0027 3 141 38 195
car 0.0025 0 172 24 201
car 0.0016 -25 150 42 189
car 0.0014 0 135 14 168
car 0.0010 0 136 12 154
person 0.9932 372 153 412 262
person 0.9894 430 168 482 290
person 0.9618 241 153 266 237
person 0.9535 313 137 336 213
person 0.9488 368 105 387 176
person 0.8676 423 159 455 271
person 0.2047 388 163 426 265
person 0.1309 362 150 399 241
person 0.0270 429 161 459 227
person 0.0044 315 130 333 183
person 0.0034 447 173 483 238
person 0.0033 420 195 489 262
person 0.0030 358 169 425 242
person 0.0018 366 154 412 207
person 0.0014 234 146 280 243
person 0.0011 371 105 404 176
pottedplant 0.8258 403 81 452 138
pottedplant 0.8154 251 43 280 65
pottedplant 0.6935 292 21 318 47
pottedplant 0.2505 246 22 263 37
pottedplant 0.1689 278 3 291 18
pottedplant 0.1332 193 76 216 95
pottedplant 0.0986 256 128 276 166
pottedplant 0.0962 293 127 316 155
pottedplant 0.0928 476 73 500 119
pottedplant 0.0862 256 129 286 183
pottedplant 0.0426 250 18 274 38
pottedplant 0.0398 488 74 500 128
pottedplant 0.0330 278 0 306 20
pottedplant 0.0312 280 6 320 55
pottedplant 0.0303 179 76 216 99
pottedplant 0.0288 280 18 306 50
pottedplant 0.0288 289 0 314 6
pottedplant 0.0203 166 34 208 78
pottedplant 0.0162 182 54 209 76
pottedplant 0.0130 475 71 500 160
pottedplant 0.0119 278 5 294 50
pottedplant 0.0115 289 0 316 29
pottedplant 0.0109 258 17 273 29
pottedplant 0.0094 243 6 266 38
pottedplant 0.0093 419 0 454 6
pottedplant 0.0080 244 17 280 68
pottedplant 0.0071 383 0 478 37
pottedplant 0.0070 431 0 473 39
pottedplant 0.0059 485 63 500 105
pottedplant 0.0058 478 39 500 125
pottedplant 0.0056 283 0 305 7
pottedplant 0.0052 393 0 460 8
pottedplant 0.0049 439 2 459 41
pottedplant 0.0048 380 0 455 18
pottedplant 0.0040 252 116 279 175
pottedplant 0.0040 263 46 278 66
pottedplant 0.0037 302 0 321 29
pottedplant 0.0034 474 0 497 4
pottedplant 0.0033 295 20 314 38
pottedplant 0.0031 240 -3 279 43
pottedplant 0.0030 282 -1 321 9
pottedplant 0.0030 290 0 312 16
pottedplant 0.0029 296 130 312 149
pottedplant 0.0027 259 3 299 59
pottedplant 0.0024 489 77 498 102
pottedplant 0.0022 290 -1 333 42
pottedplant 0.0022 423 43 448 86
pottedplant 0.0022 281 32 300 60
pottedplant 0.0022 177 40 214 92
pottedplant 0.0021 246 45 268 70
pottedplant 0.0021 352 0 370 30
pottedplant 0.0020 302 129 316 150
pottedplant 0.0019 344 0 449 38
pottedplant 0.0019 282 5 299 22
pottedplant 0.0019 244 0 263 6
pottedplant 0.0018 176 57 203 82
pottedplant 0.0017 412 94 443 133
pottedplant 0.0016 300 0 321 6
pottedplant 0.0015 273 0 361 40
pottedplant 0.0015 494 86 500 118
pottedplant 0.0014 186 80 210 96
pottedplant 0.0012 276 0 292 8
pottedplant 0.0012 459 0 474 30
pottedplant 0.0011 496 92 500 124
pottedplant 0.0011 456 71 496 137
pottedplant 0.0011 283 36 297 54
pottedplant 0.0010 287 129 304 161
pottedplant 0.0010 412 40 450 120
