bottle 0.0032 119 349 138 376
bottle 0.0018 474 367 500 375
chair 0.0106 369 332 493 374
diningtable 0.9046 7 179 360 372
diningtable 0.0616 141 144 354 346
diningtable 0.0324 198 160 359 272
diningtable 0.0141 3 278 349 375
diningtable 0.0068 73 188 349 310
diningtable 0.0030 154 138 351 244
diningtable 0.0023 70 152 279 277
diningtable 0.0015 128 245 371 368
diningtable 0.0014 21 215 255 341
person 0.9966 356 169 497 371
person 0.9921 271 105 339 175
person 0.9886 166 115 242 224
person 0.9866 126 119 196 243
person 0.9862 76 118 179 291
person 0.9855 336 158 444 316
person 0.9742 208 105 275 199
person 0.9690 -1 159 118 374
person 0.8388 288 330 421 374
person 0.7951 355 123 404 212
person 0.6121 343 120 375 177
person 0.1578 345 128 410 258
person 0.0257 332 332 492 374
person 0.0219 199 10 240 118
person 0.0213 38 156 127 323
person 0.0205 366 125 409 180
person 0.0187 29 136 243 358
person 0.0155 277 165 468 373
person 0.0101 92 123 248 249
person 0.0098 389 162 433 229
person 0.0095 234 331 366 374
person 0.0092 205 104 246 175
person 0.0091 364 148 416 240
person 0.0081 259 303 473 376
person 0.0077 0 153 63 358
person 0.0060 0 166 17 366
person 0.0047 322 123 397 237
person 0.0042 307 166 432 270
person 0.0035 167 114 323 209
person 0.0035 0 116 18 272
person 0.0030 482 168 500 365
person 0.0026 494 222 500 346
person 0.0026 297 345 451 377
person 0.0023 216 103 351 173
person 0.0023 -5 151 30 382
person 0.0022 163 331 422 381
person 0.0022 485 365 500 375
person 0.0021 -79 115 357 375
person 0.0020 372 161 449 261
person 0.0020 380 163 483 287
person 0.0017 37 224 126 364
person 0.0017 16 91 189 297
person 0.0016 279 109 385 169
person 0.0015 348 117 395 165
person 0.0015 438 158 504 377
person 0.0013 477 272 499 376
person 0.0012 474 350 500 375
person 0.0012 199 5 244 67
person 0.0011 0 68 16 205
person 0.0011 291 105 442 211
person 0.0011 0 91 9 160
person 0.0011 134 68 290 255
person 0.0011 309 170 361 248
person 0.0010 323 122 390 175
person 0.0010 331 198 423 356
person 0.0010 350 172 402 273
person 0.0010 9 234 118 294
person 0.0010 271 111 352 214
person 0.0010 221 3 260 67
pottedplant 0.0260 431 110 498 162
pottedplant 0.0029 414 74 499 171
pottedplant 0.0015 114 102 163 135
pottedplant 0.0013 428 96 502 207
pottedplant 0.0012 472 104 500 167
pottedplant 0.0011 492 104 500 174
pottedplant 0.0010 114 105 141 145
