aeroplane 0.0358 -2 -15 501 215
aeroplane 0.0077 368 75 502 182
aeroplane 0.0057 386 66 449 89
aeroplane 0.0050 223 15 502 186
aeroplane 0.0043 195 50 388 334
aeroplane 0.0036 83 19 486 358
aeroplane 0.0033 62 0 438 83
aeroplane 0.0031 375 61 491 100
aeroplane 0.0020 237 4 493 78
aeroplane 0.0017 322 44 496 165
aeroplane 0.0013 228 -7 501 46
aeroplane 0.0013 404 0 499 45
aeroplane 0.0013 75 53 428 150
aeroplane 0.0010 403 121 499 177
car 0.0190 211 107 260 132
car 0.0052 198 113 255 136
car 0.0023 493 147 499 177
person 0.9982 230 100 366 377
person 0.0012 69 95 510 387
train 0.0034 5 14 493 360
