bottle 0.8034 90 14 104 60
bottle 0.7125 63 9 76 59
bottle 0.0124 137 109 154 140
bottle 0.0093 114 14 128 60
bottle 0.0078 124 91 152 114
bottle 0.0060 370 85 392 121
bottle 0.0036 0 128 6 154
bottle 0.0033 91 89 150 115
bottle 0.0014 0 115 9 166
bottle 0.0014 102 17 114 60
bottle 0.0011 137 95 155 130
chair 0.0259 55 71 221 286
chair 0.0121 189 106 329 256
chair 0.0074 174 102 233 228
chair 0.0013 85 124 258 244
diningtable 0.2316 -1 232 328 372
person 0.9947 328 -5 485 267
person 0.9916 66 46 213 235
person 0.9765 209 60 343 256
person 0.9523 307 175 497 373
person 0.0261 0 99 20 231
person 0.0229 278 26 473 349
person 0.0120 306 291 498 377
person 0.0084 398 218 501 372
person 0.0076 0 113 52 303
person 0.0051 474 222 499 369
person 0.0049 0 120 24 297
person 0.0041 312 149 492 287
person 0.0039 355 6 476 178
person 0.0025 0 197 17 364
person 0.0025 314 64 393 184
person 0.0024 479 156 499 348
person 0.0023 158 220 500 379
person 0.0016 443 166 499 369
person 0.0015 80 66 337 247
person 0.0015 468 173 504 390
person 0.0014 3 123 44 238
person 0.0010 133 94 232 233
person 0.0010 -5 68 29 264
person 0.0010 402 83 498 335
person 0.0010 490 296 500 374
person 0.0010 482 102 499 286
person 0.0010 216 -15 593 278
sofa 0.0504 178 72 338 287
