dog 0.9883 72 231 215 404
dog 0.9551 210 50 332 202
dog 0.0402 216 59 333 119
dog 0.0120 159 52 335 289
dog 0.0051 235 91 335 229
dog 0.0018 264 103 332 185
person 0.9964 82 0 204 242
person 0.9955 151 82 324 405
person 0.9739 198 0 291 101
person 0.2419 313 0 332 94
person 0.1372 314 8 333 199
person 0.0200 194 32 307 165
person 0.0076 167 124 314 308
person 0.0036 321 -6 333 75
person 0.0035 304 2 332 127
person 0.0020 316 -1 332 13
person 0.0020 103 4 277 257
person 0.0019 136 1 209 52
person 0.0017 321 -4 333 35
person 0.0015 323 -1 333 13
person 0.0014 187 0 264 64
person 0.0013 327 19 333 162
person 0.0012 257 1 287 96
person 0.0011 185 0 205 9
person 0.0010 149 -9 294 75
person 0.0010 135 0 192 26
