cat 0.9553 8 98 311 319
cat 0.9393 246 70 386 153
cat 0.0135 0 50 498 327
cat 0.0050 233 47 403 207
cat 0.0027 18 147 271 277
cat 0.0021 133 62 376 148
cat 0.0010 50 109 288 218
chair 0.0926 0 0 87 104
chair 0.0011 2 -2 88 51
person 0.0050 444 183 500 381
person 0.0024 475 191 499 371
person 0.0018 466 142 505 393
pottedplant 0.0035 261 284 303 333
pottedplant 0.0010 0 14 7 107
sofa 0.1119 22 1 322 76
sofa 0.0197 411 -1 499 104
sofa 0.0052 58 -4 433 146
sofa 0.0019 315 0 494 88
sofa 0.0012 409 0 496 43
sofa 0.0011 14 13 258 113
sofa 0.0010 31 -1 220 20
