boat 0.9039 254 178 407 367
boat 0.0029 254 285 405 370
boat 0.0028 255 175 349 328
boat 0.0017 107 102 545 391
chair 0.0027 187 196 256 335
chair 0.0010 0 302 52 375
person 0.9974 52 191 95 309
person 0.9973 144 118 172 208
person 0.9961 216 118 241 207
person 0.9838 8 191 52 312
person 0.6137 169 119 194 208
person 0.1955 0 213 15 378
person 0.1381 0 191 19 314
person 0.0971 0 226 10 313
person 0.0276 175 134 201 257
person 0.0160 0 187 6 311
person 0.0117 0 248 8 377
person 0.0089 1 211 53 376
person 0.0055 172 121 195 175
person 0.0023 355 40 371 97
person 0.0020 -5 178 34 327
person 0.0019 -1 290 21 384
person 0.0018 181 146 210 245
person 0.0016 45 210 111 290
person 0.0011 -4 197 24 392
pottedplant 0.2980 216 20 242 40
pottedplant 0.1217 129 23 186 44
pottedplant 0.0138 0 -1 13 39
pottedplant 0.0037 0 11 9 39
pottedplant 0.0029 128 29 154 44
pottedplant 0.0017 123 0 199 43
pottedplant 0.0012 0 6 8 86
pottedplant 0.0011 0 0 12 19
pottedplant 0.0010 218 19 245 57
