person 0.9965 301 0 405 122
person 0.9406 173 0 216 62
person 0.9277 24 1 106 137
person 0.5631 0 4 26 183
person 0.1239 0 0 47 157
person 0.0477 12 54 44 158
person 0.0184 21 66 42 129
person 0.0046 23 0 109 67
person 0.0035 27 13 69 140
person 0.0030 353 4 399 122
person 0.0027 -30 64 53 123
person 0.0018 313 8 486 124
person 0.0016 152 -6 220 77
person 0.0014 328 11 382 114
person 0.0011 0 80 24 221
person 0.0010 470 0 500 7
person 0.0010 443 36 499 295
sheep 0.9245 291 62 345 130
sheep 0.8443 26 33 480 387
sheep 0.0933 439 -1 500 134
sheep 0.0038 293 22 383 131
sheep 0.0019 306 117 500 375
sheep 0.0014 441 19 499 254
