bird 0.9926 200 76 236 102
bird 0.9856 319 209 396 273
bird 0.9795 170 130 244 284
bird 0.9645 87 169 129 230
bird 0.9516 246 84 270 112
bird 0.9114 145 131 175 172
bird 0.9057 175 77 194 114
bird 0.8927 287 146 330 210
bird 0.8870 234 155 283 227
bird 0.8729 138 79 154 114
bird 0.8528 70 139 99 180
bird 0.8317 92 96 113 139
bird 0.8300 110 74 132 101
bird 0.8227 397 111 419 153
bird 0.8062 313 113 347 167
bird 0.7585 14 123 36 163
bird 0.7395 29 90 50 120
bird 0.6813 466 159 490 196
bird 0.5204 344 123 374 154
bird 0.4940 261 134 299 160
bird 0.4792 419 138 441 174
bird 0.4216 364 140 400 193
bird 0.4099 325 96 352 123
bird 0.3871 60 113 81 142
bird 0.2837 481 238 500 272
bird 0.2590 436 171 462 196
bird 0.2127 213 141 261 193
bird 0.1494 8 91 23 115
bird 0.1116 299 96 326 126
bird 0.1035 437 176 474 201
bird 0.0731 482 216 500 267
bird 0.0470 364 133 390 176
bird 0.0424 256 125 299 173
bird 0.0334 425 120 436 133
bird 0.0303 491 156 501 198
bird 0.0254 217 355 293 374
bird 0.0243 490 191 500 263
bird 0.0206 255 109 278 132
bird 0.0188 479 188 501 262
bird 0.0163 209 146 280 209
bird 0.0163 340 119 377 176
bird 0.0158 493 168 500 199
bird 0.0154 440 169 457 187
bird 0.0144 213 150 238 189
bird 0.0139 494 155 499 181
bird 0.0124 0 286 24 327
bird 0.0118 174 131 260 196
bird 0.0090 0 269 9 328
bird 0.0088 0 104 7 120
bird 0.0085 484 249 499 275
bird 0.0072 308 146 338 189
bird 0.0068 484 243 500 295
bird 0.0064 0 307 26 334
bird 0.0063 61 120 83 158
bird 0.0063 299 111 344 185
bird 0.0060 0 2 8 19
bird 0.0057 133 128 195 172
bird 0.0055 0 269 22 349
bird 0.0055 10 119 41 178
bird 0.0052 288 167 320 211
bird 0.0052 165 159 249 225
bird 0.0049 0 92 7 117
bird 0.0048 0 226 17 336
bird 0.0046 226 145 259 182
bird 0.0045 302 114 368 164
bird 0.0044 143 133 162 172
bird 0.0041 444 155 469 182
bird 0.0040 453 181 474 200
bird 0.0039 0 1 8 50
bird 0.0037 0 175 14 235
bird 0.0037 -9 258 135 353
bird 0.0036 0 110 7 126
bird 0.0035 440 163 467 192
bird 0.0035 180 354 270 374
bird 0.0033 492 166 500 245
bird 0.0033 468 164 486 189
bird 0.0032 488 249 499 320
bird 0.0031 492 120 499 189
bird 0.0031 299 105 324 144
bird 0.0030 168 79 205 112
bird 0.0030 297 94 338 154
bird 0.0029 464 148 488 180
bird 0.0029 479 233 500 328
bird 0.0028 173 122 230 183
bird 0.0027 110 168 128 228
bird 0.0026 454 153 495 203
bird 0.0025 471 148 500 208
bird 0.0025 0 6 6 28
bird 0.0025 348 128 388 166
bird 0.0025 0 0 10 8
bird 0.0024 0 285 54 363
bird 0.0024 256 110 292 138
bird 0.0024 54 130 118 177
bird 0.0024 150 140 169 167
bird 0.0023 0 104 7 176
bird 0.0021 136 83 148 110
bird 0.0021 0 88 11 121
bird 0.0020 476 258 498 297
bird 0.0020 162 122 203 179
bird 0.0019 1 0 27 5
bird 0.0018 260 118 303 148
bird 0.0017 7 102 21 118
bird 0.0017 400 113 416 140
bird 0.0016 0 144 7 224
bird 0.0016 219 149 250 189
bird 0.0016 66 106 101 174
bird 0.0016 495 137 499 172
bird 0.0015 217 143 257 168
bird 0.0015 416 121 448 180
bird 0.0015 74 153 135 242
bird 0.0015 120 364 214 374
bird 0.0015 494 183 499 211
bird 0.0015 0 224 6 332
bird 0.0014 253 143 296 218
bird 0.0014 2 289 180 372
bird 0.0014 355 0 381 7
bird 0.0014 0 135 16 253
bird 0.0014 213 78 234 100
bird 0.0014 0 291 8 321
bird 0.0013 100 101 112 135
bird 0.0013 246 82 266 100
bird 0.0013 28 89 43 107
bird 0.0012 0 188 22 222
bird 0.0012 373 132 401 179
bird 0.0012 340 119 359 133
bird 0.0012 435 154 472 204
bird 0.0012 -31 169 150 373
bird 0.0012 68 130 95 168
bird 0.0012 487 226 498 258
bird 0.0012 494 207 499 246
bird 0.0012 253 0 371 7
bird 0.0011 0 98 10 154
bird 0.0011 90 174 111 209
bird 0.0011 250 89 275 131
bird 0.0011 15 123 33 146
bird 0.0011 0 298 24 377
bird 0.0010 418 124 438 157
bird 0.0010 26 294 319 364
bird 0.0010 311 0 387 8
bird 0.0010 455 152 471 172
bird 0.0010 423 121 436 142
bird 0.0010 150 138 274 238
bird 0.0010 151 352 290 379
