bicycle 0.9673 41 189 223 488
bicycle 0.9660 192 195 311 464
bicycle 0.0078 237 181 340 469
bicycle 0.0037 119 72 366 501
car 0.0069 323 86 333 154
car 0.0049 320 62 333 191
car 0.0039 299 88 332 198
car 0.0038 294 69 332 260
car 0.0022 318 125 332 312
car 0.0013 326 92 332 129
car 0.0010 271 44 333 207
car 0.0010 325 61 333 139
person 0.9945 24 45 219 440
person 0.9442 177 41 324 444
person 0.0370 318 85 332 278
person 0.0152 295 78 332 288
person 0.0094 0 2 17 90
person 0.0082 325 90 333 186
person 0.0023 201 145 326 347
person 0.0019 242 57 337 441
person 0.0017 272 64 332 335
person 0.0016 312 66 335 300
person 0.0016 0 -6 9 75
person 0.0012 327 103 333 251
person 0.0012 45 29 336 396
