bus 0.0859 2 -2 183 132
bus 0.0015 -6 -3 346 135
bus 0.0010 130 63 432 265
car 0.9887 338 5 417 40
car 0.0745 2 38 176 136
car 0.0307 340 2 482 40
car 0.0171 15 75 161 119
car 0.0169 492 31 500 102
car 0.0062 280 -2 325 21
car 0.0045 494 49 499 84
car 0.0033 281 -1 326 9
car 0.0018 280 0 307 5
car 0.0017 332 -24 422 65
car 0.0015 355 6 386 39
car 0.0013 -7 10 263 158
car 0.0012 4 1 129 117
car 0.0012 -15 75 149 147
car 0.0011 401 -1 500 41
person 0.9968 49 87 155 287
person 0.9840 181 151 285 249
person 0.9700 0 51 25 189
person 0.9590 114 47 142 90
person 0.0836 0 83 8 191
person 0.0453 0 43 24 124
person 0.0289 11 110 33 149
person 0.0227 492 37 500 134
person 0.0214 3 65 38 176
person 0.0205 138 102 301 281
person 0.0174 0 94 19 224
person 0.0146 485 17 499 148
person 0.0090 0 40 11 104
person 0.0073 6 101 26 158
person 0.0063 492 16 500 92
person 0.0035 88 49 163 88
person 0.0030 483 39 499 228
person 0.0025 221 0 233 19
person 0.0022 481 -4 500 94
person 0.0018 85 0 125 43
person 0.0017 0 127 8 210
person 0.0017 -29 82 50 137
person 0.0016 16 113 30 136
person 0.0012 472 9 504 284
person 0.0012 124 51 148 91
person 0.0010 493 61 500 174
person 0.0010 0 126 15 270
person 0.0010 -35 53 461 326
pottedplant 0.0025 284 15 303 24
pottedplant 0.0014 282 4 323 26
