bicycle 0.9319 251 167 336 250
bicycle 0.8357 129 173 201 229
bicycle 0.7458 45 170 122 227
bicycle 0.4702 385 185 475 264
bicycle 0.0610 90 166 132 230
bicycle 0.0482 50 144 97 225
bicycle 0.0201 138 163 214 252
bicycle 0.0190 0 146 5 242
bicycle 0.0093 239 169 402 262
bicycle 0.0076 472 172 499 250
bicycle 0.0076 288 175 462 264
bicycle 0.0029 453 173 495 247
bicycle 0.0027 422 197 475 266
bicycle 0.0024 30 153 156 229
bicycle 0.0018 177 171 335 257
bicycle 0.0015 0 132 14 262
bicycle 0.0014 490 174 499 264
bicycle 0.0013 109 153 242 235
bicycle 0.0011 330 168 375 274
bicycle 0.0011 291 171 342 250
bicycle 0.0010 406 181 462 245
bicycle 0.0010 0 170 3 218
car 0.1818 265 94 339 144
car 0.0569 1 154 11 174
car 0.0511 186 100 253 142
car 0.0506 0 151 12 186
car 0.0328 0 146 9 204
car 0.0109 262 96 300 145
car 0.0065 192 99 258 124
car 0.0037 162 103 247 156
car 0.0034 0 157 6 191
car 0.0018 281 90 342 119
car 0.0013 0 131 11 180
person 0.9921 373 131 414 261
person 0.9855 96 129 129 224
person 0.9819 329 136 376 267
person 0.9667 187 129 239 282
person 0.9664 62 141 105 225
person 0.9525 224 113 268 239
person 0.8822 316 132 341 240
person 0.1599 316 130 355 266
person 0.0372 0 139 6 224
person 0.0247 287 140 342 256
person 0.0245 341 132 410 264
person 0.0137 368 135 449 259
person 0.0038 317 166 386 231
person 0.0038 358 163 427 230
person 0.0026 0 126 14 243
person 0.0021 52 134 92 216
person 0.0019 169 168 243 227
person 0.0013 211 138 277 206
person 0.0010 0 159 4 203
