bottle 0.0250 16 261 100 484
bottle 0.0042 55 275 107 473
bottle 0.0023 8 259 175 481
bottle 0.0018 41 264 99 413
bottle 0.0017 302 452 332 497
bottle 0.0011 129 215 214 267
chair 0.0867 111 2 322 266
chair 0.0856 53 28 178 180
chair 0.0065 48 -9 224 224
chair 0.0042 199 0 298 61
chair 0.0032 180 -5 307 116
chair 0.0026 58 6 170 114
chair 0.0019 40 69 152 261
chair 0.0013 148 9 290 173
chair 0.0011 154 0 218 61
chair 0.0010 209 1 328 180
dog 0.0042 301 437 332 500
dog 0.0017 311 401 333 501
dog 0.0016 268 443 334 500
person 0.9936 113 30 333 391
person 0.9761 46 25 185 259
person 0.1062 275 -1 332 134
person 0.0675 290 -8 333 294
person 0.0653 83 11 302 260
person 0.0566 294 0 330 90
person 0.0184 317 11 333 161
person 0.0122 298 23 331 147
person 0.0112 319 20 332 265
person 0.0064 250 -13 336 359
person 0.0058 313 -8 335 374
person 0.0040 86 45 239 222
person 0.0038 314 -1 333 96
person 0.0031 323 5 333 60
person 0.0023 205 -7 329 116
person 0.0022 321 86 333 391
person 0.0021 254 1 326 88
person 0.0016 131 94 305 254
person 0.0014 299 0 332 48
person 0.0014 326 16 332 49
person 0.0013 325 7 333 114
person 0.0012 -44 -20 276 295
person 0.0011 249 2 336 180
person 0.0010 276 63 331 140
