bicycle 0.9806 358 109 496 232
bicycle 0.9793 209 127 344 263
bicycle 0.9596 79 175 202 300
bicycle 0.9476 161 50 275 163
bicycle 0.0452 157 36 330 196
bicycle 0.0020 78 204 201 267
bicycle 0.0012 356 140 479 202
bicycle 0.0010 211 167 339 227
person 0.9991 376 34 495 207
person 0.9954 85 113 204 280
person 0.9915 244 55 351 219
person 0.9911 165 1 284 136
person 0.0135 213 51 312 220
person 0.0110 164 41 340 235
person 0.0042 170 9 304 85
person 0.0035 138 110 221 285
person 0.0019 218 -1 295 122
person 0.0011 165 40 282 95
person 0.0010 195 -1 691 233
