horse 0.9809 81 258 243 499
horse 0.0011 110 264 247 388
horse 0.0010 -39 211 297 526
person 0.9962 86 140 252 369
person 0.0024 0 153 4 259
person 0.0020 0 165 3 209
person 0.0011 -37 106 295 396
pottedplant 0.9503 279 198 302 238
pottedplant 0.0663 365 177 374 201
pottedplant 0.0327 363 168 375 205
pottedplant 0.0030 366 160 374 198
pottedplant 0.0022 261 243 291 265
pottedplant 0.0020 366 192 375 257
pottedplant 0.0017 369 221 374 250
pottedplant 0.0014 237 325 373 480
pottedplant 0.0014 211 208 230 222
pottedplant 0.0011 249 164 282 236
pottedplant 0.0010 277 167 306 239
pottedplant 0.0010 2 184 67 255
pottedplant 0.0010 334 184 371 258
