bottle 0.0015 329 405 375 501
chair 0.0029 331 205 375 432
chair 0.0010 339 243 373 390
diningtable 0.1615 0 158 374 495
diningtable 0.0017 3 100 137 481
diningtable 0.0015 69 261 305 397
diningtable 0.0014 82 200 290 298
person 0.9985 139 8 353 273
person 0.6200 0 -1 52 132
person 0.0137 1 -2 44 72
person 0.0075 0 -1 21 100
person 0.0043 -5 -12 92 133
person 0.0023 0 -11 6 98
person 0.0020 -2 -5 69 213
person 0.0019 0 0 20 11
person 0.0014 5 25 371 312
person 0.0012 0 21 17 187
person 0.0012 0 35 37 171
person 0.0011 0 56 15 269
