bicycle 0.0134 379 124 415 144
bottle 0.0012 368 181 395 191
car 0.5853 319 100 401 132
car 0.4688 289 97 337 124
car 0.0017 316 101 372 124
car 0.0014 0 98 25 137
motorbike 0.9876 203 129 323 267
motorbike 0.0191 84 109 113 139
motorbike 0.0171 78 115 104 141
motorbike 0.0139 378 120 417 143
motorbike 0.0135 114 109 141 140
motorbike 0.0092 134 109 159 140
motorbike 0.0061 152 108 181 141
motorbike 0.0054 59 116 85 141
motorbike 0.0043 67 115 95 141
motorbike 0.0021 58 111 106 139
motorbike 0.0015 202 157 321 212
motorbike 0.0011 146 113 170 142
motorbike 0.0010 125 112 151 144
person 0.9950 203 52 300 238
person 0.6785 31 95 47 142
person 0.3973 456 107 485 159
person 0.3359 73 96 87 138
person 0.2835 62 97 76 139
person 0.0198 14 98 48 141
person 0.0100 26 99 57 141
person 0.0087 64 97 73 122
person 0.0043 486 105 500 142
person 0.0025 75 94 85 117
person 0.0018 52 106 75 140
person 0.0017 330 118 353 141
person 0.0016 188 65 315 170
person 0.0014 26 114 45 142
