bottle 0.0104 230 170 254 192
bottle 0.0031 199 169 253 193
bottle 0.0011 177 153 264 195
bottle 0.0010 242 161 281 212
chair 0.0226 66 108 178 238
chair 0.0160 36 84 215 301
diningtable 0.0439 70 96 514 334
diningtable 0.0015 129 211 294 330
diningtable 0.0013 91 198 404 336
person 0.9905 170 13 483 330
person 0.9291 -4 79 149 298
person 0.0303 139 50 357 331
person 0.0173 -1 99 98 247
person 0.0057 28 100 228 333
person 0.0056 0 93 20 201
person 0.0051 0 86 6 175
person 0.0047 3 89 168 204
person 0.0042 0 87 60 307
person 0.0020 0 108 17 287
person 0.0020 0 114 6 211
person 0.0017 0 108 48 186
person 0.0011 -54 55 326 329
pottedplant 0.0345 193 27 257 165
pottedplant 0.0022 191 -7 278 128
pottedplant 0.0015 178 23 317 153
sofa 0.0867 138 108 517 324
sofa 0.0012 -108 52 300 329
