bicycle 0.4471 482 264 500 356
bicycle 0.0075 485 299 500 366
bicycle 0.0012 454 262 496 356
bicycle 0.0010 489 313 500 385
car 0.0065 495 226 499 258
car 0.0027 493 211 500 273
person 0.9972 413 214 447 318
person 0.9787 445 220 482 320
person 0.9555 367 218 391 286
person 0.8702 472 218 497 314
person 0.5299 390 221 414 279
person 0.0718 493 217 500 308
person 0.0495 273 217 298 268
person 0.0189 351 228 370 267
person 0.0182 395 209 422 317
person 0.0180 0 199 7 214
person 0.0160 496 242 500 282
person 0.0135 496 229 500 268
person 0.0108 491 237 500 346
person 0.0037 0 198 10 242
person 0.0014 398 229 465 303
person 0.0012 495 256 499 297
person 0.0012 361 225 375 273
person 0.0011 377 224 395 285
person 0.0011 0 217 10 266
person 0.0010 435 242 496 312
person 0.0010 0 221 7 246
pottedplant 0.0096 98 226 123 255
pottedplant 0.0016 98 204 124 252
pottedplant 0.0015 105 217 129 254
