boat 0.0204 5 41 492 387
boat 0.0175 257 62 475 367
boat 0.0068 30 186 473 365
boat 0.0045 297 117 432 251
boat 0.0018 107 42 392 335
boat 0.0011 68 289 433 375
bottle 0.0013 375 66 411 179
person 0.9979 311 37 407 297
person 0.9554 66 42 225 376
person 0.4766 421 173 468 219
person 0.0098 0 45 351 377
person 0.0046 329 48 415 198
person 0.0045 0 34 20 182
person 0.0036 481 106 499 283
person 0.0028 69 137 220 288
person 0.0026 494 180 500 287
person 0.0017 0 83 17 277
person 0.0016 272 78 405 233
person 0.0014 470 61 504 328
person 0.0013 482 161 500 342
person 0.0012 409 142 487 251
person 0.0012 318 126 389 287
person 0.0012 377 78 412 191
person 0.0012 493 143 500 238
person 0.0010 305 43 375 231
pottedplant 0.0096 394 63 476 209
train 0.0130 31 21 239 301
