bottle 0.0968 57 157 67 189
bottle 0.0037 353 159 363 181
bottle 0.0025 222 157 231 181
bottle 0.0011 4 344 17 364
chair 0.0987 7 183 182 333
chair 0.0645 0 194 11 266
chair 0.0572 45 176 130 336
chair 0.0152 0 143 16 274
chair 0.0048 0 157 10 250
chair 0.0046 201 186 319 356
chair 0.0025 0 208 7 299
chair 0.0022 0 183 95 335
chair 0.0013 64 185 109 327
chair 0.0012 0 212 6 262
chair 0.0012 0 187 16 327
chair 0.0010 0 185 20 256
diningtable 0.0976 5 199 185 354
diningtable 0.0580 -2 188 417 371
diningtable 0.0019 40 186 297 325
person 0.9925 199 126 321 355
person 0.0192 82 104 344 345
person 0.0010 -14 74 513 373
pottedplant 0.0034 386 179 409 213
sofa 0.6626 182 129 383 352
sofa 0.0104 -18 105 518 381
sofa 0.0032 154 209 352 354
sofa 0.0015 79 170 341 337
sofa 0.0012 225 205 421 353
tvmonitor 0.0011 278 98 320 182
