cat 0.0113 421 258 448 282
chair 0.0084 248 130 279 205
chair 0.0073 281 163 305 204
chair 0.0061 292 164 314 201
chair 0.0052 371 160 416 223
chair 0.0045 252 165 279 203
chair 0.0032 278 150 312 208
chair 0.0026 255 149 296 208
chair 0.0013 396 157 427 227
pottedplant 0.9928 316 203 356 281
pottedplant 0.9927 188 204 227 269
pottedplant 0.0112 322 232 354 277
pottedplant 0.0084 339 153 364 196
pottedplant 0.0033 198 225 227 269
pottedplant 0.0030 169 197 236 260
pottedplant 0.0021 352 352 425 375
pottedplant 0.0017 185 173 226 252
pottedplant 0.0011 379 276 397 290
pottedplant 0.0010 104 296 150 378
