bottle 0.0109 146 358 207 374
bottle 0.0032 116 362 202 375
chair 0.0017 445 129 499 317
diningtable 0.0044 0 301 268 373
diningtable 0.0032 -12 335 185 374
diningtable 0.0028 42 332 454 377
diningtable 0.0027 -17 353 229 375
diningtable 0.0011 76 356 288 375
person 0.9899 6 113 169 359
person 0.9827 252 97 492 385
person 0.9668 133 105 289 374
person 0.0187 359 -1 396 49
person 0.0146 0 142 19 333
person 0.0053 377 -1 486 45
person 0.0053 0 108 53 339
person 0.0044 0 211 17 378
person 0.0042 -3 92 28 354
person 0.0041 473 0 499 7
person 0.0034 353 -1 435 47
person 0.0032 410 0 453 46
person 0.0026 297 165 489 324
person 0.0024 444 127 500 376
person 0.0023 0 198 6 313
person 0.0022 446 0 496 45
person 0.0018 91 164 269 322
person 0.0016 -5 103 345 383
person 0.0014 488 0 501 8
person 0.0014 36 136 212 295
person 0.0013 0 177 95 357
person 0.0012 482 164 500 369
person 0.0010 180 116 294 302
sofa 0.4617 120 111 370 377
sofa 0.1069 60 157 515 383
sofa 0.0256 48 165 299 375
sofa 0.0024 32 289 467 376
sofa 0.0018 86 240 415 369
