bottle 0.0118 270 141 279 171
bottle 0.0039 246 127 256 154
bottle 0.0021 0 489 23 500
bottle 0.0019 278 128 290 169
bottle 0.0010 278 142 287 170
chair 0.0863 353 311 375 477
chair 0.0280 0 130 7 189
chair 0.0086 334 303 374 487
chair 0.0029 0 139 4 194
chair 0.0024 253 226 313 298
chair 0.0022 357 320 374 398
chair 0.0014 0 132 18 185
chair 0.0011 218 375 381 506
chair 0.0010 0 229 5 375
diningtable 0.8252 2 207 252 509
diningtable 0.1405 93 188 291 462
diningtable 0.0151 118 237 269 410
diningtable 0.0093 -9 124 327 455
diningtable 0.0030 178 377 373 506
diningtable 0.0029 0 170 144 485
diningtable 0.0029 75 300 300 440
diningtable 0.0029 52 332 325 485
diningtable 0.0026 6 208 134 359
diningtable 0.0015 17 184 178 317
diningtable 0.0012 4 132 191 375
diningtable 0.0010 -3 299 377 573
person 0.9957 148 167 285 424
person 0.9914 7 100 87 180
person 0.9892 185 292 374 499
person 0.9879 105 119 177 279
person 0.7454 135 128 226 318
person 0.0326 112 116 179 209
person 0.0160 0 145 14 412
person 0.0151 0 139 39 457
person 0.0147 357 244 374 429
person 0.0144 10 115 360 460
person 0.0096 110 221 324 506
person 0.0071 135 111 340 389
person 0.0058 -2 112 20 447
person 0.0040 0 234 17 475
person 0.0030 301 297 376 491
person 0.0028 359 171 375 387
person 0.0027 0 150 72 408
person 0.0025 0 274 40 512
person 0.0024 369 246 375 377
person 0.0019 353 204 378 469
person 0.0018 -2 208 96 522
person 0.0016 0 133 6 238
person 0.0015 129 135 169 260
person 0.0015 333 251 374 462
person 0.0014 192 236 281 425
person 0.0014 0 119 14 283
person 0.0013 0 216 5 370
person 0.0011 0 55 5 204
person 0.0010 3 201 31 392
person 0.0010 97 270 446 529
person 0.0010 166 186 387 466
