chair 0.8717 107 247 144 319
chair 0.0697 200 241 253 391
chair 0.0088 99 223 150 337
chair 0.0044 199 234 249 325
chair 0.0044 95 241 122 319
chair 0.0039 208 242 244 263
chair 0.0030 226 236 252 260
chair 0.0026 115 208 150 311
chair 0.0021 93 253 114 294
chair 0.0012 93 218 116 255
diningtable 0.0124 199 256 253 407
person 0.9794 113 189 172 281
person 0.1094 93 192 112 217
person 0.0211 89 194 99 213
person 0.0084 91 192 111 235
person 0.0072 86 188 112 258
person 0.0023 91 218 109 255
person 0.0015 114 185 211 309
person 0.0014 125 198 163 310
person 0.0010 80 187 169 259
tvmonitor 0.0012 207 200 223 214
