bottle 0.0017 476 14 499 67
bottle 0.0015 488 7 500 75
dog 0.9766 105 79 376 290
dog 0.0065 112 106 330 234
dog 0.0012 160 129 395 253
person 0.9280 12 3 172 263
person 0.7605 297 0 435 74
person 0.5679 151 0 201 44
person 0.0604 476 -2 500 70
person 0.0216 482 -1 501 21
person 0.0158 474 0 500 31
person 0.0120 101 0 191 43
person 0.0051 124 0 169 44
person 0.0031 19 33 119 235
person 0.0030 489 0 500 70
person 0.0028 301 0 363 71
person 0.0026 482 8 500 183
person 0.0023 485 -1 501 11
person 0.0023 145 2 174 42
person 0.0022 0 -1 18 89
person 0.0021 -46 1 320 277
person 0.0020 189 1 393 71
person 0.0016 453 0 498 20
person 0.0013 475 0 498 10
person 0.0011 42 78 210 200
person 0.0010 0 46 11 87
sofa 0.0374 84 36 410 256
