pottedplant 0.9124 215 115 446 365
pottedplant 0.2842 342 337 450 375
pottedplant 0.2160 5 221 189 378
pottedplant 0.1415 240 339 321 375
pottedplant 0.1138 7 0 491 375
pottedplant 0.0483 257 334 375 374
pottedplant 0.0381 301 333 410 374
pottedplant 0.0251 109 219 183 370
pottedplant 0.0246 318 331 361 374
pottedplant 0.0118 324 198 429 335
pottedplant 0.0099 80 210 127 294
pottedplant 0.0094 0 0 195 373
pottedplant 0.0051 221 236 433 365
pottedplant 0.0048 298 72 500 363
pottedplant 0.0037 259 330 468 380
pottedplant 0.0035 220 239 334 376
pottedplant 0.0023 352 236 431 347
pottedplant 0.0023 68 261 186 382
pottedplant 0.0023 0 215 94 372
pottedplant 0.0022 116 217 178 288
pottedplant 0.0021 135 246 183 343
pottedplant 0.0019 215 215 272 372
pottedplant 0.0016 281 345 433 379
pottedplant 0.0014 383 348 453 375
pottedplant 0.0011 137 114 371 375
pottedplant 0.0011 227 150 430 285
pottedplant 0.0011 74 208 182 326
pottedplant 0.0010 295 331 341 374
