cat 0.0012 0 44 7 149
chair 0.8136 1 187 171 370
chair 0.0067 0 198 17 363
chair 0.0063 -1 209 99 379
chair 0.0042 492 115 500 193
chair 0.0036 0 273 21 374
chair 0.0019 0 259 5 382
chair 0.0017 -2 186 61 349
chair 0.0014 495 150 500 188
chair 0.0014 3 193 91 256
chair 0.0013 0 226 6 343
chair 0.0012 482 75 500 198
chair 0.0011 1 278 45 371
chair 0.0011 445 302 500 375
diningtable 0.0171 3 282 175 375
diningtable 0.0011 33 286 306 375
diningtable 0.0011 0 224 338 378
person 0.0032 399 9 502 205
pottedplant 0.0071 381 12 486 202
sofa 0.4907 337 200 491 295
sofa 0.0025 404 220 500 282
sofa 0.0022 352 233 466 295
tvmonitor 0.8554 49 124 154 198
tvmonitor 0.0015 0 35 7 144
