chair 0.9884 366 66 449 179
chair 0.9882 -2 138 112 338
chair 0.9810 181 142 346 365
chair 0.9578 428 76 499 196
chair 0.7252 172 122 279 268
chair 0.5176 473 63 499 182
chair 0.1472 0 216 122 373
chair 0.0689 196 120 283 216
chair 0.0649 490 83 500 167
chair 0.0495 139 168 269 304
chair 0.0223 0 156 173 379
chair 0.0175 451 59 501 159
chair 0.0121 491 106 500 201
chair 0.0121 369 90 498 202
chair 0.0114 132 157 196 294
chair 0.0067 186 174 297 330
chair 0.0052 481 109 499 214
chair 0.0035 445 122 499 200
chair 0.0032 168 191 280 254
chair 0.0031 -1 206 120 266
chair 0.0030 0 234 119 297
chair 0.0026 0 163 17 340
chair 0.0025 -1 126 68 289
chair 0.0021 477 83 499 153
chair 0.0019 20 140 155 290
chair 0.0018 198 137 316 282
chair 0.0018 144 161 187 257
chair 0.0015 2 175 116 240
chair 0.0011 0 129 48 201
chair 0.0011 -2 205 65 358
chair 0.0011 495 120 500 160
chair 0.0010 171 160 278 227
chair 0.0010 494 106 500 146
diningtable 0.9423 58 140 289 350
diningtable 0.4755 371 80 502 190
diningtable 0.0111 -30 146 377 388
diningtable 0.0087 66 175 228 313
diningtable 0.0011 66 139 278 249
