bottle 0.4111 291 271 310 312
chair 0.9733 158 316 314 503
chair 0.9721 268 302 373 500
chair 0.8919 62 324 145 498
chair 0.8224 40 261 156 476
chair 0.2979 154 248 228 296
chair 0.1375 34 262 289 486
chair 0.0835 359 334 374 493
chair 0.0398 227 260 282 292
chair 0.0289 52 259 131 302
chair 0.0276 326 302 375 491
chair 0.0155 239 308 320 482
chair 0.0105 64 267 187 396
chair 0.0091 356 278 375 434
chair 0.0088 144 246 219 427
chair 0.0078 223 262 287 325
chair 0.0073 180 248 229 284
chair 0.0052 298 287 376 435
chair 0.0043 368 349 375 505
chair 0.0034 48 256 135 386
chair 0.0033 61 337 147 413
chair 0.0031 146 251 221 336
chair 0.0026 336 299 375 412
chair 0.0023 56 363 140 458
chair 0.0023 366 316 375 461
chair 0.0020 368 291 375 409
chair 0.0020 229 270 267 314
chair 0.0019 337 364 374 500
chair 0.0017 0 193 18 364
chair 0.0015 188 261 360 486
chair 0.0014 126 257 156 293
chair 0.0013 43 317 144 389
chair 0.0012 38 263 127 328
chair 0.0012 202 253 232 281
chair 0.0011 225 267 260 297
chair 0.0010 301 303 376 372
chair 0.0010 66 254 414 545
chair 0.0010 278 350 374 434
diningtable 0.9456 40 289 339 498
diningtable 0.0043 61 272 312 392
pottedplant 0.0082 207 80 272 139
pottedplant 0.0040 255 114 268 138
pottedplant 0.0026 219 86 250 114
pottedplant 0.0024 255 86 271 137
pottedplant 0.0012 218 86 259 155
