chair 0.5487 0 45 65 198
chair 0.0052 0 46 20 196
chair 0.0016 -6 27 36 216
chair 0.0013 -2 84 68 156
person 0.0219 -1 22 63 170
person 0.0074 0 7 24 122
person 0.0032 306 0 323 11
person 0.0015 478 102 499 285
person 0.0014 0 67 11 155
person 0.0013 481 146 499 357
pottedplant 0.9831 13 -1 116 137
pottedplant 0.9704 271 50 389 171
pottedplant 0.7089 92 61 189 160
pottedplant 0.2973 83 60 129 161
pottedplant 0.2640 141 32 190 105
pottedplant 0.1140 97 31 191 101
pottedplant 0.0880 155 40 201 118
pottedplant 0.0646 64 13 201 140
pottedplant 0.0294 113 71 173 151
pottedplant 0.0234 4 -7 186 162
pottedplant 0.0212 273 55 367 128
pottedplant 0.0121 124 37 201 147
pottedplant 0.0102 94 79 149 158
pottedplant 0.0053 33 19 140 160
pottedplant 0.0052 117 40 174 112
pottedplant 0.0050 40 9 88 124
pottedplant 0.0049 -1 -3 68 136
pottedplant 0.0036 130 85 187 154
pottedplant 0.0029 290 62 345 153
pottedplant 0.0019 17 69 187 176
pottedplant 0.0013 80 34 128 126
pottedplant 0.0012 7 11 48 119
pottedplant 0.0012 309 60 361 158
pottedplant 0.0011 26 24 73 129
sofa 0.7229 206 127 503 369
sofa 0.0024 234 185 482 308
tvmonitor 0.0088 468 17 501 82
