chair 0.0139 317 280 496 378
chair 0.0087 400 268 501 378
chair 0.0072 474 116 500 301
chair 0.0061 478 270 500 378
chair 0.0046 145 331 333 375
chair 0.0036 388 85 478 273
chair 0.0032 493 190 500 306
chair 0.0019 481 198 500 365
chair 0.0017 450 277 498 373
chair 0.0016 492 274 500 380
chair 0.0015 399 327 502 375
chair 0.0015 469 118 500 214
chair 0.0010 440 218 501 374
diningtable 0.0034 156 287 499 375
person 0.9980 221 90 287 267
person 0.0384 111 98 172 170
person 0.0051 144 110 173 156
person 0.0040 96 117 124 161
person 0.0034 122 114 174 152
person 0.0026 94 111 110 155
person 0.0026 223 108 262 250
person 0.0012 81 102 130 168
person 0.0011 210 114 237 248
pottedplant 0.0395 285 156 443 280
pottedplant 0.0033 86 42 163 84
pottedplant 0.0032 295 119 500 314
pottedplant 0.0011 277 165 361 283
tvmonitor 0.9674 68 83 196 182
tvmonitor 0.0068 51 44 216 211
tvmonitor 0.0022 109 100 204 169
tvmonitor 0.0012 139 99 186 170
