bicycle 0.0288 92 33 130 91
bicycle 0.0041 108 35 134 86
car 0.9687 76 35 430 327
car 0.9065 357 17 500 107
car 0.2022 377 23 483 81
car 0.0069 426 24 470 96
car 0.0040 439 15 506 86
car 0.0013 330 -7 504 144
car 0.0011 362 32 436 92
car 0.0010 405 9 500 62
chair 0.0025 488 56 500 116
person 0.9550 62 22 96 125
person 0.8407 458 -1 496 105
person 0.7582 376 13 396 44
person 0.6882 411 18 449 101
person 0.6072 313 7 343 66
person 0.2405 398 22 438 98
person 0.1859 173 17 200 55
person 0.0152 491 32 500 114
person 0.0040 376 14 390 35
person 0.0034 166 25 199 96
person 0.0027 477 27 499 120
person 0.0018 60 19 79 71
person 0.0017 493 -7 500 97
person 0.0017 43 16 62 45
person 0.0015 53 12 87 89
person 0.0014 414 9 439 40
person 0.0013 491 -8 500 56
person 0.0010 48 39 117 109
person 0.0010 55 22 72 79
