chair 0.6653 406 45 498 256
chair 0.4756 0 82 92 216
chair 0.0882 150 107 422 370
chair 0.0395 0 66 20 208
chair 0.0369 376 27 503 337
chair 0.0308 49 81 90 193
chair 0.0282 4 94 47 207
chair 0.0158 24 85 70 190
chair 0.0120 66 80 99 192
chair 0.0109 25 71 101 182
chair 0.0065 317 4 499 259
chair 0.0056 0 93 6 216
chair 0.0055 414 0 497 69
chair 0.0045 430 17 504 204
chair 0.0043 135 -4 505 325
chair 0.0022 0 114 18 242
chair 0.0014 427 105 505 284
chair 0.0011 0 134 5 233
chair 0.0010 153 184 348 302
diningtable 0.5599 0 96 91 224
diningtable 0.0025 -10 55 123 317
diningtable 0.0014 -2 113 70 188
person 0.9598 6 -2 416 379
person 0.1928 150 14 416 305
person 0.0622 104 110 397 369
person 0.0098 0 45 17 201
person 0.0055 146 132 354 241
person 0.0036 212 113 343 272
person 0.0013 91 159 329 269
person 0.0010 0 66 7 171
