bottle 0.3800 121 108 135 140
bottle 0.0103 149 362 263 375
bottle 0.0065 124 65 139 85
bottle 0.0037 121 110 138 165
bottle 0.0028 119 111 128 138
bottle 0.0020 122 65 141 96
bottle 0.0016 122 104 132 122
bottle 0.0014 0 352 8 376
bottle 0.0010 0 338 11 375
cat 0.0126 118 357 285 375
chair 0.0111 243 213 287 289
chair 0.0082 341 214 446 322
chair 0.0031 483 272 500 375
chair 0.0021 468 202 499 250
chair 0.0019 489 292 500 377
chair 0.0011 492 194 500 273
dog 0.0011 153 356 363 375
person 0.9964 157 62 252 332
person 0.9904 23 -2 152 387
person 0.9823 97 34 158 357
person 0.3070 0 218 28 373
person 0.2430 0 115 30 273
person 0.1104 0 100 46 316
person 0.0700 0 127 20 350
person 0.0177 481 193 499 370
person 0.0154 74 30 140 268
person 0.0151 2 114 29 151
person 0.0114 23 13 110 288
person 0.0108 53 46 202 377
person 0.0084 -1 116 28 186
person 0.0036 0 122 5 259
person 0.0024 144 50 188 312
person 0.0023 492 227 500 356
person 0.0021 17 101 154 274
person 0.0017 6 64 420 356
person 0.0016 5 84 85 307
person 0.0015 -61 4 256 374
person 0.0014 37 103 128 374
person 0.0012 151 77 181 254
person 0.0012 0 166 7 287
person 0.0012 446 202 499 362
person 0.0012 471 174 504 362
person 0.0011 82 37 129 119
person 0.0011 212 59 265 329
person 0.0010 0 113 8 195
sofa 0.0238 466 194 500 254
tvmonitor 0.0108 372 133 444 193
