bus 0.9456 1 3 206 485
bus 0.1764 355 189 374 226
bus 0.0021 19 176 183 317
bus 0.0019 -27 67 343 497
bus 0.0018 355 147 374 256
car 0.9801 290 219 323 249
car 0.8277 210 223 247 255
car 0.0593 206 234 224 278
car 0.0201 343 217 357 238
car 0.0127 209 226 228 259
car 0.0018 335 215 364 241
car 0.0015 187 230 224 280
car 0.0014 354 211 375 259
person 0.9866 319 215 350 308
person 0.9715 354 211 374 309
person 0.9277 265 224 297 342
person 0.1532 366 213 375 312
person 0.0305 273 220 309 307
person 0.0255 260 220 283 344
person 0.0212 281 227 302 281
person 0.0132 369 239 375 324
person 0.0069 344 213 369 306
person 0.0049 266 228 287 280
person 0.0033 371 237 375 290
person 0.0026 264 221 277 243
person 0.0022 359 216 374 375
person 0.0017 352 224 364 284
person 0.0015 263 219 279 271
person 0.0014 371 253 374 311
person 0.0010 342 224 393 296
