bottle 0.0011 262 491 291 500
diningtable 0.0718 60 442 310 500
diningtable 0.0074 29 414 293 492
diningtable 0.0066 119 472 298 500
diningtable 0.0020 132 450 285 495
diningtable 0.0011 125 390 310 493
person 0.9972 192 333 312 491
person 0.9922 61 323 118 435
person 0.9784 138 335 181 444
person 0.9335 2 345 44 439
person 0.9015 164 300 195 370
person 0.7821 193 307 230 366
person 0.6304 297 321 376 496
person 0.5017 189 340 250 478
person 0.4734 190 346 236 439
person 0.1637 18 304 56 403
person 0.0740 5 313 62 440
person 0.0420 0 304 17 337
person 0.0285 0 306 9 333
person 0.0267 0 302 15 408
person 0.0186 0 296 7 404
person 0.0175 60 317 94 399
person 0.0142 0 323 5 436
person 0.0140 54 316 82 431
person 0.0092 0 289 7 312
person 0.0087 0 338 19 447
person 0.0077 0 303 10 359
person 0.0051 91 490 162 500
person 0.0049 368 301 375 379
person 0.0045 256 491 327 500
person 0.0045 2 290 14 310
person 0.0041 0 281 5 308
person 0.0039 160 305 229 367
person 0.0038 15 315 52 367
person 0.0037 360 327 375 499
person 0.0033 369 319 375 421
person 0.0032 58 317 90 363
person 0.0029 211 299 224 321
person 0.0027 0 373 5 460
person 0.0027 223 312 386 495
person 0.0023 2 307 39 404
person 0.0022 200 304 237 341
person 0.0020 370 304 375 336
person 0.0019 26 303 64 374
person 0.0017 162 313 195 439
person 0.0017 185 298 238 418
person 0.0016 371 330 375 371
person 0.0015 370 326 375 487
person 0.0014 276 235 382 513
person 0.0014 358 281 375 431
person 0.0014 277 493 307 500
person 0.0013 17 300 128 439
person 0.0013 336 335 373 490
person 0.0013 215 345 240 393
person 0.0012 0 310 8 348
person 0.0012 217 304 236 339
person 0.0012 273 439 375 500
person 0.0011 0 282 9 323
person 0.0010 191 317 245 384
tvmonitor 0.0031 0 63 34 145
