chair 0.2857 280 -7 506 142
chair 0.0914 14 19 485 313
chair 0.0172 262 0 481 83
chair 0.0045 192 49 254 114
chair 0.0045 90 45 331 230
chair 0.0038 209 4 454 120
chair 0.0031 212 44 260 98
chair 0.0021 290 -8 509 45
chair 0.0021 134 42 289 138
chair 0.0020 241 17 495 262
chair 0.0017 130 1 450 174
chair 0.0016 447 0 498 42
chair 0.0013 142 120 351 212
chair 0.0011 275 1 397 37
person 0.8985 22 132 391 307
person 0.4844 3 57 492 329
person 0.0561 64 169 349 268
person 0.0129 233 86 498 302
person 0.0078 -7 153 213 329
person 0.0065 115 145 376 241
person 0.0045 55 154 293 235
person 0.0036 -1 183 500 346
person 0.0027 243 136 349 261
person 0.0027 86 192 403 294
