bus 0.9881 33 95 441 296
bus 0.0081 0 143 17 253
bus 0.0014 0 179 9 248
bus 0.0012 59 133 381 250
car 0.0026 0 214 3 239
person 0.9925 387 190 423 278
person 0.0175 492 314 500 334
person 0.0113 79 153 104 184
person 0.0051 72 151 110 195
person 0.0042 112 162 130 189
person 0.0038 480 215 500 335
person 0.0035 490 298 500 334
person 0.0027 77 161 122 189
person 0.0024 86 150 111 178
person 0.0022 374 201 442 268
person 0.0022 473 313 499 332
person 0.0015 449 315 501 332
person 0.0012 472 323 499 333
