chair 0.0797 174 244 233 293
chair 0.0134 224 229 301 273
chair 0.0039 245 241 302 272
chair 0.0030 0 262 28 359
chair 0.0019 231 245 280 278
chair 0.0018 175 232 321 319
chair 0.0017 183 241 298 292
person 0.0016 223 148 241 176
pottedplant 0.0463 48 220 72 308
pottedplant 0.0237 10 227 47 304
pottedplant 0.0032 0 223 27 339
pottedplant 0.0031 10 271 38 297
pottedplant 0.0030 34 250 47 265
pottedplant 0.0027 0 213 54 350
pottedplant 0.0020 0 263 4 293
pottedplant 0.0019 0 258 8 310
pottedplant 0.0019 35 214 68 299
pottedplant 0.0017 237 225 289 247
pottedplant 0.0016 2 269 27 300
pottedplant 0.0014 20 248 44 291
pottedplant 0.0013 43 278 69 306
pottedplant 0.0011 20 226 44 242
pottedplant 0.0010 24 274 39 294
sofa 0.9524 333 220 499 328
sofa 0.7911 332 287 501 373
sofa 0.0941 3 326 275 374
sofa 0.0245 396 302 499 374
sofa 0.0033 320 243 508 406
sofa 0.0031 338 328 492 373
sofa 0.0010 25 352 263 376
tvmonitor 0.0171 473 199 501 229
tvmonitor 0.0042 488 197 500 230
tvmonitor 0.0038 454 201 500 234
tvmonitor 0.0020 485 134 500 189
tvmonitor 0.0020 494 197 500 229
tvmonitor 0.0016 494 194 500 214
tvmonitor 0.0014 479 113 501 217
tvmonitor 0.0012 489 168 500 213
