bottle 0.0014 493 176 500 282
chair 0.0288 0 143 204 372
chair 0.0053 477 166 499 363
chair 0.0045 447 162 499 369
chair 0.0032 472 245 500 372
chair 0.0017 456 230 497 359
chair 0.0014 40 185 222 315
chair 0.0014 0 155 91 344
person 0.9955 286 112 436 273
person 0.9411 196 135 285 268
person 0.9162 87 132 230 269
person 0.0063 222 124 442 320
person 0.0035 293 112 499 335
person 0.0033 59 131 357 277
person 0.0016 72 148 180 285
person 0.0016 200 128 370 268
person 0.0015 483 133 499 336
person 0.0013 493 167 500 276
sofa 0.0396 33 148 393 304
sofa 0.0042 21 120 470 393
sofa 0.0021 114 199 381 303
