chair 0.0022 327 326 376 498
person 0.0067 364 491 374 500
person 0.0061 355 492 374 500
person 0.0013 344 493 370 500
person 0.0011 334 490 378 500
pottedplant 0.9719 61 360 147 454
pottedplant 0.0320 7 26 367 476
pottedplant 0.0043 6 182 129 325
pottedplant 0.0041 81 357 130 444
pottedplant 0.0026 7 133 252 450
pottedplant 0.0025 197 490 212 500
pottedplant 0.0023 2 152 142 429
pottedplant 0.0023 0 447 18 500
pottedplant 0.0021 0 487 8 500
pottedplant 0.0016 0 429 8 505
pottedplant 0.0013 37 494 57 500
pottedplant 0.0012 63 344 145 417
pottedplant 0.0011 0 174 72 347
