bottle 0.0135 417 0 457 17
bottle 0.0073 383 0 434 18
bottle 0.0046 336 1 453 32
bottle 0.0024 366 0 395 6
bottle 0.0022 364 0 416 18
bottle 0.0017 430 0 481 17
bottle 0.0016 350 -1 476 21
bottle 0.0015 346 0 395 17
bottle 0.0015 432 0 460 10
bottle 0.0012 432 1 459 28
bottle 0.0012 391 0 425 6
bottle 0.0011 382 0 434 9
bottle 0.0010 412 0 442 8
chair 0.0035 61 13 504 271
chair 0.0011 -7 2 212 113
dog 0.7493 18 51 480 332
dog 0.0325 -3 146 278 329
dog 0.0039 28 153 145 320
sofa 0.5549 -1 -2 345 87
sofa 0.0763 28 -4 460 127
sofa 0.0074 7 -2 490 233
sofa 0.0016 70 -1 420 42
