bottle 0.0030 415 47 434 86
bottle 0.0015 407 324 486 332
bottle 0.0010 419 316 475 333
chair 0.1002 20 155 119 270
chair 0.0460 0 118 91 276
chair 0.0040 446 61 501 256
chair 0.0036 479 73 500 244
chair 0.0027 256 144 477 334
chair 0.0022 6 130 171 305
chair 0.0020 67 117 289 312
diningtable 0.7406 -2 261 502 334
diningtable 0.0350 198 46 465 294
diningtable 0.0175 38 174 462 316
diningtable 0.0113 108 293 462 330
diningtable 0.0063 251 314 497 332
diningtable 0.0047 245 300 466 331
diningtable 0.0025 91 121 325 307
diningtable 0.0018 189 93 391 180
diningtable 0.0010 -2 213 495 367
diningtable 0.0010 201 67 452 167
person 0.9953 252 63 470 334
person 0.9935 96 47 299 300
person 0.9915 102 -1 195 162
person 0.9679 0 11 84 159
person 0.7195 448 -2 501 197
person 0.4598 0 66 91 280
person 0.0295 471 6 499 183
person 0.0248 -1 -9 64 252
person 0.0179 0 14 21 152
person 0.0122 467 6 501 82
person 0.0098 52 38 455 299
person 0.0085 455 31 495 159
person 0.0063 -1 122 64 299
person 0.0058 410 13 498 228
person 0.0058 0 48 7 149
person 0.0057 267 128 453 260
person 0.0054 315 -1 389 46
person 0.0054 4 43 175 291
person 0.0051 117 121 284 256
person 0.0048 98 1 157 141
person 0.0040 0 64 15 280
person 0.0038 -1 31 30 289
person 0.0034 108 0 134 33
person 0.0033 -5 -17 118 202
person 0.0027 312 0 391 91
person 0.0026 5 23 48 142
person 0.0021 371 -19 513 203
person 0.0020 -4 -1 29 169
person 0.0015 102 18 138 120
person 0.0015 0 16 6 105
person 0.0014 355 1 392 88
person 0.0012 0 189 15 335
person 0.0012 0 5 8 77
person 0.0011 -1 -3 21 93
person 0.0011 493 46 500 151
person 0.0010 7 257 180 331
pottedplant 0.0035 300 5 381 54
pottedplant 0.0014 310 22 371 50
