cat 0.9653 99 242 167 345
cat 0.0026 100 167 171 363
cat 0.0019 132 246 168 342
cat 0.0013 101 236 170 293
chair 0.0232 0 295 322 505
chair 0.0015 0 332 45 416
chair 0.0014 -2 287 49 461
chair 0.0010 17 62 357 515
pottedplant 0.2482 0 260 40 367
pottedplant 0.0132 0 254 24 345
pottedplant 0.0052 -2 267 47 439
pottedplant 0.0032 0 239 37 329
pottedplant 0.0021 184 223 194 234
pottedplant 0.0018 0 261 7 343
pottedplant 0.0017 0 254 19 415
pottedplant 0.0014 0 158 3 195
pottedplant 0.0013 0 148 5 225
sofa 0.1545 23 294 349 508
