chair 0.9492 24 95 190 480
chair 0.9412 291 0 333 216
chair 0.9380 142 87 297 392
chair 0.8979 0 0 91 167
chair 0.8757 0 12 34 237
chair 0.1716 320 3 334 210
chair 0.0307 149 101 286 256
chair 0.0288 0 230 11 480
chair 0.0271 105 -1 286 266
chair 0.0255 250 2 332 212
chair 0.0148 311 -6 337 220
chair 0.0137 0 1 18 211
chair 0.0118 322 80 334 239
chair 0.0116 289 0 332 11
chair 0.0103 0 52 35 429
chair 0.0102 89 16 342 412
chair 0.0083 44 168 177 340
chair 0.0075 -5 -10 84 352
chair 0.0072 326 57 334 200
chair 0.0054 297 0 333 98
chair 0.0054 328 23 334 178
chair 0.0049 314 0 334 9
chair 0.0046 127 156 270 337
chair 0.0031 0 -2 18 101
chair 0.0029 124 10 268 171
chair 0.0029 315 -5 334 103
chair 0.0028 221 0 298 10
chair 0.0027 291 0 318 7
chair 0.0027 262 0 321 9
chair 0.0026 -2 177 17 495
chair 0.0026 40 66 245 356
chair 0.0026 0 235 36 474
chair 0.0023 197 0 271 10
chair 0.0022 288 0 334 26
chair 0.0021 326 0 334 11
chair 0.0020 210 -2 341 23
chair 0.0019 159 199 284 366
chair 0.0019 0 122 13 436
chair 0.0019 199 0 337 123
chair 0.0017 -1 1 67 93
chair 0.0016 280 0 304 5
chair 0.0016 0 0 19 8
chair 0.0015 270 0 334 61
chair 0.0014 -4 20 24 343
chair 0.0014 0 -8 7 94
chair 0.0013 327 100 334 233
chair 0.0013 -8 146 87 505
chair 0.0013 328 -1 334 29
chair 0.0013 0 -2 41 144
chair 0.0012 0 284 7 436
chair 0.0012 289 25 319 187
chair 0.0012 327 -12 334 117
chair 0.0011 0 -1 6 29
chair 0.0010 49 0 118 60
diningtable 0.5362 138 0 339 197
diningtable 0.1883 0 68 332 505
diningtable 0.0223 56 72 283 354
diningtable 0.0157 97 -23 337 370
diningtable 0.0012 135 -6 305 70
diningtable 0.0011 83 180 251 321
