chair 0.9908 169 98 221 171
chair 0.8921 2 125 177 262
chair 0.8827 220 88 272 156
chair 0.3873 161 89 207 157
chair 0.0269 174 92 270 154
chair 0.0201 269 98 290 127
chair 0.0078 239 88 269 113
chair 0.0075 153 88 185 154
chair 0.0026 162 89 190 134
chair 0.0020 193 100 244 164
chair 0.0018 179 86 220 138
chair 0.0016 191 89 219 107
chair 0.0013 201 79 244 142
chair 0.0012 490 216 500 264
chair 0.0011 224 88 267 120
chair 0.0010 161 90 191 109
diningtable 0.3194 140 96 279 170
pottedplant 0.4459 377 299 495 332
pottedplant 0.1922 141 1 172 89
pottedplant 0.1749 45 64 66 92
pottedplant 0.1276 197 149 386 333
pottedplant 0.0525 223 179 343 321
pottedplant 0.0112 52 63 65 85
pottedplant 0.0094 0 154 9 210
pottedplant 0.0088 377 312 438 333
pottedplant 0.0041 492 143 500 195
pottedplant 0.0025 495 153 500 185
pottedplant 0.0024 0 154 4 184
pottedplant 0.0021 490 221 500 283
pottedplant 0.0021 141 -5 176 49
pottedplant 0.0018 0 129 7 196
pottedplant 0.0016 495 31 499 50
pottedplant 0.0016 436 301 495 332
pottedplant 0.0014 476 222 500 328
pottedplant 0.0014 396 278 500 330
pottedplant 0.0013 64 40 78 80
pottedplant 0.0013 222 209 429 325
pottedplant 0.0012 364 253 506 334
pottedplant 0.0012 312 311 477 334
pottedplant 0.0012 143 2 170 30
pottedplant 0.0012 140 -3 183 142
pottedplant 0.0012 49 51 69 86
pottedplant 0.0010 0 135 16 235
sofa 0.8182 177 117 477 321
sofa 0.0131 187 138 459 245
sofa 0.0071 212 183 441 302
tvmonitor 0.0024 83 51 96 71
