bottle 0.3502 304 212 328 281
bottle 0.1506 306 209 324 255
bottle 0.0243 253 195 270 247
bottle 0.0080 257 214 272 251
bottle 0.0027 22 316 80 333
bottle 0.0022 264 212 278 253
bottle 0.0018 295 208 315 245
bottle 0.0014 303 207 321 238
bottle 0.0011 247 205 275 264
chair 0.0080 481 216 500 332
chair 0.0072 0 271 50 333
chair 0.0069 0 250 192 335
chair 0.0032 0 292 91 332
chair 0.0025 -11 314 183 333
chair 0.0023 22 316 121 332
chair 0.0018 0 242 23 334
chair 0.0018 441 220 500 327
chair 0.0015 492 199 500 318
chair 0.0014 2 296 169 332
chair 0.0013 446 269 499 332
diningtable 0.9718 132 216 465 333
diningtable 0.0021 238 248 488 333
diningtable 0.0010 52 206 529 375
person 0.9971 342 148 414 276
person 0.9936 268 150 319 226
person 0.9890 63 179 175 323
person 0.9792 144 171 195 251
person 0.9777 370 89 500 232
person 0.9692 312 151 360 240
person 0.9362 400 139 497 335
person 0.7990 1 182 143 341
person 0.7925 87 166 127 232
person 0.1732 311 148 397 251
person 0.1201 143 166 490 333
person 0.0841 52 168 127 250
person 0.0655 106 178 182 301
person 0.0634 482 136 499 338
person 0.0471 142 178 182 291
person 0.0405 444 158 498 336
person 0.0211 0 180 18 344
person 0.0153 355 152 476 322
person 0.0140 145 168 208 302
person 0.0085 472 100 502 350
person 0.0068 481 84 498 263
person 0.0067 128 193 168 303
person 0.0063 0 201 6 304
person 0.0054 11 128 189 320
person 0.0049 49 161 286 333
person 0.0045 133 189 189 334
person 0.0043 0 184 55 336
person 0.0040 225 133 257 210
person 0.0037 17 172 180 272
person 0.0033 444 99 499 273
person 0.0033 82 167 165 258
person 0.0023 491 199 500 305
person 0.0019 307 183 503 342
person 0.0016 493 116 500 208
person 0.0016 0 167 5 273
person 0.0016 493 98 500 176
person 0.0015 285 129 454 313
person 0.0014 371 93 491 150
person 0.0012 -1 147 16 276
person 0.0012 304 158 367 284
person 0.0012 490 146 500 255
person 0.0010 327 145 375 229
person 0.0010 79 187 254 301
