car 0.9961 185 301 228 330
car 0.9939 259 292 310 329
car 0.9896 218 296 265 329
car 0.9792 6 310 76 333
car 0.8676 149 306 190 331
car 0.0225 136 310 158 331
car 0.0161 72 315 109 332
car 0.0085 83 311 133 333
car 0.0053 189 298 257 329
car 0.0042 0 314 9 332
car 0.0038 129 305 168 332
car 0.0034 0 323 10 334
car 0.0027 -10 313 137 333
car 0.0022 193 308 219 324
car 0.0020 27 311 59 333
car 0.0018 2 323 23 333
car 0.0016 119 311 140 332
car 0.0015 19 321 80 333
car 0.0015 145 309 172 332
car 0.0015 157 309 181 326
car 0.0015 130 313 150 331
car 0.0012 76 322 104 333
car 0.0012 0 312 25 332
car 0.0011 0 308 7 326
car 0.0010 0 309 12 335
car 0.0010 241 297 266 327
person 0.0014 107 311 132 332
person 0.0010 298 0 336 64
