chair 0.0015 4 158 91 345
chair 0.0010 15 171 188 318
diningtable 0.0033 55 286 437 373
person 0.9982 215 107 415 302
person 0.9948 23 61 195 330
person 0.0174 0 80 51 311
person 0.0133 0 126 14 349
person 0.0121 401 134 500 340
person 0.0066 0 171 5 297
person 0.0047 4 109 89 339
person 0.0045 0 80 20 280
person 0.0023 -2 93 26 354
person 0.0018 0 216 18 373
person 0.0012 47 84 196 240
pottedplant 0.2663 369 0 502 315
pottedplant 0.0250 401 113 500 334
pottedplant 0.0036 358 10 505 126
pottedplant 0.0023 433 55 502 307
pottedplant 0.0023 365 79 505 235
tvmonitor 0.0126 400 240 500 378
