boat 0.0025 470 122 498 145
boat 0.0018 468 134 498 145
bottle 0.0010 340 244 362 283
chair 0.5261 88 247 250 377
chair 0.0972 363 329 500 375
chair 0.0392 473 274 499 375
chair 0.0224 328 352 498 374
chair 0.0169 324 284 494 378
chair 0.0153 449 298 500 375
chair 0.0106 402 270 500 378
chair 0.0098 410 212 494 264
chair 0.0048 88 254 120 368
chair 0.0048 480 193 500 371
chair 0.0043 442 218 499 375
chair 0.0042 87 254 167 370
chair 0.0033 428 327 504 374
chair 0.0027 489 275 500 365
chair 0.0018 492 242 500 355
chair 0.0016 410 209 497 326
chair 0.0015 3 270 203 377
chair 0.0014 124 281 364 376
chair 0.0013 92 354 311 376
chair 0.0010 81 321 262 379
chair 0.0010 488 316 500 382
chair 0.0010 110 194 217 369
chair 0.0010 400 365 512 375
diningtable 0.9879 233 242 489 373
diningtable 0.0012 237 331 498 381
person 0.9955 109 142 298 370
person 0.2223 226 133 364 359
person 0.1232 248 154 358 263
person 0.0030 222 143 502 353
person 0.0022 57 114 518 377
person 0.0020 39 166 243 371
