bottle 0.0117 47 77 109 214
bottle 0.0010 106 137 129 204
chair 0.9850 148 192 270 347
chair 0.0053 214 196 268 345
chair 0.0026 77 10 188 233
chair 0.0026 155 276 266 358
chair 0.0025 -2 323 94 359
chair 0.0024 256 196 268 343
chair 0.0024 186 193 257 324
chair 0.0022 0 317 50 360
chair 0.0022 91 34 174 157
chair 0.0021 -3 339 115 360
chair 0.0020 0 311 27 362
chair 0.0016 130 320 263 361
chair 0.0016 39 323 136 359
chair 0.0013 0 322 14 361
chair 0.0012 235 233 268 358
chair 0.0012 256 261 268 360
chair 0.0011 0 283 14 366
chair 0.0010 0 304 4 367
diningtable 0.0889 28 319 240 361
diningtable 0.0140 -1 321 146 361
diningtable 0.0070 29 218 240 359
diningtable 0.0045 3 278 138 357
diningtable 0.0027 56 340 179 359
diningtable 0.0026 21 293 207 357
diningtable 0.0026 70 214 199 312
diningtable 0.0023 23 277 244 421
diningtable 0.0018 96 341 222 360
diningtable 0.0012 7 218 258 481
diningtable 0.0010 -3 231 142 386
dog 0.0026 197 318 266 360
pottedplant 0.4031 2 216 131 353
pottedplant 0.0030 0 237 14 357
pottedplant 0.0021 86 224 128 281
pottedplant 0.0014 0 230 31 364
pottedplant 0.0012 0 275 112 356
pottedplant 0.0012 -1 227 72 348
pottedplant 0.0012 0 230 26 309
pottedplant 0.0011 0 197 12 315
