bicycle 0.8586 100 148 341 432
bicycle 0.0056 159 169 324 333
bicycle 0.0035 2 -6 222 55
bicycle 0.0012 188 119 340 382
bicycle 0.0010 75 245 310 407
bicycle 0.0010 5 1 170 94
car 0.0096 0 0 19 6
car 0.0026 0 0 8 7
car 0.0013 -2 0 47 9
chair 0.0014 158 4 328 95
motorbike 0.5762 18 211 318 434
motorbike 0.0169 2 1 138 47
motorbike 0.0114 65 0 132 12
motorbike 0.0062 17 0 147 27
motorbike 0.0026 51 254 234 403
motorbike 0.0024 53 -1 190 24
motorbike 0.0016 75 206 255 373
motorbike 0.0013 1 177 184 464
person 0.9612 25 102 251 409
person 0.2909 95 89 278 336
person 0.1324 96 87 244 242
person 0.0335 -6 2 121 46
person 0.0064 57 0 129 12
person 0.0039 51 167 225 328
person 0.0012 92 0 118 7
person 0.0010 3 -1 67 30
person 0.0010 27 0 107 12
