car 0.9294 139 0 502 56
car 0.0044 55 0 87 4
car 0.0030 49 0 76 4
car 0.0030 0 0 28 5
car 0.0029 220 1 450 44
car 0.0023 328 0 498 51
car 0.0022 80 0 170 45
car 0.0016 70 -4 363 53
car 0.0014 10 0 36 4
car 0.0011 0 0 12 6
car 0.0010 182 18 471 127
motorbike 0.7655 180 123 402 288
motorbike 0.0019 220 99 340 273
motorbike 0.0011 114 36 534 314
person 0.9924 170 30 344 278
person 0.0025 489 0 499 22
person 0.0016 478 0 497 20
person 0.0015 487 0 500 10
person 0.0014 476 0 497 10
person 0.0012 180 47 379 179
person 0.0012 23 3 481 295
person 0.0010 488 -1 500 42
