car 0.7470 56 251 111 310
car 0.0045 0 247 34 278
car 0.0042 83 248 162 312
car 0.0020 0 249 7 278
car 0.0019 0 258 5 288
car 0.0011 52 215 114 343
horse 0.9805 104 84 317 505
person 0.0525 29 235 44 276
person 0.0228 84 236 95 257
person 0.0174 30 237 43 258
person 0.0158 357 158 374 284
person 0.0082 69 237 79 260
person 0.0069 96 237 107 255
person 0.0055 42 237 54 257
person 0.0048 355 194 374 362
person 0.0046 40 236 55 274
person 0.0045 78 236 86 259
person 0.0026 365 175 374 236
person 0.0013 367 169 375 280
