bottle 0.9930 1 248 65 376
bottle 0.0023 0 275 6 380
bottle 0.0023 0 248 21 373
bottle 0.0014 0 149 17 297
bottle 0.0014 0 243 10 325
car 0.0017 219 327 506 377
chair 0.0022 453 93 497 151
diningtable 0.0044 59 331 441 377
diningtable 0.0010 39 296 390 374
person 0.9742 350 47 476 319
person 0.0227 470 91 499 266
person 0.0043 483 95 500 154
person 0.0026 473 93 500 180
person 0.0014 445 109 500 305
person 0.0014 455 98 499 203
person 0.0013 354 51 472 192
person 0.0013 202 38 607 333
pottedplant 0.0194 373 2 501 93
