aeroplane 0.9708 93 176 190 233
aeroplane 0.0043 107 188 258 232
aeroplane 0.0030 81 158 255 230
car 0.2067 176 202 254 235
car 0.0014 212 206 255 232
person 0.6878 289 273 447 377
person 0.1004 27 269 241 377
person 0.0039 352 276 514 377
person 0.0038 107 252 220 371
person 0.0038 164 217 173 234
person 0.0035 479 272 500 376
person 0.0031 1 276 48 374
person 0.0029 492 353 500 376
person 0.0028 490 364 500 375
person 0.0022 490 319 500 379
person 0.0021 157 279 422 376
person 0.0019 474 338 500 375
person 0.0019 473 367 499 375
person 0.0019 -1 273 24 376
person 0.0016 -12 279 141 377
person 0.0015 2 327 90 376
person 0.0014 488 346 500 379
person 0.0012 56 261 357 391
person 0.0012 448 302 498 375
person 0.0010 448 353 501 374
person 0.0010 444 366 505 375
