cat 0.0013 435 245 500 373
chair 0.0035 11 181 333 371
chair 0.0012 123 217 367 378
diningtable 0.0292 -2 183 205 373
diningtable 0.0021 8 218 334 378
diningtable 0.0013 -2 278 204 376
person 0.9941 89 65 173 236
person 0.9639 376 1 498 270
person 0.0090 0 91 17 268
person 0.0047 404 73 500 343
person 0.0025 0 38 18 207
person 0.0016 484 73 500 316
person 0.0016 61 59 214 251
person 0.0015 -1 73 60 287
person 0.0015 0 117 8 205
person 0.0014 0 78 6 173
person 0.0013 436 0 502 302
person 0.0012 -4 72 27 316
person 0.0011 470 32 504 357
pottedplant 0.0185 272 0 296 11
pottedplant 0.0087 263 0 303 17
pottedplant 0.0075 228 0 262 4
pottedplant 0.0012 219 0 271 6
pottedplant 0.0012 281 0 344 19
sofa 0.8885 171 57 492 261
sofa 0.0150 310 48 500 318
sofa 0.0067 200 123 459 242
sofa 0.0033 129 49 525 381
