chair 0.0143 0 0 53 66
chair 0.0027 0 -2 9 45
chair 0.0017 -1 -1 29 32
chair 0.0015 0 3 27 82
chair 0.0012 393 6 477 111
chair 0.0011 0 14 5 42
diningtable 0.8214 17 12 480 326
diningtable 0.0031 94 15 332 108
diningtable 0.0023 133 85 436 343
person 0.9864 291 -2 422 87
person 0.9364 29 -3 170 116
person 0.9343 180 0 300 46
person 0.7758 435 -6 499 353
person 0.2147 417 -5 498 195
person 0.2145 425 2 502 87
person 0.2141 432 0 498 43
person 0.1521 0 0 58 346
person 0.1323 1 0 81 190
person 0.1277 -4 5 123 330
person 0.0927 380 42 499 337
person 0.0181 -2 8 28 339
person 0.0161 430 0 486 22
person 0.0157 280 0 307 7
person 0.0147 155 0 181 6
person 0.0133 471 2 503 344
person 0.0131 226 0 327 43
person 0.0131 486 32 500 313
person 0.0118 289 0 334 44
person 0.0118 125 0 312 64
person 0.0098 -3 0 140 87
person 0.0092 277 0 324 57
person 0.0087 288 0 315 6
person 0.0082 272 -30 448 111
person 0.0076 55 0 157 62
person 0.0074 0 88 17 308
person 0.0070 0 0 44 20
person 0.0062 156 0 198 19
person 0.0061 258 0 303 44
person 0.0056 287 0 337 8
person 0.0051 137 0 185 61
person 0.0049 0 0 89 63
person 0.0046 15 4 117 157
person 0.0045 -1 0 10 8
person 0.0045 180 0 391 68
person 0.0042 15 0 69 20
person 0.0040 0 0 28 7
person 0.0040 15 47 245 337
person 0.0039 390 0 443 17
person 0.0039 155 0 182 32
person 0.0038 210 2 268 52
person 0.0038 377 0 439 9
person 0.0034 106 0 182 38
person 0.0034 162 0 191 7
person 0.0034 481 18 500 146
person 0.0029 23 0 111 37
person 0.0026 286 0 388 41
person 0.0025 145 0 174 5
person 0.0025 32 0 91 18
person 0.0024 473 2 500 85
person 0.0024 431 0 484 9
person 0.0024 0 0 63 39
person 0.0023 -1 0 66 117
person 0.0023 1 0 45 9
person 0.0023 120 0 176 20
person 0.0021 258 0 307 8
person 0.0021 156 0 203 59
person 0.0021 402 0 451 9
person 0.0020 134 0 182 8
person 0.0020 93 -2 186 95
person 0.0019 3 154 190 335
person 0.0019 413 0 461 18
person 0.0017 65 12 273 110
person 0.0017 157 2 253 54
person 0.0015 0 0 9 18
person 0.0015 15 0 70 9
person 0.0015 163 0 210 9
person 0.0015 24 7 235 165
person 0.0014 430 0 463 6
person 0.0014 184 0 284 17
person 0.0014 259 9 624 324
person 0.0014 0 151 8 251
person 0.0013 39 0 104 9
person 0.0013 172 0 202 7
person 0.0013 -7 102 120 230
person 0.0012 132 0 165 6
person 0.0012 26 0 79 30
person 0.0012 492 41 500 130
person 0.0011 141 0 221 42
person 0.0011 471 0 500 7
person 0.0011 379 4 502 117
person 0.0011 64 0 135 17
person 0.0011 277 0 305 32
person 0.0011 384 97 503 235
person 0.0010 0 33 17 208
person 0.0010 444 22 497 114
person 0.0010 241 -10 420 54
