bird 0.0024 484 291 500 331
bird 0.0017 474 299 500 334
dog 0.9957 57 58 316 266
dog 0.4304 66 0 144 31
dog 0.2060 0 0 24 34
dog 0.1327 -1 -1 133 34
dog 0.1191 -2 0 47 32
dog 0.0126 65 0 219 32
dog 0.0058 0 0 51 59
dog 0.0045 0 0 14 18
dog 0.0031 -8 -6 201 40
dog 0.0030 -30 2 57 34
dog 0.0025 0 0 23 9
dog 0.0019 95 124 305 252
dog 0.0018 -9 -2 132 74
dog 0.0018 -6 0 71 19
dog 0.0013 14 -1 249 68
dog 0.0013 24 12 480 273
dog 0.0012 0 0 34 21
dog 0.0011 0 2 12 52
dog 0.0010 0 3 24 85
person 0.2991 80 0 136 30
person 0.0011 478 221 500 330
