bottle 0.5264 119 230 220 494
bottle 0.3069 113 12 225 485
bottle 0.1169 34 0 296 499
bottle 0.0063 118 165 220 325
bottle 0.0062 120 1 215 120
bottle 0.0057 0 50 35 314
bottle 0.0056 2 197 327 525
bottle 0.0047 0 412 39 486
bottle 0.0039 0 69 16 294
bottle 0.0018 0 6 12 243
bottle 0.0017 103 0 278 343
bottle 0.0016 -2 53 21 424
bottle 0.0014 104 287 275 500
bottle 0.0012 0 131 14 386
bottle 0.0011 7 0 220 265
bottle 0.0010 0 416 34 460
diningtable 0.0041 3 249 327 542
diningtable 0.0037 69 374 267 506
diningtable 0.0016 56 441 278 507
person 0.4437 88 -7 347 507
person 0.0399 200 10 335 491
