dog 0.0252 85 205 138 225
dog 0.0054 48 189 72 215
dog 0.0033 46 186 92 215
dog 0.0030 37 208 87 230
horse 0.9843 186 150 331 248
horse 0.0043 103 128 340 256
horse 0.0013 435 188 460 224
horse 0.0011 201 140 279 201
person 0.9966 219 106 257 208
person 0.9840 89 151 112 215
person 0.9755 56 154 87 213
person 0.9617 412 164 436 222
person 0.9450 359 165 387 221
person 0.9144 455 171 484 222
person 0.6959 134 152 167 220
person 0.1138 66 152 97 214
person 0.0066 204 124 273 191
person 0.0040 233 109 271 207
person 0.0031 33 158 100 209
person 0.0031 436 172 473 221
person 0.0030 138 152 160 186
person 0.0029 50 163 94 200
person 0.0020 474 167 500 227
person 0.0017 108 155 182 216
person 0.0016 63 154 83 186
person 0.0016 340 169 410 219
person 0.0015 336 167 376 223
person 0.0015 493 168 500 234
person 0.0013 425 168 443 222
person 0.0012 83 157 103 207
person 0.0012 412 162 436 190
person 0.0011 405 175 446 212
person 0.0010 350 175 393 212
