bird 0.0051 486 227 500 270
bird 0.0029 489 234 499 261
boat 0.0297 -8 121 279 373
boat 0.0081 0 242 270 371
boat 0.0060 74 287 426 372
boat 0.0021 486 97 500 139
boat 0.0019 98 175 395 365
boat 0.0010 493 120 499 144
chair 0.4173 290 235 454 375
chair 0.0076 367 228 457 364
chair 0.0024 406 247 499 374
chair 0.0021 391 224 436 312
chair 0.0017 301 308 445 370
chair 0.0017 473 272 499 375
chair 0.0015 186 284 478 372
chair 0.0013 352 189 435 348
chair 0.0012 348 271 512 377
chair 0.0011 407 234 450 328
person 0.9925 123 125 279 374
person 0.9920 297 177 417 360
person 0.0031 -35 108 371 386
person 0.0024 319 185 420 297
person 0.0019 479 133 499 284
person 0.0015 274 193 400 306
person 0.0014 117 138 206 342
person 0.0012 492 149 500 245
person 0.0010 75 153 576 395
sofa 0.5666 246 143 348 209
train 0.0042 223 145 353 217
