bottle 0.0217 493 61 500 88
bottle 0.0062 490 52 500 97
bottle 0.0025 493 42 499 79
bottle 0.0018 490 75 500 160
bottle 0.0014 258 37 310 71
bottle 0.0012 492 94 499 127
chair 0.7742 0 72 66 260
chair 0.4779 350 69 425 124
chair 0.3468 197 51 251 193
chair 0.1770 438 122 499 204
chair 0.1527 219 100 498 383
chair 0.1230 112 53 182 104
chair 0.1157 57 54 106 98
chair 0.0818 384 173 490 238
chair 0.0441 391 161 503 317
chair 0.0388 302 29 324 66
chair 0.0268 439 121 501 296
chair 0.0223 416 38 451 127
chair 0.0208 220 74 253 196
chair 0.0194 0 44 14 91
chair 0.0191 480 158 500 318
chair 0.0166 441 178 501 383
chair 0.0160 333 47 423 138
chair 0.0157 0 79 18 282
chair 0.0156 313 175 497 374
chair 0.0140 51 36 92 97
chair 0.0137 476 82 500 124
chair 0.0132 185 51 229 86
chair 0.0125 310 28 332 67
chair 0.0120 320 28 335 65
chair 0.0115 408 119 501 240
chair 0.0110 14 179 249 371
chair 0.0109 370 87 510 350
chair 0.0098 193 53 245 133
chair 0.0092 487 69 500 125
chair 0.0062 443 100 499 176
chair 0.0056 0 45 10 119
chair 0.0056 0 33 20 124
chair 0.0053 330 188 489 304
chair 0.0051 0 38 18 206
chair 0.0043 328 32 391 49
chair 0.0042 -3 61 29 299
chair 0.0040 479 209 500 379
chair 0.0040 0 160 16 343
chair 0.0030 3 37 50 94
chair 0.0030 0 132 6 249
chair 0.0027 444 142 497 243
chair 0.0025 467 110 505 336
chair 0.0023 103 64 184 179
chair 0.0022 324 31 374 58
chair 0.0020 268 36 313 70
chair 0.0020 392 37 436 124
chair 0.0020 478 84 499 187
chair 0.0019 153 73 249 196
chair 0.0019 0 49 7 158
chair 0.0018 0 40 7 68
chair 0.0016 0 29 10 79
chair 0.0015 202 219 458 332
chair 0.0014 486 179 500 273
chair 0.0012 430 35 473 128
chair 0.0012 0 109 53 338
chair 0.0012 237 70 322 201
chair 0.0011 107 50 149 104
chair 0.0010 365 233 503 369
chair 0.0010 467 198 505 388
chair 0.0010 292 35 315 69
diningtable 0.5624 63 31 511 353
diningtable 0.4651 323 42 418 85
diningtable 0.4574 32 80 175 185
diningtable 0.4445 16 61 250 332
diningtable 0.0552 449 64 498 125
diningtable 0.0422 325 36 419 123
diningtable 0.0333 4 298 254 374
diningtable 0.0276 45 54 455 203
diningtable 0.0250 33 291 461 377
diningtable 0.0245 19 54 238 199
diningtable 0.0232 -3 154 502 390
diningtable 0.0149 244 105 484 203
diningtable 0.0095 46 97 140 177
diningtable 0.0086 475 61 498 126
diningtable 0.0058 448 82 499 159
diningtable 0.0054 440 58 501 186
diningtable 0.0053 445 79 491 116
diningtable 0.0038 39 131 231 250
diningtable 0.0034 15 329 328 375
diningtable 0.0028 329 51 392 83
diningtable 0.0025 322 41 482 151
diningtable 0.0025 4 240 191 372
diningtable 0.0024 340 121 455 178
diningtable 0.0024 95 105 407 205
diningtable 0.0022 -8 291 143 374
diningtable 0.0020 179 69 484 234
diningtable 0.0019 39 185 230 306
diningtable 0.0015 249 164 470 271
diningtable 0.0014 81 246 415 367
diningtable 0.0014 -13 56 131 320
diningtable 0.0014 75 103 259 206
diningtable 0.0013 478 75 498 168
diningtable 0.0012 -3 98 132 211
diningtable 0.0012 465 84 502 122
diningtable 0.0012 456 93 496 126
diningtable 0.0010 294 43 506 213
person 0.9868 17 71 248 366
person 0.9816 164 68 479 372
person 0.9813 254 8 311 72
person 0.9647 449 26 490 82
person 0.9599 115 7 181 67
person 0.9429 156 -1 182 40
person 0.4248 50 0 83 68
person 0.1400 214 20 259 55
person 0.1350 488 24 500 81
person 0.0671 210 13 258 86
person 0.0344 473 21 500 83
person 0.0214 491 23 499 52
person 0.0196 132 5 183 43
person 0.0155 0 0 26 72
person 0.0142 198 30 250 95
person 0.0140 36 148 232 283
person 0.0137 448 35 495 126
person 0.0110 0 0 14 49
person 0.0096 1 0 54 96
person 0.0077 111 19 185 106
person 0.0073 55 -1 84 41
person 0.0053 478 33 499 127
person 0.0047 0 -1 15 25
person 0.0047 0 34 17 180
person 0.0046 492 35 499 71
person 0.0044 0 0 7 79
person 0.0039 35 -2 97 102
person 0.0033 0 0 23 35
person 0.0030 0 -1 12 11
person 0.0028 1 0 25 9
person 0.0028 489 0 500 50
person 0.0023 217 16 308 78
person 0.0021 437 3 502 103
person 0.0019 194 14 254 61
person 0.0017 215 19 241 47
person 0.0014 -18 58 138 372
person 0.0013 134 3 162 35
person 0.0013 243 8 316 118
person 0.0012 26 5 102 62
person 0.0012 119 7 163 42
person 0.0012 476 18 500 47
person 0.0011 218 -2 360 86
person 0.0011 160 3 177 30
person 0.0011 60 5 104 96
person 0.0011 2 0 42 22
person 0.0010 158 3 193 63
person 0.0010 -2 -8 124 94
pottedplant 0.3036 21 4 66 64
pottedplant 0.0154 6 0 56 50
pottedplant 0.0060 6 0 83 97
pottedplant 0.0028 471 0 500 36
pottedplant 0.0021 451 -6 498 51
pottedplant 0.0019 285 0 336 34
pottedplant 0.0018 489 -4 500 42
pottedplant 0.0011 273 0 359 42
pottedplant 0.0010 30 0 56 51
