bird 0.9817 108 202 267 361
bird 0.9739 238 213 415 373
bird 0.9495 369 103 468 226
bird 0.9336 280 119 328 219
bird 0.8155 -2 186 129 301
bird 0.6827 356 68 402 124
bird 0.4796 32 110 168 218
bird 0.0947 8 117 167 307
bird 0.0832 340 99 399 173
bird 0.0153 -1 206 109 271
bird 0.0133 353 74 428 136
bird 0.0066 343 62 409 156
bird 0.0046 329 219 417 370
bird 0.0037 -3 231 106 295
bird 0.0036 362 72 394 108
bird 0.0033 340 81 443 194
bird 0.0031 392 101 470 148
bird 0.0029 338 104 416 225
bird 0.0026 339 32 474 232
bird 0.0024 450 327 498 375
bird 0.0021 -10 166 134 377
bird 0.0019 355 68 380 99
bird 0.0017 405 330 500 374
bird 0.0016 345 92 437 150
bird 0.0015 299 102 452 219
bird 0.0013 361 105 472 165
bird 0.0010 354 100 403 137
chair 0.0047 2 0 44 19
chair 0.0046 46 0 95 22
chair 0.0027 0 0 27 9
chair 0.0022 0 0 11 9
chair 0.0017 24 0 80 23
chair 0.0015 0 0 11 19
chair 0.0015 64 0 115 20
chair 0.0014 3 1 93 38
