bottle 0.5086 187 193 214 260
chair 0.7496 366 230 500 380
chair 0.6879 0 216 101 373
chair 0.4539 380 189 454 343
chair 0.3701 38 297 297 376
chair 0.1840 5 187 349 369
chair 0.1087 133 164 184 226
chair 0.0687 71 177 142 275
chair 0.0642 325 163 391 222
chair 0.0610 340 207 455 378
chair 0.0310 437 217 501 375
chair 0.0228 -4 220 193 370
chair 0.0123 478 220 499 370
chair 0.0123 94 329 307 374
chair 0.0121 488 182 500 243
chair 0.0121 318 170 390 304
chair 0.0114 266 176 477 375
chair 0.0085 55 216 297 342
chair 0.0054 480 180 500 324
chair 0.0048 403 192 501 344
chair 0.0043 492 261 500 351
chair 0.0037 483 153 500 264
chair 0.0035 242 155 271 197
chair 0.0026 313 222 399 368
chair 0.0025 294 167 333 222
chair 0.0022 468 186 505 376
chair 0.0018 451 212 498 322
chair 0.0016 244 153 300 183
chair 0.0015 270 168 319 246
chair 0.0014 286 181 390 351
chair 0.0014 -57 108 408 384
chair 0.0012 328 180 386 262
chair 0.0012 222 155 267 206
chair 0.0012 403 186 454 292
chair 0.0012 180 153 220 239
chair 0.0011 149 150 419 351
chair 0.0010 96 218 187 343
diningtable 0.9634 82 187 397 364
diningtable 0.0038 64 291 420 375
diningtable 0.0023 96 196 347 306
