person 0.1520 477 22 499 143
person 0.0842 476 0 500 90
person 0.0182 0 3 27 109
person 0.0162 12 0 73 18
person 0.0120 0 0 45 89
person 0.0108 0 0 29 21
person 0.0093 472 26 503 215
person 0.0059 41 0 122 16
person 0.0054 -4 -3 134 83
person 0.0050 -1 -2 30 43
person 0.0046 482 29 500 91
person 0.0046 0 0 92 35
person 0.0042 0 0 46 27
person 0.0037 70 0 169 7
person 0.0034 0 -6 56 170
person 0.0031 2 0 170 16
person 0.0026 -14 -13 140 192
person 0.0023 490 35 500 135
person 0.0023 6 5 176 111
person 0.0021 445 39 500 228
person 0.0020 488 0 500 83
person 0.0016 478 46 498 110
person 0.0014 0 12 18 179
person 0.0011 96 0 200 6
person 0.0011 16 1 155 33
person 0.0011 0 0 27 8
person 0.0010 108 0 151 4
person 0.0010 24 -2 235 76
person 0.0010 454 2 498 85
sheep 0.9554 0 52 288 336
sheep 0.9375 241 43 499 337
sheep 0.0301 9 15 491 319
sheep 0.0065 2 52 196 232
sheep 0.0027 166 30 416 306
sheep 0.0027 367 1 506 79
sheep 0.0013 370 48 510 335
sheep 0.0013 21 112 249 215
sheep 0.0011 4 93 128 225
