bottle 0.0044 295 214 313 253
bottle 0.0014 258 218 273 248
chair 0.0366 439 245 501 374
chair 0.0165 0 213 26 349
chair 0.0137 0 218 91 374
chair 0.0060 474 246 499 374
chair 0.0059 0 208 53 356
chair 0.0048 446 301 500 375
chair 0.0020 372 243 505 368
chair 0.0020 406 328 498 375
chair 0.0010 -4 162 129 382
diningtable 0.9693 65 240 453 372
person 0.9969 224 94 293 207
person 0.9947 215 159 263 246
person 0.9940 269 166 319 247
person 0.9871 369 109 443 254
person 0.9871 309 165 377 262
person 0.9860 99 81 150 165
person 0.9851 195 95 231 199
person 0.9841 170 160 216 247
person 0.9739 153 104 196 197
person 0.9510 342 105 381 202
person 0.9367 290 112 354 211
person 0.7560 18 96 105 317
person 0.7288 87 123 135 206
person 0.6890 95 152 164 272
person 0.3128 81 121 136 268
person 0.0834 27 102 99 230
person 0.0337 12 89 167 345
person 0.0162 0 180 25 325
person 0.0107 117 159 164 235
person 0.0106 83 136 169 365
person 0.0087 41 108 130 281
person 0.0052 267 167 366 250
person 0.0040 326 108 381 245
person 0.0023 84 94 137 176
person 0.0020 0 193 7 290
person 0.0020 0 156 94 348
person 0.0020 116 161 205 259
person 0.0019 178 159 268 236
person 0.0019 38 100 95 176
person 0.0018 294 111 344 168
person 0.0016 137 162 161 203
person 0.0015 46 96 122 209
person 0.0015 45 128 224 366
person 0.0014 188 91 226 162
person 0.0014 66 102 104 200
person 0.0012 155 111 209 248
person 0.0010 0 149 22 269
