bottle 0.0014 398 100 415 136
bottle 0.0012 381 96 396 130
bottle 0.0011 372 94 390 130
chair 0.9931 110 173 212 330
chair 0.9912 275 221 435 376
chair 0.9671 278 158 349 287
chair 0.6174 135 143 226 278
chair 0.0649 139 142 197 169
chair 0.0513 2 332 126 375
chair 0.0267 140 172 288 314
chair 0.0250 307 158 350 195
chair 0.0165 106 158 190 266
chair 0.0152 210 156 270 291
chair 0.0121 106 202 213 270
chair 0.0094 307 208 486 350
chair 0.0088 244 157 313 289
chair 0.0069 139 144 190 241
chair 0.0056 310 155 349 265
chair 0.0045 113 173 169 244
chair 0.0044 239 150 278 270
chair 0.0042 358 174 514 376
chair 0.0038 155 149 203 266
chair 0.0027 3 295 185 376
chair 0.0019 486 120 500 142
chair 0.0018 439 158 502 377
chair 0.0018 255 150 296 270
chair 0.0017 0 269 95 375
chair 0.0012 9 327 249 379
chair 0.0012 481 167 500 366
chair 0.0011 289 199 441 303
chair 0.0010 281 266 426 322
diningtable 0.9206 117 162 393 339
diningtable 0.0136 110 209 456 379
diningtable 0.0061 192 162 374 281
diningtable 0.0028 57 133 503 358
diningtable 0.0017 127 206 303 333
