bus 0.0065 32 -5 379 41
car 0.0845 25 0 183 35
car 0.0245 1 1 97 38
car 0.0182 1 0 46 41
car 0.0097 1 -2 265 39
car 0.0082 0 0 26 34
car 0.0034 16 0 329 63
car 0.0012 -32 -8 159 40
car 0.0011 0 0 13 42
car 0.0011 29 -1 218 22
horse 0.9717 41 52 385 270
horse 0.0012 220 67 363 210
horse 0.0010 77 90 346 196
person 0.7150 208 25 369 209
person 0.0774 215 0 240 19
person 0.0176 191 0 241 19
person 0.0027 0 0 26 90
person 0.0027 121 11 390 181
person 0.0019 154 1 201 27
person 0.0017 153 0 248 32
person 0.0015 211 0 275 19
person 0.0014 164 0 227 21
pottedplant 0.1689 213 222 266 269
pottedplant 0.0017 207 177 276 268
pottedplant 0.0015 210 213 300 266
