chair 0.0408 176 113 475 372
chair 0.0018 318 106 490 377
person 0.9917 0 131 187 379
person 0.9721 157 35 417 381
person 0.9577 30 55 212 258
person 0.2677 -1 53 33 309
person 0.2095 315 43 489 382
person 0.1591 108 31 320 346
person 0.0331 0 86 19 359
person 0.0201 137 56 227 303
person 0.0197 0 13 49 263
person 0.0119 0 36 25 239
person 0.0101 1 73 48 400
person 0.0052 4 66 39 235
person 0.0042 46 114 292 383
person 0.0037 -19 45 153 268
person 0.0031 91 86 198 272
person 0.0025 160 147 347 281
person 0.0022 178 59 233 130
person 0.0021 2 77 90 371
person 0.0020 158 57 246 216
person 0.0020 483 101 500 318
person 0.0019 0 153 9 271
person 0.0016 29 89 148 234
person 0.0015 494 177 500 304
person 0.0014 7 114 38 329
person 0.0014 2 32 88 244
person 0.0013 8 156 181 282
person 0.0013 0 185 16 377
person 0.0012 0 0 20 187
person 0.0010 322 149 486 280
person 0.0010 -6 -43 30 232
person 0.0010 -58 44 253 390
sofa 0.0787 136 107 443 374
sofa 0.0516 18 11 480 315
