car 0.0888 367 230 374 261
car 0.0140 359 228 374 262
car 0.0075 348 212 362 226
car 0.0056 371 216 375 256
car 0.0028 368 206 375 265
car 0.0027 334 213 363 232
car 0.0021 372 205 375 245
car 0.0012 361 239 372 263
pottedplant 0.9739 15 113 85 207
pottedplant 0.9449 0 110 23 205
pottedplant 0.8893 175 279 218 353
pottedplant 0.6978 256 299 297 366
pottedplant 0.6265 180 350 218 393
pottedplant 0.5582 68 159 118 211
pottedplant 0.2341 199 349 220 386
pottedplant 0.1845 212 315 238 393
pottedplant 0.1819 247 218 312 371
pottedplant 0.1035 226 300 258 381
pottedplant 0.0789 164 179 228 251
pottedplant 0.0437 213 210 294 385
pottedplant 0.0363 214 335 235 383
pottedplant 0.0357 171 253 235 381
pottedplant 0.0327 35 117 120 211
pottedplant 0.0318 254 298 273 363
pottedplant 0.0208 0 104 20 153
pottedplant 0.0203 99 68 223 223
pottedplant 0.0201 174 342 236 409
pottedplant 0.0189 186 363 208 393
pottedplant 0.0138 179 362 216 410
pottedplant 0.0135 231 318 251 381
pottedplant 0.0115 174 303 206 359
pottedplant 0.0101 260 236 301 360
pottedplant 0.0084 241 307 258 379
pottedplant 0.0076 313 223 365 297
pottedplant 0.0075 303 447 339 483
pottedplant 0.0063 17 113 50 150
pottedplant 0.0049 211 315 264 388
pottedplant 0.0048 0 39 20 176
pottedplant 0.0047 206 242 237 357
pottedplant 0.0044 17 106 58 194
pottedplant 0.0042 235 265 265 373
pottedplant 0.0042 192 220 255 376
pottedplant 0.0041 9 145 71 206
pottedplant 0.0039 221 229 256 371
pottedplant 0.0038 248 305 263 376
pottedplant 0.0036 185 284 226 377
pottedplant 0.0031 215 355 235 402
pottedplant 0.0031 178 322 202 356
pottedplant 0.0030 105 78 173 212
pottedplant 0.0030 271 303 296 353
pottedplant 0.0028 198 366 215 388
pottedplant 0.0028 158 108 231 255
pottedplant 0.0027 276 236 311 357
pottedplant 0.0026 372 196 374 236
pottedplant 0.0026 239 264 303 404
pottedplant 0.0026 -2 117 44 204
pottedplant 0.0023 174 200 219 249
pottedplant 0.0022 211 263 267 408
pottedplant 0.0022 123 155 248 252
pottedplant 0.0021 0 104 8 194
pottedplant 0.0021 202 342 236 394
pottedplant 0.0021 63 108 121 186
pottedplant 0.0019 371 409 374 444
pottedplant 0.0019 125 101 208 254
pottedplant 0.0017 0 149 32 205
pottedplant 0.0016 2 80 29 178
pottedplant 0.0016 313 455 328 476
pottedplant 0.0015 -20 109 36 187
pottedplant 0.0015 250 305 286 391
pottedplant 0.0015 289 216 322 253
pottedplant 0.0015 193 303 255 376
pottedplant 0.0014 59 117 100 209
pottedplant 0.0014 171 302 239 445
pottedplant 0.0014 78 165 102 209
pottedplant 0.0013 129 145 205 222
pottedplant 0.0013 370 170 375 244
pottedplant 0.0013 369 385 375 469
pottedplant 0.0012 191 314 226 400
pottedplant 0.0012 293 217 324 302
pottedplant 0.0012 257 315 279 362
pottedplant 0.0012 0 90 20 133
pottedplant 0.0012 263 212 324 303
pottedplant 0.0012 317 233 335 296
pottedplant 0.0012 189 131 226 233
pottedplant 0.0011 183 367 200 390
pottedplant 0.0011 313 230 328 300
pottedplant 0.0011 304 471 351 500
pottedplant 0.0010 0 0 20 8
pottedplant 0.0010 183 279 260 360
