bottle 0.0066 0 331 11 351
bottle 0.0028 0 340 26 351
bottle 0.0026 0 328 25 351
bottle 0.0021 0 253 3 279
bottle 0.0019 459 241 467 262
bottle 0.0017 0 319 8 349
chair 0.1085 440 233 498 348
chair 0.0452 476 187 499 339
chair 0.0277 473 252 499 354
chair 0.0107 -3 256 86 351
chair 0.0106 456 208 497 319
chair 0.0098 412 283 497 352
chair 0.0047 0 273 6 353
chair 0.0046 0 257 22 351
chair 0.0039 0 277 53 351
chair 0.0036 414 193 494 336
chair 0.0034 492 257 500 355
chair 0.0033 464 225 505 354
chair 0.0027 1 312 131 350
chair 0.0025 492 217 500 328
chair 0.0025 7 269 173 352
chair 0.0022 -10 330 181 351
chair 0.0017 0 300 24 355
chair 0.0016 -1 309 65 350
chair 0.0014 0 235 5 337
chair 0.0014 445 300 498 351
chair 0.0011 0 343 104 351
diningtable 0.1000 -1 256 62 350
diningtable 0.0011 0 246 20 338
person 0.0996 480 169 499 331
person 0.0182 485 136 499 283
person 0.0169 449 172 498 330
person 0.0093 488 170 500 266
person 0.0037 490 213 500 279
person 0.0022 492 210 500 321
person 0.0017 492 233 499 259
pottedplant 0.2081 187 219 287 249
pottedplant 0.0851 199 224 250 252
pottedplant 0.0746 212 226 234 250
pottedplant 0.0280 295 269 349 304
pottedplant 0.0059 226 223 283 250
pottedplant 0.0055 192 227 216 250
pottedplant 0.0045 254 226 278 248
pottedplant 0.0034 262 221 282 247
sofa 0.9924 143 242 379 335
sofa 0.0018 194 267 451 348
