car 0.9830 24 81 468 275
car 0.9726 263 44 452 118
car 0.9620 -1 35 217 209
car 0.5848 430 45 502 174
car 0.4135 163 54 280 104
car 0.0092 51 30 373 238
car 0.0089 134 49 278 132
car 0.0076 135 49 232 106
car 0.0038 255 44 424 85
car 0.0033 199 57 273 91
car 0.0032 132 42 351 110
car 0.0030 247 5 473 142
car 0.0029 261 71 469 174
car 0.0018 107 80 389 182
car 0.0017 55 63 278 184
car 0.0014 380 47 490 193
car 0.0013 171 50 418 134
car 0.0013 80 162 419 269
car 0.0012 414 71 502 143
car 0.0010 208 59 271 119
pottedplant 0.0012 334 355 385 374
