bottle 0.9919 393 235 433 361
bottle 0.0184 377 270 448 345
bottle 0.0095 392 235 435 300
bottle 0.0076 363 242 438 373
bottle 0.0055 317 142 332 157
bottle 0.0021 387 244 464 371
bottle 0.0015 308 146 320 159
bottle 0.0011 410 249 440 369
chair 0.1388 1 160 279 379
chair 0.0021 -10 124 138 370
diningtable 0.0139 234 301 501 375
diningtable 0.0050 320 336 506 374
diningtable 0.0049 303 353 523 375
person 0.9941 -2 115 341 332
person 0.9912 222 143 511 308
person 0.0068 32 132 301 248
person 0.0046 199 150 385 279
person 0.0032 236 217 496 321
person 0.0022 480 223 499 368
person 0.0015 493 231 500 337
person 0.0014 156 46 178 89
person 0.0012 70 180 341 305
person 0.0010 285 139 506 245
sofa 0.3729 1 163 336 375
sofa 0.0597 102 151 480 335
sofa 0.0018 104 186 394 303
sofa 0.0014 151 222 428 322
sofa 0.0012 74 330 426 379
