bottle 0.0015 -2 -2 68 138
bottle 0.0010 141 233 186 300
bottle 0.0010 127 235 199 355
chair 0.7796 259 235 347 351
chair 0.3467 38 212 94 292
chair 0.0141 -2 3 70 154
chair 0.0128 32 207 132 298
chair 0.0111 192 224 282 340
chair 0.0087 13 215 173 327
chair 0.0078 60 240 147 296
chair 0.0060 269 179 353 330
chair 0.0052 99 239 144 293
chair 0.0039 6 201 98 304
chair 0.0025 0 287 198 374
chair 0.0025 235 237 409 364
chair 0.0015 34 239 218 367
chair 0.0015 145 239 357 358
chair 0.0015 244 293 483 374
chair 0.0013 0 29 84 211
chair 0.0013 205 353 428 375
chair 0.0012 6 227 337 373
chair 0.0012 357 212 428 352
chair 0.0012 209 184 371 366
chair 0.0012 190 330 465 377
chair 0.0011 478 273 500 375
chair 0.0010 317 238 494 369
chair 0.0010 267 236 352 299
