car 0.8319 -4 149 496 332
car 0.0086 63 209 429 329
car 0.0010 210 187 507 339
person 0.9788 208 106 368 335
person 0.9774 29 179 78 226
person 0.8530 0 179 17 236
person 0.1157 442 177 465 198
person 0.0323 0 178 19 293
person 0.0229 465 186 484 203
person 0.0118 42 98 527 340
person 0.0111 0 191 11 261
person 0.0048 0 173 14 206
person 0.0043 12 162 89 240
person 0.0039 457 185 494 204
person 0.0038 442 178 485 200
person 0.0037 142 155 362 278
person 0.0014 489 177 500 213
person 0.0012 -3 179 70 224
person 0.0010 493 183 500 207
person 0.0010 0 200 22 251
