car 0.0794 278 6 325 31
car 0.0454 279 11 324 53
car 0.0073 278 13 309 35
car 0.0036 303 11 324 27
car 0.0032 271 -1 320 24
car 0.0031 279 15 292 32
car 0.0013 288 15 315 29
car 0.0011 309 0 499 85
car 0.0010 298 12 327 34
car 0.0010 278 16 294 46
chair 0.1419 190 332 280 374
chair 0.0518 260 323 377 376
chair 0.0399 279 11 324 54
chair 0.0110 270 325 316 374
chair 0.0074 189 114 388 369
chair 0.0040 227 327 331 375
chair 0.0021 240 297 406 375
chair 0.0020 174 326 404 378
chair 0.0016 199 57 286 159
chair 0.0011 298 17 326 58
person 0.9967 192 63 380 324
person 0.6295 0 7 30 116
person 0.1285 449 16 499 84
person 0.0820 0 -2 53 109
person 0.0238 96 0 124 10
person 0.0204 201 88 363 238
person 0.0189 64 0 120 18
person 0.0172 17 1 67 32
person 0.0153 0 -1 25 38
person 0.0106 0 -1 11 50
person 0.0049 86 0 116 9
person 0.0047 441 16 501 141
person 0.0045 2 0 87 40
person 0.0042 0 0 11 20
person 0.0038 158 42 499 337
person 0.0037 0 8 10 113
person 0.0032 200 0 251 20
person 0.0032 76 0 105 9
person 0.0032 0 0 26 9
person 0.0029 11 0 38 6
person 0.0029 0 0 12 11
person 0.0025 71 0 92 17
person 0.0022 78 0 102 17
person 0.0021 18 0 47 5
person 0.0020 46 0 96 17
person 0.0020 485 19 500 73
person 0.0019 0 28 23 185
person 0.0018 25 0 78 23
person 0.0015 209 0 260 11
person 0.0013 212 0 239 10
person 0.0012 214 0 275 20
person 0.0012 187 0 246 11
person 0.0010 475 19 500 59
person 0.0010 0 1 8 33
