bottle 0.0239 484 311 500 374
bottle 0.0026 490 281 500 374
bottle 0.0020 450 324 498 375
bottle 0.0013 476 332 500 376
bottle 0.0011 20 299 69 374
diningtable 0.2462 19 290 482 377
diningtable 0.0216 52 199 445 355
diningtable 0.0038 38 329 391 374
diningtable 0.0034 0 46 499 335
diningtable 0.0020 313 285 495 373
diningtable 0.0015 -2 237 498 416
diningtable 0.0013 107 76 392 309
diningtable 0.0011 127 194 369 307
person 0.9980 66 100 265 349
person 0.9917 222 100 425 335
person 0.0307 11 93 485 338
person 0.0029 478 272 499 379
person 0.0020 0 274 22 376
person 0.0012 0 294 9 376
person 0.0012 0 193 17 370
person 0.0011 97 141 301 295
person 0.0010 0 127 16 319
person 0.0010 -4 85 199 352
pottedplant 0.0159 124 103 167 162
pottedplant 0.0013 107 99 182 154
