car 0.9554 61 73 445 347
car 0.0120 300 60 499 251
car 0.0024 59 328 439 380
car 0.0019 3 292 333 377
car 0.0012 359 66 510 190
car 0.0011 313 60 495 149
chair 0.0012 2 128 45 233
chair 0.0011 0 131 22 256
person 0.2288 310 106 332 130
person 0.2104 0 84 42 158
person 0.0743 466 88 485 118
person 0.0674 77 85 101 126
person 0.0473 96 89 117 132
person 0.0431 332 64 369 117
person 0.0296 490 75 500 132
person 0.0259 0 87 6 164
person 0.0223 0 85 24 217
person 0.0106 479 85 500 217
person 0.0097 475 81 499 162
person 0.0094 492 78 499 101
person 0.0093 70 88 107 151
person 0.0075 492 75 500 92
person 0.0074 1 82 48 223
person 0.0071 459 87 494 155
person 0.0052 0 80 12 129
person 0.0049 475 81 494 114
person 0.0034 476 87 496 135
person 0.0033 491 86 500 165
person 0.0030 0 97 4 140
person 0.0027 493 92 500 216
person 0.0026 51 87 85 156
person 0.0025 85 89 118 151
person 0.0022 471 72 483 91
person 0.0020 492 86 499 121
person 0.0019 0 104 9 204
person 0.0015 468 73 486 108
person 0.0013 436 66 450 82
person 0.0012 479 92 492 114
person 0.0012 99 89 114 108
person 0.0012 357 0 400 17
person 0.0010 57 85 82 122
person 0.0010 308 106 351 131
