boat 0.9567 209 65 367 190
boat 0.3882 353 142 400 180
boat 0.0647 3 57 178 315
boat 0.0124 1 166 180 371
boat 0.0100 179 152 256 264
boat 0.0099 7 124 169 249
boat 0.0084 160 57 175 79
boat 0.0076 -2 78 102 225
boat 0.0062 85 31 166 71
boat 0.0049 -47 93 393 395
boat 0.0042 -2 10 131 254
boat 0.0041 179 116 397 378
boat 0.0036 315 142 403 183
boat 0.0033 189 160 248 226
boat 0.0022 198 181 246 262
boat 0.0019 218 218 246 250
boat 0.0017 -1 43 129 158
boat 0.0015 183 189 214 283
boat 0.0015 59 164 366 380
boat 0.0015 33 44 309 274
boat 0.0014 209 69 295 82
boat 0.0013 9 74 166 187
boat 0.0013 -1 129 53 202
boat 0.0011 -2 102 61 229
boat 0.0010 235 188 254 220
boat 0.0010 182 103 337 197
boat 0.0010 200 161 225 176
boat 0.0010 -1 161 140 273
boat 0.0010 198 159 234 180
bottle 0.0024 0 97 7 124
car 0.0148 188 251 212 288
car 0.0040 254 235 277 271
car 0.0016 225 251 247 285
car 0.0010 218 219 251 283
chair 0.0050 -1 100 26 135
chair 0.0022 0 165 53 248
chair 0.0016 0 173 11 235
chair 0.0012 0 97 14 139
person 0.9951 4 54 37 137
person 0.9220 106 59 137 119
person 0.8892 49 65 116 261
person 0.2946 84 52 112 96
person 0.1767 70 57 112 127
person 0.0386 64 67 110 174
person 0.0188 0 50 7 130
person 0.0065 -1 89 98 242
person 0.0049 0 66 4 100
person 0.0032 0 77 4 115
person 0.0028 0 153 54 234
person 0.0026 -5 61 60 127
person 0.0026 65 61 140 119
person 0.0025 0 113 22 218
person 0.0025 0 155 91 259
person 0.0024 56 43 120 147
person 0.0023 0 153 8 227
person 0.0023 0 81 11 140
person 0.0017 62 93 107 233
person 0.0014 91 63 157 116
person 0.0014 276 324 283 345
person 0.0013 20 60 115 186
person 0.0013 82 61 120 148
person 0.0010 54 55 121 106
