bottle 0.9091 192 191 209 262
bottle 0.4741 256 218 271 261
bottle 0.0463 210 201 225 254
bottle 0.0372 158 217 171 238
bottle 0.0244 216 201 229 252
bottle 0.0235 317 300 340 337
bottle 0.0091 205 195 234 276
bottle 0.0025 189 208 214 287
bottle 0.0023 157 218 176 264
bottle 0.0022 221 187 253 260
bottle 0.0020 304 210 319 245
bottle 0.0012 157 201 176 238
bottle 0.0011 247 216 276 286
chair 0.9656 324 138 433 281
chair 0.9080 113 128 188 236
chair 0.7070 0 182 32 323
chair 0.3399 318 135 481 348
chair 0.0639 0 219 27 367
chair 0.0334 486 154 500 227
chair 0.0323 324 175 430 240
chair 0.0318 483 146 499 270
chair 0.0110 18 288 243 376
chair 0.0098 114 141 200 295
chair 0.0076 0 210 48 375
chair 0.0066 3 163 40 286
chair 0.0060 376 163 502 322
chair 0.0058 0 132 23 287
chair 0.0049 479 161 499 205
chair 0.0040 0 178 7 288
chair 0.0034 229 294 499 374
chair 0.0029 -23 234 49 298
chair 0.0024 372 138 444 251
chair 0.0022 0 173 10 237
chair 0.0020 323 203 434 266
chair 0.0020 164 355 392 375
chair 0.0017 432 137 502 286
chair 0.0011 487 160 499 192
chair 0.0010 -7 325 210 379
chair 0.0010 -22 209 49 268
diningtable 0.2719 95 234 332 316
diningtable 0.2256 38 225 462 377
diningtable 0.0108 147 232 429 327
diningtable 0.0074 106 297 474 373
diningtable 0.0073 52 329 448 377
diningtable 0.0057 150 208 338 298
diningtable 0.0032 138 242 305 292
diningtable 0.0028 21 291 326 377
diningtable 0.0022 33 147 323 343
diningtable 0.0022 177 355 418 375
diningtable 0.0012 149 257 330 303
person 0.9955 38 8 121 263
person 0.9693 410 142 500 333
person 0.9591 10 227 245 373
person 0.7736 270 231 456 364
person 0.3138 96 227 487 374
person 0.0436 481 137 499 337
person 0.0034 -56 212 404 390
person 0.0033 -10 234 144 371
person 0.0026 491 112 500 211
person 0.0026 482 100 500 232
person 0.0021 492 147 500 274
person 0.0020 313 200 440 339
person 0.0018 0 159 10 237
person 0.0016 0 119 19 269
person 0.0015 -10 109 208 378
person 0.0014 470 136 504 363
person 0.0014 494 166 500 314
person 0.0012 405 230 500 386
person 0.0011 0 126 6 226
person 0.0011 481 229 499 390
tvmonitor 0.9863 236 129 324 194
