bus 0.7786 -1 96 45 208
bus 0.2065 401 142 497 243
bus 0.0286 331 77 409 316
bus 0.0282 -9 118 56 187
bus 0.0138 376 124 411 233
bus 0.0021 380 90 505 344
bus 0.0021 293 52 437 335
bus 0.0015 432 116 501 271
bus 0.0013 412 47 491 255
car 0.9390 32 144 114 213
car 0.0260 330 116 345 133
car 0.0166 401 136 500 275
car 0.0024 328 114 341 128
car 0.0023 399 177 502 235
person 0.9494 325 70 392 348
person 0.9185 135 0 350 372
person 0.1477 481 34 499 267
person 0.0474 482 123 499 380
person 0.0405 298 80 431 350
person 0.0369 331 72 381 259
person 0.0160 493 131 500 249
person 0.0139 466 168 478 184
person 0.0125 446 95 497 382
person 0.0117 479 -5 499 165
person 0.0109 493 235 500 376
person 0.0097 482 269 500 378
person 0.0084 82 -12 493 336
person 0.0047 69 -3 284 323
person 0.0032 475 65 502 354
person 0.0031 494 169 500 311
person 0.0023 493 80 500 213
person 0.0023 408 141 498 362
person 0.0021 309 102 367 340
person 0.0016 115 0 208 68
person 0.0016 486 363 500 375
person 0.0014 486 336 500 376
person 0.0014 95 -1 331 204
person 0.0011 25 -5 244 209
person 0.0011 448 29 498 272
