bicycle 0.9888 212 221 306 281
bicycle 0.9818 130 219 224 289
bicycle 0.9504 38 231 148 323
bicycle 0.0023 70 243 135 315
bicycle 0.0019 14 185 172 363
bicycle 0.0016 64 203 216 297
bicycle 0.0012 57 230 117 309
bicycle 0.0010 182 230 320 301
boat 0.0047 136 102 216 121
car 0.0084 486 105 499 117
car 0.0012 153 109 239 127
person 0.9872 58 190 139 309
person 0.9700 229 187 281 268
person 0.9645 152 182 206 271
person 0.0473 426 173 463 223
person 0.0342 114 174 162 271
person 0.0252 108 176 152 242
person 0.0112 83 182 162 295
person 0.0040 427 177 452 206
person 0.0027 121 201 216 272
person 0.0012 248 199 300 276
