bottle 0.0052 120 199 131 221
bottle 0.0026 415 143 423 169
bottle 0.0019 112 198 133 223
chair 0.9754 372 163 415 234
chair 0.6285 425 195 484 271
chair 0.0036 452 354 499 375
chair 0.0028 214 339 419 374
chair 0.0026 494 152 500 271
chair 0.0022 477 270 500 377
chair 0.0020 482 172 501 301
chair 0.0011 471 323 500 378
chair 0.0011 312 352 514 375
chair 0.0011 483 194 499 368
chair 0.0010 495 185 499 297
person 0.0032 0 105 14 146
person 0.0029 483 159 500 287
person 0.0024 494 152 500 257
person 0.0014 495 132 500 219
person 0.0010 1 114 21 151
pottedplant 0.0016 497 165 499 201
sofa 0.0028 -7 175 281 374
sofa 0.0012 220 330 507 377
tvmonitor 0.0013 493 212 500 327
