bottle 0.9752 217 167 338 371
bottle 0.4107 440 230 499 360
bottle 0.4040 344 213 435 376
bottle 0.2944 87 181 210 323
bottle 0.2298 398 322 501 374
bottle 0.0775 334 183 446 324
bottle 0.0721 399 243 503 373
bottle 0.0272 300 119 377 268
bottle 0.0105 443 229 497 281
bottle 0.0094 329 130 424 288
bottle 0.0087 88 79 245 357
bottle 0.0086 59 130 119 203
bottle 0.0062 472 229 499 360
bottle 0.0048 319 216 498 382
bottle 0.0040 58 125 122 263
bottle 0.0033 245 84 318 191
bottle 0.0027 412 234 499 298
bottle 0.0021 164 169 241 222
bottle 0.0016 299 324 517 382
bottle 0.0015 319 88 485 345
bottle 0.0015 408 255 454 367
bottle 0.0013 443 310 498 372
bottle 0.0013 369 135 409 225
bottle 0.0012 166 156 239 292
bottle 0.0012 88 195 207 250
bottle 0.0010 332 208 423 266
bottle 0.0010 433 188 503 321
bottle 0.0010 236 66 322 291
