bird 0.7841 134 247 222 308
bird 0.4043 233 49 324 186
bird 0.0132 234 81 325 144
bird 0.0011 201 66 319 130
person 0.9963 183 105 326 345
person 0.9703 306 36 372 226
person 0.8390 173 41 206 188
person 0.6517 232 69 326 217
person 0.1166 192 40 291 191
person 0.0157 200 41 227 73
person 0.0079 280 34 357 203
person 0.0053 203 39 360 229
person 0.0025 2 88 499 363
person 0.0024 178 42 215 129
person 0.0020 189 39 250 168
person 0.0017 299 54 335 205
person 0.0012 255 30 333 175
person 0.0011 202 128 347 276
person 0.0010 169 40 204 101
tvmonitor 0.0121 40 349 456 399
