pottedplant 0.3817 18 37 273 387
pottedplant 0.2212 9 147 72 227
pottedplant 0.1003 19 286 263 366
pottedplant 0.0641 84 173 161 240
pottedplant 0.0179 366 270 399 293
pottedplant 0.0171 11 208 29 229
pottedplant 0.0116 18 200 69 231
pottedplant 0.0075 2 28 413 461
pottedplant 0.0053 9 185 31 228
pottedplant 0.0042 6 203 35 230
pottedplant 0.0041 366 274 387 291
pottedplant 0.0027 7 138 75 305
pottedplant 0.0021 49 184 72 229
pottedplant 0.0020 8 159 46 233
pottedplant 0.0018 55 138 159 302
pottedplant 0.0014 36 163 73 231
pottedplant 0.0014 7 62 74 227
pottedplant 0.0011 382 272 398 291
pottedplant 0.0011 153 291 250 374
pottedplant 0.0010 46 138 244 285
