cat 0.9870 53 74 437 436
cat 0.0014 11 85 262 416
cat 0.0011 73 208 358 361
pottedplant 0.8596 399 45 501 287
pottedplant 0.2248 327 -10 497 291
pottedplant 0.2209 25 21 243 255
pottedplant 0.0466 365 57 468 272
pottedplant 0.0068 438 -8 501 263
pottedplant 0.0048 392 139 436 267
pottedplant 0.0040 -7 -24 430 293
pottedplant 0.0031 479 26 499 262
pottedplant 0.0022 490 192 500 296
pottedplant 0.0022 0 37 92 291
pottedplant 0.0018 346 117 446 280
pottedplant 0.0014 58 70 192 255
pottedplant 0.0013 40 140 229 267
pottedplant 0.0013 412 98 456 229
pottedplant 0.0011 -5 1 130 116
pottedplant 0.0011 34 33 306 390
pottedplant 0.0010 -1 68 65 369
pottedplant 0.0010 429 89 474 239
