bird 0.0117 155 186 201 220
cat 0.0182 154 183 201 216
pottedplant 0.9557 313 14 498 273
pottedplant 0.9519 13 -5 225 233
pottedplant 0.8900 200 175 304 274
pottedplant 0.5942 0 177 42 262
pottedplant 0.3565 301 135 415 282
pottedplant 0.0689 -1 39 52 249
pottedplant 0.0458 0 56 23 234
pottedplant 0.0446 0 177 7 259
pottedplant 0.0427 0 158 7 215
pottedplant 0.0357 0 122 30 246
pottedplant 0.0320 302 37 408 256
pottedplant 0.0293 154 181 201 261
pottedplant 0.0255 397 19 499 244
pottedplant 0.0160 -14 -3 145 279
pottedplant 0.0082 0 176 4 210
pottedplant 0.0076 155 180 202 219
pottedplant 0.0060 57 186 200 290
pottedplant 0.0040 -37 -7 383 282
pottedplant 0.0028 5 71 42 219
pottedplant 0.0025 18 77 189 299
pottedplant 0.0024 318 51 497 181
pottedplant 0.0023 14 95 78 274
pottedplant 0.0022 129 186 203 281
pottedplant 0.0021 3 5 87 235
pottedplant 0.0020 450 221 497 272
pottedplant 0.0017 30 77 211 196
pottedplant 0.0017 201 21 534 301
pottedplant 0.0017 -4 3 31 237
pottedplant 0.0016 0 201 4 235
pottedplant 0.0015 230 189 285 274
pottedplant 0.0014 481 142 500 276
pottedplant 0.0013 -20 192 50 249
pottedplant 0.0012 0 187 4 223
pottedplant 0.0011 180 162 318 313
