car 0.9288 10 141 303 349
car 0.5836 97 97 235 137
car 0.5803 286 113 319 206
car 0.1176 51 98 266 153
car 0.0660 0 103 15 144
car 0.0359 242 96 301 119
car 0.0243 4 101 75 167
car 0.0137 65 101 194 140
car 0.0112 224 97 303 136
car 0.0094 46 146 269 268
car 0.0078 53 104 157 163
car 0.0054 0 97 9 152
car 0.0035 294 83 324 235
car 0.0029 1 88 121 177
car 0.0026 0 103 15 182
car 0.0025 6 103 60 129
car 0.0023 58 108 260 204
car 0.0022 11 94 97 151
car 0.0017 284 137 336 211
car 0.0016 238 87 310 125
car 0.0015 71 111 210 155
car 0.0014 125 97 198 119
car 0.0013 0 103 8 128
car 0.0011 0 107 6 141
car 0.0011 313 98 319 206
person 0.9814 62 84 88 179
person 0.6303 301 79 319 136
person 0.6055 302 116 317 232
person 0.3837 0 101 6 204
person 0.2535 0 101 13 204
person 0.2218 166 124 192 142
person 0.0261 44 87 95 163
person 0.0249 304 177 319 234
person 0.0192 299 78 318 202
person 0.0125 305 152 318 261
person 0.0121 174 86 190 102
person 0.0107 310 138 319 238
person 0.0039 313 97 319 224
person 0.0033 289 77 318 159
person 0.0024 0 122 3 182
person 0.0012 0 112 12 275
person 0.0012 310 88 319 157
person 0.0011 230 81 245 110
person 0.0011 309 74 319 123
