bottle 0.0011 316 239 348 245
chair 0.9802 288 175 360 244
chair 0.1116 335 128 386 179
chair 0.0224 308 188 494 245
chair 0.0072 75 185 132 241
chair 0.0069 82 232 136 245
chair 0.0037 299 117 340 178
chair 0.0037 363 216 501 245
chair 0.0036 313 119 359 176
chair 0.0032 0 189 6 248
chair 0.0031 294 124 379 183
chair 0.0028 297 231 490 245
chair 0.0026 0 217 128 244
chair 0.0026 -4 232 176 245
chair 0.0024 303 176 401 245
chair 0.0023 305 217 445 244
chair 0.0022 448 212 498 244
chair 0.0019 262 124 300 170
chair 0.0014 470 210 501 247
chair 0.0012 361 239 494 245
chair 0.0012 301 240 419 245
chair 0.0011 290 124 378 242
chair 0.0011 311 239 371 245
chair 0.0010 160 118 195 191
diningtable 0.0256 197 141 467 245
diningtable 0.0031 199 132 383 186
diningtable 0.0031 227 186 438 244
diningtable 0.0020 125 115 383 242
person 0.9962 32 98 68 155
person 0.9717 60 125 135 239
person 0.9172 -1 154 105 244
person 0.8448 313 143 487 245
person 0.6990 257 46 340 190
person 0.6295 0 119 45 192
person 0.3019 255 55 336 127
person 0.2844 467 157 499 245
person 0.1325 0 122 23 205
person 0.0506 0 144 19 242
person 0.0305 126 236 189 245
person 0.0259 0 129 5 204
person 0.0185 91 232 168 245
person 0.0132 5 120 177 242
person 0.0126 400 145 502 241
person 0.0122 0 153 7 217
person 0.0119 0 171 6 247
person 0.0102 0 138 55 230
person 0.0076 475 129 499 219
person 0.0071 0 101 6 167
person 0.0053 448 137 499 233
person 0.0045 66 233 221 245
person 0.0038 14 104 80 149
person 0.0037 140 233 213 245
person 0.0032 0 107 21 168
person 0.0029 -2 120 86 206
person 0.0028 143 237 173 245
person 0.0028 0 194 23 247
person 0.0025 469 196 500 244
person 0.0024 6 181 178 243
person 0.0024 221 38 365 206
person 0.0020 26 116 68 173
person 0.0016 490 128 500 195
person 0.0015 333 131 417 235
person 0.0014 4 117 46 159
person 0.0014 493 167 500 251
person 0.0012 62 130 118 197
person 0.0011 -4 124 28 243
person 0.0011 41 106 79 162
person 0.0010 -2 152 57 195
person 0.0010 -2 125 56 167
person 0.0010 0 150 3 183
pottedplant 0.0082 224 156 256 207
