chair 0.6662 122 37 217 113
chair 0.1878 368 339 498 374
chair 0.1265 264 31 344 106
chair 0.0633 456 8 498 205
chair 0.0396 48 337 277 374
chair 0.0376 0 214 21 376
chair 0.0259 0 164 54 370
chair 0.0235 301 325 505 378
chair 0.0164 293 349 497 376
chair 0.0159 0 134 18 342
chair 0.0130 401 249 500 371
chair 0.0109 309 241 501 372
chair 0.0104 -3 155 29 378
chair 0.0062 440 206 499 359
chair 0.0055 2 214 87 377
chair 0.0046 62 302 275 376
chair 0.0038 400 307 498 374
chair 0.0034 1 252 45 370
chair 0.0030 257 294 485 376
chair 0.0029 120 24 286 116
chair 0.0027 -7 104 129 387
chair 0.0022 445 36 500 291
chair 0.0018 -1 290 22 382
chair 0.0017 479 179 499 355
chair 0.0012 367 106 508 385
chair 0.0012 408 349 502 375
chair 0.0011 0 218 8 336
chair 0.0011 4 164 43 312
chair 0.0010 -1 11 65 147
chair 0.0010 -1 47 61 315
diningtable 0.9340 -6 98 504 380
diningtable 0.0011 74 183 427 309
diningtable 0.0010 70 330 422 379
person 0.0010 442 45 500 313
pottedplant 0.0011 120 267 140 302
sofa 0.0099 455 -4 497 166
