person 0.9839 433 186 455 257
person 0.4349 384 155 414 240
person 0.0516 490 194 499 219
person 0.0360 457 183 471 219
person 0.0344 469 186 485 217
person 0.0264 491 188 500 240
person 0.0214 475 187 491 217
person 0.0072 45 192 59 208
person 0.0034 386 157 414 196
person 0.0031 37 192 50 208
person 0.0019 390 171 426 250
person 0.0016 43 143 56 160
person 0.0013 371 162 391 202
person 0.0013 38 146 53 164
person 0.0011 492 197 499 229
person 0.0011 480 184 500 314
person 0.0010 452 186 465 226
train 0.9665 14 7 473 331
