bottle 0.0263 413 366 437 375
bottle 0.0092 258 357 308 375
bottle 0.0081 270 357 293 375
bottle 0.0078 415 356 434 374
bottle 0.0064 297 369 326 375
bottle 0.0050 347 364 372 375
bottle 0.0050 241 363 304 375
bottle 0.0039 236 367 273 375
bottle 0.0027 348 355 369 375
bottle 0.0023 265 367 359 375
bottle 0.0023 358 365 380 375
bottle 0.0016 401 365 454 375
bottle 0.0016 266 364 297 374
bottle 0.0014 366 366 392 375
bottle 0.0012 339 366 365 374
bottle 0.0011 339 355 382 375
chair 0.0012 476 271 500 377
diningtable 0.0050 193 357 403 375
diningtable 0.0021 182 331 471 377
pottedplant 0.9723 141 251 255 375
pottedplant 0.0077 213 365 238 374
pottedplant 0.0067 194 364 256 375
pottedplant 0.0063 450 353 497 375
pottedplant 0.0052 206 244 269 374
pottedplant 0.0042 214 302 261 374
pottedplant 0.0031 208 366 281 375
pottedplant 0.0028 474 140 500 277
pottedplant 0.0021 353 310 397 373
pottedplant 0.0017 413 353 483 376
pottedplant 0.0017 177 356 255 374
pottedplant 0.0016 368 325 414 377
pottedplant 0.0015 413 342 439 373
pottedplant 0.0015 329 326 423 375
pottedplant 0.0015 174 263 225 360
pottedplant 0.0013 272 366 390 375
pottedplant 0.0012 474 170 498 226
pottedplant 0.0012 367 325 393 373
pottedplant 0.0011 336 307 377 373
pottedplant 0.0011 140 280 348 371
pottedplant 0.0010 220 338 247 373
tvmonitor 0.9282 0 108 85 255
tvmonitor 0.0039 -2 143 88 215
tvmonitor 0.0026 473 145 500 300
