bus 0.0788 0 27 26 113
bus 0.0055 3 -6 186 181
bus 0.0038 -6 24 31 164
bus 0.0032 3 42 40 120
bus 0.0026 20 3 330 171
bus 0.0014 2 24 91 164
motorbike 0.9880 330 128 433 237
motorbike 0.9752 151 127 258 240
motorbike 0.9495 59 91 149 172
motorbike 0.1258 100 101 148 166
motorbike 0.1080 190 118 283 241
motorbike 0.0067 62 111 114 170
motorbike 0.0061 117 109 157 161
motorbike 0.0056 147 120 330 252
motorbike 0.0055 178 73 232 114
motorbike 0.0020 75 114 134 167
motorbike 0.0016 165 98 236 167
motorbike 0.0012 155 144 255 200
person 0.9989 350 92 438 225
person 0.9756 189 89 281 236
person 0.9230 269 64 303 174
person 0.7002 69 72 143 175
person 0.2325 160 94 247 225
person 0.2307 65 80 110 167
person 0.1559 166 83 235 182
person 0.1089 99 67 138 154
person 0.0048 0 51 23 162
person 0.0045 205 69 232 101
person 0.0041 162 55 320 236
person 0.0034 0 93 9 155
person 0.0018 369 109 420 206
person 0.0017 271 65 299 104
person 0.0016 273 65 308 130
person 0.0014 355 112 438 176
person 0.0012 0 93 6 116
person 0.0010 89 65 131 128
person 0.0010 163 107 210 183
