bottle 0.0109 246 181 260 203
bottle 0.0014 246 186 263 220
person 0.9978 51 36 275 393
person 0.9785 365 101 496 376
person 0.9699 283 95 422 348
person 0.9305 0 62 86 385
person 0.8041 225 97 291 375
person 0.3217 398 6 500 175
person 0.0978 435 27 502 271
person 0.0833 125 99 292 378
person 0.0309 386 -5 501 320
person 0.0276 467 55 502 333
person 0.0124 -10 131 109 304
person 0.0100 273 119 401 265
person 0.0089 476 79 499 278
person 0.0085 280 101 360 317
person 0.0084 188 132 301 299
person 0.0080 184 39 312 352
person 0.0069 481 109 499 365
person 0.0057 447 60 499 387
person 0.0033 -4 67 32 378
person 0.0029 209 87 303 244
person 0.0021 -1 58 65 269
person 0.0021 481 48 500 224
person 0.0020 117 71 535 367
person 0.0018 0 100 15 346
person 0.0015 239 95 647 385
person 0.0014 77 175 256 314
person 0.0014 242 144 277 328
person 0.0013 -132 46 253 386
person 0.0011 4 26 190 358
person 0.0011 179 111 265 365
person 0.0010 456 103 496 254
