bottle 0.0747 472 218 499 332
bottle 0.0057 452 241 500 333
person 0.9953 132 60 346 332
person 0.9746 266 2 408 326
person 0.9555 401 -5 497 338
person 0.8229 15 2 255 327
person 0.0089 392 90 503 238
person 0.0074 156 3 493 329
person 0.0057 274 19 396 196
person 0.0056 331 20 417 325
person 0.0055 -14 6 139 327
person 0.0045 487 30 499 313
person 0.0044 265 96 407 228
person 0.0035 149 126 330 259
person 0.0033 262 1 622 330
person 0.0028 479 146 499 328
person 0.0027 436 2 501 266
person 0.0026 474 5 503 338
person 0.0018 271 0 364 62
person 0.0011 37 115 229 211
