bird 0.9707 259 223 309 256
bird 0.9344 186 135 228 201
bird 0.8943 215 159 251 224
bird 0.6808 175 187 215 265
bird 0.2247 197 141 238 219
bird 0.2102 288 80 304 111
bird 0.1783 174 189 198 220
bird 0.0875 273 0 295 16
bird 0.0712 252 50 271 82
bird 0.0648 325 127 350 164
bird 0.0616 15 353 70 375
bird 0.0540 318 0 341 10
bird 0.0529 277 0 304 20
bird 0.0448 333 85 354 109
bird 0.0274 231 46 251 75
bird 0.0237 310 0 337 21
bird 0.0225 197 196 213 229
bird 0.0177 36 353 87 374
bird 0.0139 299 41 336 93
bird 0.0139 280 0 302 12
bird 0.0132 300 65 327 98
bird 0.0104 204 155 247 256
bird 0.0084 262 1 305 32
bird 0.0066 303 0 322 8
bird 0.0055 252 0 273 6
bird 0.0046 183 139 224 245
bird 0.0044 265 0 302 13
bird 0.0041 288 0 314 34
bird 0.0039 243 0 267 6
bird 0.0035 227 1 329 39
bird 0.0032 281 0 320 22
bird 0.0030 328 0 372 18
bird 0.0030 -3 352 54 375
bird 0.0028 212 144 233 194
bird 0.0027 263 0 285 9
bird 0.0026 305 0 320 19
bird 0.0024 47 353 73 374
bird 0.0024 204 141 228 196
bird 0.0023 336 0 366 9
bird 0.0022 0 366 13 375
bird 0.0019 0 367 25 375
bird 0.0018 319 89 353 157
bird 0.0018 337 1 363 16
bird 0.0018 196 200 216 252
bird 0.0017 177 200 201 254
bird 0.0017 232 162 250 221
bird 0.0017 291 1 310 19
bird 0.0017 174 121 231 218
bird 0.0017 327 0 352 10
bird 0.0016 487 193 500 231
bird 0.0016 331 1 350 17
bird 0.0015 258 1 375 39
bird 0.0015 335 84 358 122
bird 0.0014 287 23 303 39
bird 0.0014 491 193 499 217
bird 0.0014 290 65 312 102
bird 0.0013 252 0 298 19
bird 0.0013 314 0 365 11
bird 0.0013 184 193 210 231
bird 0.0012 205 156 269 211
bird 0.0012 -14 355 149 376
bird 0.0012 -3 362 71 375
bird 0.0012 289 19 311 34
bird 0.0012 475 194 499 229
bird 0.0011 311 7 332 25
bird 0.0010 251 14 296 38
bird 0.0010 193 144 222 191
bird 0.0010 307 46 336 78
bird 0.0010 286 80 320 111
