bus 0.0236 85 63 169 100
bus 0.0225 103 73 177 121
bus 0.0064 390 54 472 134
bus 0.0023 373 38 494 79
bus 0.0012 83 59 173 135
bus 0.0011 455 48 499 119
bus 0.0011 399 45 500 92
horse 0.9809 65 107 299 286
horse 0.9762 272 82 355 141
horse 0.0034 309 88 355 145
horse 0.0026 121 107 286 232
horse 0.0025 -29 68 376 318
horse 0.0021 471 65 499 107
person 0.9958 163 62 228 196
person 0.9439 0 100 20 149
person 0.8599 304 57 323 111
person 0.6853 22 110 44 147
person 0.4715 43 107 64 145
person 0.3981 59 104 79 145
person 0.2703 369 86 389 135
person 0.0913 147 103 165 143
person 0.0724 487 86 500 136
person 0.0597 107 103 127 144
person 0.0358 32 107 49 145
person 0.0243 470 63 499 129
person 0.0197 253 85 272 111
person 0.0195 296 61 334 127
person 0.0158 406 100 430 133
person 0.0122 73 106 92 143
person 0.0103 81 106 99 143
person 0.0100 91 107 109 143
person 0.0100 48 111 73 146
person 0.0058 341 113 355 133
person 0.0055 24 108 43 132
person 0.0052 491 63 500 122
person 0.0048 14 112 37 147
person 0.0046 474 88 499 135
person 0.0040 256 85 270 102
person 0.0039 93 88 110 134
person 0.0032 397 100 416 133
person 0.0029 92 99 122 141
person 0.0027 472 28 499 114
person 0.0026 463 91 486 133
person 0.0020 94 118 107 142
person 0.0020 456 80 496 133
person 0.0018 -6 108 33 142
person 0.0017 495 76 500 109
person 0.0015 81 91 97 132
person 0.0014 379 89 397 134
person 0.0014 491 103 499 133
person 0.0013 36 107 46 128
person 0.0013 18 113 65 145
person 0.0013 492 88 499 122
person 0.0013 46 112 60 137
person 0.0012 62 99 81 127
person 0.0012 1 108 13 140
person 0.0012 371 84 406 131
person 0.0011 303 56 323 81
person 0.0011 26 115 40 143
person 0.0011 157 90 234 153
person 0.0011 481 79 501 189
person 0.0010 0 96 15 130
person 0.0010 101 115 122 143
