chair 0.0810 177 325 473 376
chair 0.0300 219 168 506 376
chair 0.0119 312 237 497 371
chair 0.0048 76 327 352 378
chair 0.0040 105 301 398 374
chair 0.0026 184 243 466 369
chair 0.0016 362 283 505 376
chair 0.0012 252 223 480 335
chair 0.0010 29 221 397 382
person 0.9878 231 78 497 370
person 0.0136 140 41 151 62
person 0.0108 42 82 460 405
person 0.0077 97 39 123 84
person 0.0042 159 42 173 65
person 0.0018 260 154 469 280
person 0.0011 154 43 166 64
tvmonitor 0.9545 60 13 235 224
tvmonitor 0.0010 -70 -47 338 255
