cat 0.0111 -1 326 26 373
cat 0.0048 1 323 47 375
cat 0.0034 0 323 95 376
horse 0.8549 182 94 341 216
horse 0.0016 180 89 464 234
pottedplant 0.8388 286 102 499 381
pottedplant 0.6641 41 166 233 373
pottedplant 0.0473 220 332 299 374
pottedplant 0.0202 166 326 278 374
pottedplant 0.0180 104 301 312 372
pottedplant 0.0107 112 325 251 375
pottedplant 0.0050 295 146 493 286
pottedplant 0.0034 69 282 111 365
pottedplant 0.0033 197 325 245 374
pottedplant 0.0032 80 160 209 316
pottedplant 0.0027 349 330 443 374
pottedplant 0.0025 233 309 287 375
pottedplant 0.0024 0 326 275 377
pottedplant 0.0023 138 170 229 333
pottedplant 0.0022 4 325 124 376
pottedplant 0.0022 1 295 185 373
pottedplant 0.0021 239 350 290 376
pottedplant 0.0018 181 347 303 379
pottedplant 0.0016 -51 146 398 396
pottedplant 0.0016 133 326 358 379
pottedplant 0.0015 38 186 92 258
pottedplant 0.0015 89 330 201 374
pottedplant 0.0013 258 339 288 374
pottedplant 0.0012 213 308 268 374
pottedplant 0.0011 44 331 167 373
pottedplant 0.0010 252 338 309 375
pottedplant 0.0010 300 103 498 215
