bottle 0.0042 0 98 8 169
bottle 0.0014 0 130 5 164
chair 0.0119 9 58 163 104
diningtable 0.0212 5 61 174 316
diningtable 0.0016 -6 87 148 222
dog 0.1158 159 140 253 250
dog 0.0021 187 154 250 235
dog 0.0015 165 190 268 306
person 0.9880 224 34 375 263
person 0.8999 76 76 212 367
person 0.2805 160 76 248 160
person 0.2518 167 151 264 295
person 0.0874 134 82 276 348
person 0.0333 156 80 252 249
person 0.0086 83 134 244 298
person 0.0041 -52 64 322 373
person 0.0035 75 55 269 267
person 0.0026 0 49 26 136
person 0.0020 0 60 20 182
person 0.0015 0 70 16 260
person 0.0011 93 69 256 181
person 0.0010 1 56 46 128
sofa 0.1075 3 53 170 142
sofa 0.0103 3 86 168 221
sofa 0.0012 22 57 241 261
tvmonitor 0.9488 408 19 500 285
tvmonitor 0.0027 446 0 502 8
tvmonitor 0.0017 398 124 509 175
