bottle 0.5353 322 2 494 78
bottle 0.0053 312 11 502 186
bottle 0.0010 328 2 382 71
chair 0.0012 338 37 447 175
pottedplant 0.9308 1 50 260 373
pottedplant 0.9143 238 37 490 352
pottedplant 0.5519 12 2 241 82
pottedplant 0.0360 375 52 504 379
pottedplant 0.0322 80 42 336 338
pottedplant 0.0266 24 19 473 359
pottedplant 0.0243 483 85 499 334
pottedplant 0.0122 -8 0 222 143
pottedplant 0.0103 187 51 396 377
pottedplant 0.0092 60 4 352 76
pottedplant 0.0082 316 11 501 244
pottedplant 0.0080 472 71 502 374
pottedplant 0.0076 447 54 498 394
pottedplant 0.0064 477 186 499 376
pottedplant 0.0057 491 137 500 228
pottedplant 0.0029 402 37 503 265
pottedplant 0.0024 481 35 499 239
pottedplant 0.0020 29 10 310 116
pottedplant 0.0020 409 149 497 384
pottedplant 0.0018 309 151 490 279
pottedplant 0.0017 260 128 469 248
pottedplant 0.0017 493 89 500 205
pottedplant 0.0014 -7 20 200 236
pottedplant 0.0012 106 0 218 72
pottedplant 0.0011 -8 28 130 348
pottedplant 0.0011 34 1 218 40
pottedplant 0.0010 0 42 95 228
