dog 0.9081 97 173 307 375
dog 0.0380 191 157 281 255
dog 0.0159 176 87 483 340
dog 0.0016 193 163 369 266
dog 0.0013 128 165 299 264
dog 0.0011 108 281 308 378
person 0.9838 210 4 495 319
person 0.0646 310 -2 500 89
person 0.0300 440 0 501 130
person 0.0250 310 5 502 190
person 0.0229 0 218 23 373
person 0.0192 475 -2 500 103
person 0.0158 406 -4 501 161
person 0.0107 300 0 488 36
person 0.0106 476 15 499 170
person 0.0091 373 1 506 315
person 0.0091 447 9 499 235
person 0.0079 0 218 53 374
person 0.0078 468 12 504 290
person 0.0048 0 136 19 340
person 0.0040 -10 23 132 356
person 0.0039 0 299 27 376
person 0.0039 -3 155 29 379
person 0.0039 491 -6 500 99
person 0.0036 444 42 499 374
person 0.0032 427 0 503 9
person 0.0029 405 -1 498 70
person 0.0029 249 0 318 20
person 0.0027 472 0 500 8
person 0.0026 1 186 89 378
person 0.0024 478 52 500 277
person 0.0020 487 0 501 9
person 0.0020 492 37 500 141
person 0.0019 429 0 502 19
person 0.0019 0 82 55 366
person 0.0018 270 0 354 19
person 0.0016 -2 129 277 368
person 0.0016 466 -15 506 147
person 0.0014 0 323 49 376
person 0.0014 433 0 502 45
person 0.0014 454 33 497 151
person 0.0013 331 0 448 19
person 0.0013 354 0 509 21
person 0.0012 490 -1 500 21
person 0.0010 22 10 478 362
person 0.0010 370 51 504 201
sofa 0.0195 223 82 502 344
sofa 0.0162 240 -4 495 87
sofa 0.0105 60 -9 522 276
sofa 0.0020 192 4 479 141
tvmonitor 0.0241 269 1 441 34
tvmonitor 0.0047 231 0 407 21
tvmonitor 0.0035 293 0 389 20
tvmonitor 0.0029 232 1 365 37
tvmonitor 0.0023 205 -5 460 45
tvmonitor 0.0010 326 0 433 19
