bottle 0.9958 183 179 221 327
bottle 0.9909 233 188 276 348
bottle 0.5029 0 215 13 342
bottle 0.0114 62 306 110 374
bottle 0.0092 167 213 235 291
bottle 0.0033 49 302 90 372
bottle 0.0032 0 252 9 344
bottle 0.0023 221 229 288 304
bottle 0.0016 201 178 229 328
bottle 0.0016 0 182 8 316
bottle 0.0011 27 266 111 380
bottle 0.0010 459 120 471 144
chair 0.0250 359 124 501 360
chair 0.0210 0 109 21 249
chair 0.0155 0 67 19 206
chair 0.0097 443 144 501 360
chair 0.0064 0 140 7 226
chair 0.0049 0 61 8 162
chair 0.0042 3 71 44 173
chair 0.0025 0 60 52 242
chair 0.0017 0 124 12 201
chair 0.0016 -5 82 28 278
chair 0.0015 478 68 500 175
chair 0.0013 478 157 500 346
chair 0.0012 411 69 496 174
chair 0.0011 3 106 41 224
chair 0.0010 0 141 21 196
chair 0.0010 447 76 497 166
diningtable 0.8906 3 242 498 371
diningtable 0.0046 -2 94 502 393
diningtable 0.0021 35 250 314 363
diningtable 0.0018 104 283 465 375
diningtable 0.0012 238 165 496 382
person 0.9967 124 37 266 271
person 0.9929 0 57 165 300
person 0.9790 315 45 498 375
person 0.9789 233 49 354 282
person 0.0419 0 134 16 343
person 0.0072 -3 111 25 336
person 0.0039 322 137 493 290
person 0.0023 233 35 573 348
person 0.0020 137 69 371 295
person 0.0018 56 26 518 297
person 0.0015 1 135 129 283
person 0.0015 315 76 482 240
person 0.0014 227 61 426 366
person 0.0011 0 136 54 312
