bicycle 0.9687 427 180 499 237
bicycle 0.7859 168 249 343 357
bicycle 0.0785 172 261 308 307
bicycle 0.0160 60 237 367 373
bicycle 0.0125 199 237 355 323
bicycle 0.0024 487 176 499 234
bicycle 0.0010 113 234 323 321
boat 0.0017 -8 226 282 373
person 0.9942 314 133 358 303
person 0.9291 72 131 95 218
person 0.8554 53 136 78 214
person 0.0061 -2 115 130 380
person 0.0061 0 125 21 321
person 0.0034 194 333 285 374
person 0.0023 1 128 97 293
person 0.0021 0 175 266 376
person 0.0019 4 233 173 379
person 0.0014 -3 107 29 367
person 0.0013 0 125 54 348
