aeroplane 0.9578 -5 15 501 343
aeroplane 0.0019 310 42 495 320
aeroplane 0.0016 20 35 323 273
aeroplane 0.0013 -12 31 137 328
person 0.8879 277 211 331 347
person 0.8161 46 248 71 313
person 0.1325 461 260 475 312
person 0.0225 438 271 454 310
person 0.0099 82 283 99 314
person 0.0042 294 210 369 348
person 0.0032 491 267 500 315
person 0.0020 319 218 350 342
person 0.0016 453 256 489 310
person 0.0014 494 282 499 313
person 0.0012 285 299 299 338
person 0.0011 76 270 92 315
person 0.0010 463 267 483 313
