bottle 0.0625 470 274 499 373
bottle 0.0037 443 270 500 373
chair 0.1355 331 163 481 373
chair 0.0013 -2 96 194 337
chair 0.0010 383 151 480 330
dog 0.7994 216 225 345 338
dog 0.0557 199 176 368 368
dog 0.0145 269 165 371 338
dog 0.0061 211 233 315 302
dog 0.0014 220 279 339 337
dog 0.0013 273 232 352 352
person 0.9811 100 77 300 353
person 0.6538 215 119 437 365
person 0.0846 -30 71 372 363
person 0.0245 447 21 500 365
person 0.0197 79 108 492 379
person 0.0104 216 173 365 323
person 0.0092 125 108 276 272
person 0.0050 467 7 503 296
person 0.0030 61 218 367 378
person 0.0029 480 59 499 327
person 0.0019 282 174 385 354
person 0.0016 412 44 494 344
person 0.0010 241 142 401 290
sofa 0.4171 27 97 321 380
sofa 0.0763 141 181 365 370
sofa 0.0119 3 135 495 410
sofa 0.0026 182 216 465 378
