car 0.9924 101 74 175 113
car 0.9832 198 72 459 158
car 0.9775 0 62 84 114
car 0.9421 26 88 476 246
car 0.0460 97 58 180 127
car 0.0031 70 117 426 211
car 0.0030 489 117 500 168
car 0.0025 0 61 7 116
car 0.0019 102 100 391 177
chair 0.0024 194 28 241 43
chair 0.0010 -190 85 226 328
motorbike 0.7243 441 102 500 233
motorbike 0.0058 478 93 500 198
motorbike 0.0048 449 109 497 184
motorbike 0.0023 379 106 490 228
motorbike 0.0014 463 80 506 213
person 0.0036 477 87 500 183
pottedplant 0.0038 471 95 500 124
pottedplant 0.0019 491 90 500 129
pottedplant 0.0017 450 93 501 133
