bicycle 0.0011 0 287 23 334
chair 0.0020 0 124 23 221
person 0.9944 228 117 324 336
person 0.9695 321 84 463 338
person 0.9645 308 182 377 334
person 0.8627 217 82 260 133
person 0.0621 409 168 498 334
person 0.0458 482 195 500 329
person 0.0419 320 167 425 336
person 0.0317 491 201 500 277
person 0.0281 317 92 435 252
person 0.0190 0 148 15 299
person 0.0164 485 152 500 297
person 0.0139 0 191 19 333
person 0.0118 0 192 13 248
person 0.0075 438 217 500 328
person 0.0041 492 178 500 249
person 0.0038 0 121 20 251
person 0.0035 492 215 500 327
person 0.0034 491 145 500 219
person 0.0031 314 182 359 239
person 0.0026 318 205 339 235
person 0.0025 357 73 513 317
person 0.0024 0 161 10 242
person 0.0023 232 146 416 334
person 0.0018 279 169 360 332
person 0.0015 176 82 555 348
person 0.0012 0 203 11 287
