bottle 0.9887 161 197 214 372
bottle 0.8760 49 207 152 379
bottle 0.6317 52 1 129 46
bottle 0.1747 452 -1 498 78
bottle 0.0507 62 140 145 336
bottle 0.0373 401 -1 455 75
bottle 0.0321 -1 -4 16 106
bottle 0.0313 473 8 499 86
bottle 0.0307 51 0 130 100
bottle 0.0279 223 0 304 100
bottle 0.0190 162 0 235 103
bottle 0.0123 117 0 162 33
bottle 0.0105 219 175 247 221
bottle 0.0084 239 120 488 311
bottle 0.0081 162 0 210 33
bottle 0.0067 242 135 413 246
bottle 0.0064 476 38 500 81
bottle 0.0056 490 -1 500 22
bottle 0.0053 43 163 210 380
bottle 0.0047 0 20 9 116
bottle 0.0039 89 129 256 241
bottle 0.0037 4 -1 56 46
bottle 0.0033 77 0 170 39
bottle 0.0030 2 0 49 100
bottle 0.0028 57 115 293 373
bottle 0.0023 483 16 500 77
bottle 0.0020 472 0 500 23
bottle 0.0019 488 0 501 11
bottle 0.0017 50 -1 92 46
bottle 0.0012 0 -7 11 71
bottle 0.0010 150 245 223 315
