car 0.9582 73 18 422 285
car 0.0020 189 0 281 6
car 0.0019 220 0 308 6
car 0.0013 104 71 388 190
car 0.0010 8 14 179 124
person 0.9094 447 2 500 156
person 0.5821 385 1 469 152
person 0.4314 0 2 56 122
person 0.1656 0 23 53 253
person 0.0907 53 0 92 22
person 0.0448 34 0 69 49
person 0.0361 302 0 342 18
person 0.0337 278 0 309 6
person 0.0299 142 0 170 37
person 0.0262 309 0 333 12
person 0.0259 0 -2 25 107
person 0.0208 166 0 187 11
person 0.0205 287 0 316 7
person 0.0201 323 0 341 17
person 0.0176 358 1 398 73
person 0.0149 278 0 326 9
person 0.0148 328 0 356 35
person 0.0147 127 0 167 44
person 0.0145 190 0 222 6
person 0.0144 180 0 232 9
person 0.0143 0 9 19 207
person 0.0137 98 0 139 24
person 0.0125 0 4 6 102
person 0.0124 1 -5 87 222
person 0.0118 267 0 301 4
person 0.0095 331 1 371 43
person 0.0087 251 0 315 7
person 0.0086 30 -5 67 106
person 0.0086 169 0 224 18
person 0.0080 101 0 142 44
person 0.0077 3 90 44 238
person 0.0075 329 0 348 18
person 0.0075 449 1 496 74
person 0.0074 275 0 328 19
person 0.0070 386 1 436 72
person 0.0070 -3 -17 29 235
person 0.0069 358 0 382 37
person 0.0068 129 0 146 10
person 0.0068 158 0 198 18
person 0.0066 411 0 462 20
person 0.0058 374 -1 402 39
person 0.0056 369 0 413 75
person 0.0053 257 0 291 4
person 0.0052 391 0 445 20
person 0.0050 475 0 499 35
person 0.0048 470 -4 500 136
person 0.0048 127 0 148 37
person 0.0045 199 0 232 5
person 0.0044 119 0 142 9
person 0.0043 369 4 393 41
person 0.0041 173 0 200 9
person 0.0038 322 0 362 21
person 0.0034 119 0 142 35
person 0.0034 393 0 443 10
person 0.0033 393 0 424 7
person 0.0032 105 0 133 9
person 0.0031 0 51 5 157
person 0.0031 208 0 243 4
person 0.0026 476 0 497 9
person 0.0026 348 0 372 36
person 0.0025 0 -7 8 72
person 0.0020 339 1 410 42
person 0.0020 183 0 267 7
person 0.0020 90 0 112 7
person 0.0020 70 0 91 10
person 0.0019 454 0 479 8
person 0.0019 367 0 409 22
person 0.0019 59 -1 86 10
person 0.0018 454 0 479 37
person 0.0018 339 0 362 10
person 0.0018 375 1 451 42
person 0.0018 41 2 82 65
person 0.0017 393 0 422 36
person 0.0017 390 12 438 140
person 0.0017 375 0 403 8
person 0.0017 486 -2 500 37
person 0.0017 444 0 469 8
person 0.0017 236 0 273 3
person 0.0017 403 14 503 161
person 0.0017 319 1 360 68
person 0.0016 487 0 501 9
person 0.0015 386 0 411 37
person 0.0015 40 0 65 9
person 0.0015 330 6 380 89
person 0.0014 137 0 177 23
person 0.0013 360 -2 433 133
person 0.0013 494 39 500 154
person 0.0013 0 96 54 349
person 0.0013 432 0 460 9
person 0.0013 32 0 73 21
person 0.0013 421 0 471 11
person 0.0013 463 0 486 8
person 0.0013 159 0 181 11
person 0.0012 348 0 372 9
person 0.0012 375 0 422 10
person 0.0012 136 0 162 9
person 0.0012 403 1 458 71
person 0.0012 -4 58 36 299
person 0.0012 80 0 100 8
person 0.0012 430 0 475 72
person 0.0011 463 0 487 36
person 0.0011 366 0 393 7
person 0.0011 5 35 45 180
person 0.0011 12 0 83 47
person 0.0011 0 0 26 9
person 0.0011 0 29 3 77
person 0.0011 422 0 452 9
person 0.0011 320 0 345 32
person 0.0011 272 1 362 41
person 0.0011 51 0 75 9
person 0.0011 289 0 316 20
person 0.0010 67 0 112 21
person 0.0010 489 0 500 21
person 0.0010 0 0 12 10
person 0.0010 121 0 139 20
person 0.0010 31 0 57 8
