boat 0.9744 96 113 274 194
boat 0.6321 195 219 256 238
boat 0.0023 373 165 390 174
boat 0.0020 69 83 296 228
boat 0.0019 198 165 274 189
boat 0.0016 51 156 97 179
boat 0.0013 196 202 253 241
person 0.1642 235 214 253 228
person 0.0663 208 216 256 237
person 0.0060 202 193 227 230
person 0.0051 215 213 255 230
person 0.0042 230 214 255 236
person 0.0032 196 183 250 238
person 0.0024 226 218 248 232
person 0.0018 245 212 256 227
person 0.0017 143 170 155 181
person 0.0011 170 168 185 181
person 0.0010 213 220 239 233
