motorbike 0.3536 2 94 493 394
motorbike 0.3427 3 29 254 288
motorbike 0.1985 293 16 374 143
motorbike 0.0311 0 38 90 176
motorbike 0.0251 0 51 56 219
motorbike 0.0070 157 162 496 378
motorbike 0.0049 -6 27 131 233
motorbike 0.0047 0 54 24 191
motorbike 0.0047 8 57 183 198
motorbike 0.0032 68 33 351 344
motorbike 0.0023 117 8 207 119
motorbike 0.0023 158 22 205 104
motorbike 0.0020 -1 12 63 147
motorbike 0.0016 -6 35 34 208
motorbike 0.0016 25 94 228 217
motorbike 0.0015 168 149 347 277
motorbike 0.0013 295 33 374 97
motorbike 0.0013 7 24 180 122
motorbike 0.0011 374 111 506 378
motorbike 0.0010 3 64 89 294
person 0.9940 369 0 426 162
person 0.9546 192 70 380 357
person 0.5145 432 27 500 390
person 0.3226 74 0 109 50
person 0.1572 194 0 277 104
person 0.1447 354 -2 387 131
person 0.1439 120 1 170 65
person 0.1387 334 0 371 48
person 0.1088 251 0 305 74
person 0.1047 348 -1 404 160
person 0.0472 22 2 63 63
person 0.0396 355 3 391 69
person 0.0382 166 0 192 6
person 0.0382 335 0 376 100
person 0.0362 82 54 491 379
person 0.0316 302 1 321 32
person 0.0165 0 4 22 93
person 0.0134 191 0 220 7
person 0.0132 233 0 257 6
person 0.0119 195 8 282 206
person 0.0093 0 9 14 71
person 0.0085 381 2 502 321
person 0.0083 469 0 500 98
person 0.0082 14 1 51 50
person 0.0079 108 4 149 64
person 0.0065 139 0 176 50
person 0.0058 191 0 243 9
person 0.0055 371 0 390 7
person 0.0055 410 20 499 223
person 0.0049 468 25 504 392
person 0.0048 450 1 497 72
person 0.0044 206 139 366 282
person 0.0041 48 14 74 50
person 0.0040 0 17 9 89
person 0.0039 0 1 27 32
person 0.0039 273 3 314 92
person 0.0039 155 0 180 7
person 0.0037 439 0 500 130
person 0.0035 485 67 499 351
person 0.0032 47 1 85 47
person 0.0029 29 0 74 22
person 0.0028 124 0 173 34
person 0.0028 243 0 266 7
person 0.0028 471 0 500 7
person 0.0028 194 0 250 73
person 0.0026 107 -1 181 103
person 0.0023 50 0 76 6
person 0.0021 431 10 470 115
person 0.0020 366 -1 393 38
person 0.0020 162 0 204 46
person 0.0020 478 28 500 186
person 0.0020 245 0 311 127
person 0.0020 28 0 58 7
person 0.0019 194 0 256 21
person 0.0018 460 0 492 6
person 0.0018 1 8 25 56
person 0.0017 244 -1 282 51
person 0.0017 164 0 208 9
person 0.0016 7 9 48 86
person 0.0016 404 0 452 23
person 0.0016 38 0 67 6
person 0.0016 59 0 82 6
person 0.0016 26 0 56 37
person 0.0016 220 0 253 6
person 0.0014 70 8 107 87
person 0.0014 11 2 33 49
person 0.0014 221 0 266 9
person 0.0014 99 0 123 7
person 0.0014 360 0 379 6
person 0.0013 409 0 465 8
person 0.0013 28 0 106 47
person 0.0013 397 0 420 6
person 0.0013 299 -4 371 108
person 0.0013 109 4 127 47
person 0.0013 440 0 492 9
person 0.0013 157 0 198 22
person 0.0013 186 9 313 128
person 0.0012 241 2 286 95
person 0.0012 410 0 444 6
person 0.0012 405 0 430 6
person 0.0012 160 7 205 95
person 0.0012 0 6 10 27
person 0.0012 418 -2 486 106
person 0.0011 139 5 183 92
person 0.0011 106 0 132 7
person 0.0011 377 0 398 8
person 0.0011 12 15 34 64
person 0.0011 86 0 167 48
person 0.0011 145 0 192 9
person 0.0011 184 3 219 98
person 0.0010 135 0 177 21
person 0.0010 306 0 334 32
person 0.0010 9 0 33 8
person 0.0010 28 0 75 10
person 0.0010 165 -1 192 35
tvmonitor 0.0180 0 0 28 9
