bottle 0.0453 86 263 113 324
bottle 0.0042 0 214 9 268
bottle 0.0031 312 268 331 314
bottle 0.0027 0 232 3 265
bottle 0.0027 324 293 355 358
bottle 0.0022 0 208 6 288
bottle 0.0014 332 325 353 358
bottle 0.0013 86 258 103 311
bottle 0.0010 448 203 470 237
bottle 0.0010 73 247 108 320
chair 0.9866 272 185 335 286
chair 0.9740 192 204 248 278
chair 0.9653 354 168 419 279
chair 0.7804 133 204 190 279
chair 0.3906 252 166 295 189
chair 0.2892 310 162 355 181
chair 0.1062 145 171 187 194
chair 0.0877 195 169 239 195
chair 0.0327 1 326 45 374
chair 0.0304 77 183 107 209
chair 0.0291 320 176 363 271
chair 0.0205 216 265 289 290
chair 0.0197 14 202 47 238
chair 0.0157 59 191 88 219
chair 0.0142 0 350 43 375
chair 0.0105 63 186 108 236
chair 0.0097 103 172 189 277
chair 0.0083 83 366 212 375
chair 0.0080 0 302 30 378
chair 0.0067 1 330 92 374
chair 0.0061 181 193 265 254
chair 0.0056 64 357 262 374
chair 0.0037 56 200 206 286
chair 0.0032 56 222 102 259
chair 0.0030 -1 215 13 254
chair 0.0028 407 306 499 374
chair 0.0028 0 223 185 322
chair 0.0024 -2 354 175 375
chair 0.0017 0 228 6 314
chair 0.0016 43 366 158 375
chair 0.0015 51 212 122 262
chair 0.0014 106 237 188 290
chair 0.0014 1 280 45 372
chair 0.0014 20 198 62 228
chair 0.0013 136 170 187 250
chair 0.0012 368 284 508 377
chair 0.0012 297 182 370 288
chair 0.0011 -8 350 104 377
chair 0.0011 57 210 103 242
diningtable 0.9295 -12 249 454 370
diningtable 0.6781 64 178 374 253
diningtable 0.0140 65 173 415 309
diningtable 0.0118 159 182 286 238
diningtable 0.0055 130 282 434 373
diningtable 0.0015 68 196 277 280
diningtable 0.0012 -4 241 190 365
