bus 0.0044 256 182 306 241
bus 0.0013 296 175 341 238
car 0.9794 177 225 250 284
car 0.9734 7 232 176 354
car 0.2844 258 201 306 241
car 0.1362 234 216 282 260
car 0.0327 0 225 10 240
car 0.0207 1 225 23 239
car 0.0178 0 225 22 365
car 0.0090 0 214 27 292
car 0.0084 -1 223 25 258
car 0.0071 0 273 6 367
car 0.0054 0 215 15 240
car 0.0038 254 210 300 259
car 0.0037 260 220 284 260
car 0.0029 0 215 54 374
car 0.0028 261 205 289 245
car 0.0024 2 224 42 308
car 0.0024 291 199 309 241
car 0.0024 0 228 8 251
car 0.0017 0 222 11 274
car 0.0016 0 229 8 297
car 0.0016 -5 203 29 385
car 0.0015 234 220 259 261
car 0.0012 0 222 30 243
car 0.0011 0 199 22 241
car 0.0010 0 291 3 336
car 0.0010 227 205 300 249
person 0.7926 413 218 443 294
person 0.7700 357 212 382 282
person 0.5176 389 212 414 284
person 0.0744 106 204 120 238
person 0.0641 119 202 132 240
person 0.0246 112 202 128 239
person 0.0019 0 289 7 380
person 0.0013 440 236 470 290
