sheep 0.9724 78 241 169 356
sheep 0.9596 93 288 254 441
sheep 0.9100 169 258 231 329
sheep 0.8888 301 252 334 330
sheep 0.1483 31 154 78 184
sheep 0.0483 92 171 118 204
sheep 0.0458 309 208 334 247
sheep 0.0270 7 252 78 312
sheep 0.0196 130 125 158 157
sheep 0.0070 73 234 205 419
sheep 0.0056 64 130 106 162
sheep 0.0044 303 200 333 275
sheep 0.0036 37 269 73 317
sheep 0.0030 312 188 335 258
sheep 0.0030 299 234 332 395
sheep 0.0018 92 144 118 172
sheep 0.0017 4 252 39 297
sheep 0.0016 169 275 248 348
sheep 0.0013 327 254 334 349
sheep 0.0011 316 59 334 88
