motorbike 0.9680 35 161 310 483
motorbike 0.8785 253 0 328 67
motorbike 0.0875 135 -3 245 119
motorbike 0.0375 215 23 319 164
motorbike 0.0120 223 84 300 167
motorbike 0.0116 273 107 299 177
motorbike 0.0068 247 52 334 204
motorbike 0.0067 195 -1 294 125
motorbike 0.0066 84 -1 206 114
motorbike 0.0056 202 60 294 188
motorbike 0.0040 67 22 361 402
motorbike 0.0038 209 -13 338 71
motorbike 0.0037 117 0 170 29
motorbike 0.0034 284 4 336 81
motorbike 0.0031 261 -6 335 39
motorbike 0.0030 111 0 182 56
motorbike 0.0029 228 1 299 60
motorbike 0.0028 85 17 294 249
motorbike 0.0025 157 18 279 161
motorbike 0.0024 273 102 334 181
motorbike 0.0024 248 100 299 180
motorbike 0.0023 98 13 231 158
motorbike 0.0022 215 67 288 146
motorbike 0.0022 251 0 329 136
motorbike 0.0022 92 -12 240 71
motorbike 0.0016 207 11 328 256
motorbike 0.0014 246 69 302 148
motorbike 0.0013 254 84 318 167
motorbike 0.0013 270 2 307 62
motorbike 0.0010 243 -4 312 36
person 0.9916 69 35 260 378
person 0.9762 28 29 54 109
person 0.9762 284 25 333 269
person 0.7373 183 0 235 129
person 0.7078 75 28 98 119
person 0.2329 0 17 16 73
person 0.0970 53 37 68 100
person 0.0338 158 0 216 125
person 0.0243 161 -4 268 124
person 0.0242 0 23 14 147
person 0.0183 5 20 26 71
person 0.0148 212 0 240 42
person 0.0119 216 -7 283 147
person 0.0111 206 -1 238 102
person 0.0083 0 15 4 147
person 0.0071 182 0 238 52
person 0.0051 208 0 264 55
person 0.0041 274 148 331 286
person 0.0040 0 19 7 102
person 0.0032 0 7 10 62
person 0.0032 325 -1 333 13
person 0.0032 320 33 333 254
person 0.0030 315 0 332 11
person 0.0030 0 12 7 34
person 0.0028 133 0 178 24
person 0.0025 218 0 250 132
person 0.0023 120 2 199 91
person 0.0022 249 0 283 14
person 0.0021 286 80 317 206
person 0.0021 21 30 35 72
person 0.0021 298 0 333 26
person 0.0021 49 30 60 97
person 0.0020 327 -2 333 29
person 0.0019 120 -1 224 29
person 0.0018 0 18 7 47
person 0.0018 125 0 218 56
person 0.0017 254 0 276 10
person 0.0016 141 0 197 14
person 0.0015 127 0 173 14
person 0.0015 2 21 14 45
person 0.0013 218 3 280 86
person 0.0013 295 0 331 65
person 0.0013 0 24 8 62
person 0.0013 252 0 291 26
person 0.0012 174 -1 247 32
person 0.0012 0 38 34 133
person 0.0012 296 64 328 223
person 0.0012 89 120 237 287
person 0.0011 228 0 276 26
person 0.0011 156 0 191 103
person 0.0011 306 11 339 279
person 0.0011 21 6 64 133
person 0.0011 67 19 221 249
person 0.0011 123 -13 258 73
person 0.0010 275 0 332 13
person 0.0010 26 29 45 73
