bottle 0.0049 354 142 375 335
bottle 0.0034 353 135 375 230
bottle 0.0012 368 140 375 233
chair 0.0303 1 437 35 497
chair 0.0228 0 438 71 499
chair 0.0122 0 403 21 500
chair 0.0089 104 297 226 507
chair 0.0082 205 396 248 499
chair 0.0057 1 376 135 502
chair 0.0041 122 382 249 502
chair 0.0023 0 376 35 494
chair 0.0018 0 449 23 499
chair 0.0017 239 320 375 495
chair 0.0017 0 486 7 500
chair 0.0016 0 360 74 502
chair 0.0012 0 400 9 494
diningtable 0.0010 236 370 374 503
person 0.9929 129 243 236 502
person 0.0021 -27 207 340 529
person 0.0014 29 232 230 503
pottedplant 0.9856 222 7 280 63
pottedplant 0.9677 238 128 303 188
pottedplant 0.0079 0 378 11 456
pottedplant 0.0055 0 347 16 479
pottedplant 0.0035 233 96 307 229
pottedplant 0.0028 5 116 140 463
pottedplant 0.0028 215 -31 288 94
pottedplant 0.0026 238 9 259 62
pottedplant 0.0019 230 2 329 57
pottedplant 0.0018 136 0 195 61
pottedplant 0.0017 0 333 8 446
pottedplant 0.0016 261 6 281 62
