bottle 0.9852 41 188 62 233
bottle 0.0149 35 185 56 229
bottle 0.0106 0 127 6 152
bottle 0.0044 45 196 59 228
bottle 0.0018 42 185 61 215
bottle 0.0013 32 188 65 251
bottle 0.0010 0 122 9 156
bottle 0.0010 50 189 69 233
chair 0.0543 -4 158 283 380
chair 0.0064 67 66 110 126
chair 0.0036 101 78 150 138
chair 0.0035 315 168 496 373
chair 0.0013 63 72 151 174
person 0.9859 -3 57 287 381
person 0.7387 97 115 391 377
person 0.0955 27 66 308 245
person 0.0072 130 173 362 318
person 0.0019 0 0 49 34
person 0.0017 91 159 319 276
person 0.0017 -12 47 213 218
person 0.0012 408 72 498 345
person 0.0010 -1 0 11 9
sofa 0.5810 -3 107 496 384
sofa 0.0016 34 219 463 380
sofa 0.0010 124 206 372 342
