boat 0.0278 -2 10 501 363
boat 0.0031 126 147 369 230
boat 0.0014 6 43 257 330
boat 0.0011 85 68 411 308
boat 0.0010 463 81 488 94
bottle 0.0015 104 366 156 374
chair 0.0670 73 172 431 374
chair 0.0265 192 220 452 372
chair 0.0083 83 272 412 377
chair 0.0052 -6 223 275 368
chair 0.0041 479 299 500 376
chair 0.0022 490 292 500 377
chair 0.0017 269 273 363 374
chair 0.0010 476 338 500 375
person 0.9960 200 129 434 375
person 0.9929 1 177 181 374
person 0.0207 4 121 490 373
person 0.0120 480 241 500 380
person 0.0052 222 156 415 287
person 0.0017 491 275 500 380
person 0.0012 481 337 501 375
sofa 0.0167 5 165 493 376
