bicycle 0.9752 46 227 375 492
bicycle 0.0029 91 257 337 411
bicycle 0.0015 329 261 375 451
bicycle 0.0014 8 44 56 81
bicycle 0.0010 364 277 375 366
boat 0.9087 27 110 400 228
boat 0.4572 1 78 64 123
boat 0.0208 0 26 69 112
boat 0.0188 71 29 235 101
boat 0.0139 246 45 262 63
boat 0.0108 13 93 61 121
boat 0.0057 165 104 376 187
boat 0.0029 2 60 88 116
boat 0.0027 226 45 245 63
boat 0.0024 200 60 235 83
boat 0.0018 209 38 245 66
boat 0.0016 370 24 374 38
boat 0.0014 33 123 236 220
boat 0.0014 -1 -2 141 111
boat 0.0014 41 84 278 203
boat 0.0012 11 55 56 120
boat 0.0011 232 43 263 64
boat 0.0011 48 153 334 241
boat 0.0010 34 48 396 290
boat 0.0010 0 46 6 136
person 0.1684 342 158 359 178
person 0.1044 327 156 359 178
person 0.0954 328 156 344 179
person 0.0120 291 155 311 180
person 0.0025 340 161 373 188
person 0.0010 367 127 374 208
pottedplant 0.0423 308 195 375 322
pottedplant 0.0028 331 194 374 287
pottedplant 0.0013 0 13 7 91
pottedplant 0.0012 354 181 374 298
pottedplant 0.0010 312 210 356 261
