bicycle 0.0014 193 161 215 194
car 0.3662 439 166 492 229
car 0.1088 314 162 388 226
car 0.0336 434 149 499 267
car 0.0300 359 140 512 357
car 0.0150 0 250 20 366
car 0.0120 363 163 429 283
car 0.0050 317 158 429 209
car 0.0050 436 133 500 371
car 0.0047 0 270 22 327
car 0.0039 367 170 451 334
car 0.0030 329 179 496 315
car 0.0016 298 164 439 265
car 0.0012 0 266 13 344
motorbike 0.7690 316 201 367 269
motorbike 0.4784 63 166 270 366
motorbike 0.0401 0 224 21 340
motorbike 0.0097 36 280 294 372
motorbike 0.0051 48 229 364 374
motorbike 0.0012 -21 222 229 382
motorbike 0.0011 2 235 43 328
person 0.9972 193 151 275 298
person 0.9968 78 123 255 370
person 0.7687 318 161 367 259
person 0.3744 369 160 427 224
person 0.0635 0 184 21 322
person 0.0168 0 129 17 290
person 0.0064 369 177 420 268
person 0.0054 0 192 10 275
person 0.0045 475 132 499 284
person 0.0024 371 161 443 287
person 0.0024 325 157 417 262
person 0.0021 115 164 283 320
person 0.0019 0 149 6 276
person 0.0018 -6 164 28 343
person 0.0017 -43 104 391 386
person 0.0015 0 219 10 306
person 0.0014 0 211 23 269
person 0.0013 203 156 272 235
person 0.0010 181 161 263 371
