bottle 0.1386 345 157 363 218
bottle 0.0171 367 115 375 200
bottle 0.0070 360 77 375 212
bottle 0.0051 327 157 346 216
bottle 0.0038 341 154 369 244
bottle 0.0029 367 93 375 164
bottle 0.0025 322 110 350 216
bottle 0.0018 358 115 374 248
bottle 0.0018 342 110 369 217
bottle 0.0012 199 186 214 209
bottle 0.0012 369 116 375 161
bottle 0.0010 219 96 236 147
dog 0.9896 4 287 142 501
dog 0.7692 121 355 202 499
dog 0.0846 0 327 67 464
dog 0.0020 0 363 103 501
dog 0.0020 0 336 15 491
dog 0.0020 51 327 204 500
dog 0.0016 -3 337 57 415
dog 0.0016 0 346 6 451
dog 0.0016 66 274 148 478
dog 0.0015 127 373 299 501
person 0.9701 179 -4 325 502
person 0.0018 363 130 374 429
person 0.0014 0 263 13 448
person 0.0011 185 158 313 333
pottedplant 0.0032 290 0 337 13
