sheep 0.9810 99 132 181 194
sheep 0.9715 375 75 425 109
sheep 0.9673 -1 134 46 186
sheep 0.9518 201 125 257 171
sheep 0.8436 206 140 303 212
sheep 0.4892 487 114 499 179
sheep 0.0415 483 108 500 219
sheep 0.0178 489 92 500 161
sheep 0.0080 -2 105 54 202
sheep 0.0074 490 121 498 160
sheep 0.0068 196 101 269 203
sheep 0.0055 479 121 498 185
sheep 0.0054 261 121 303 209
sheep 0.0052 484 61 500 185
sheep 0.0035 265 123 304 157
sheep 0.0033 491 118 500 232
sheep 0.0027 490 134 498 174
sheep 0.0020 491 110 499 142
sheep 0.0015 482 122 499 323
sheep 0.0014 363 37 432 151
sheep 0.0013 201 124 308 175
sheep 0.0012 136 136 183 191
