bottle 0.9868 281 208 305 285
bottle 0.5952 205 157 224 208
bottle 0.0796 230 168 248 211
bottle 0.0147 102 188 114 212
bottle 0.0046 173 148 224 207
bottle 0.0032 203 133 235 205
bottle 0.0019 222 131 252 203
bottle 0.0019 216 158 232 209
bottle 0.0018 203 160 234 221
bottle 0.0016 225 173 255 243
bottle 0.0013 234 169 247 196
bottle 0.0013 290 209 308 274
bottle 0.0012 273 227 314 269
chair 0.7354 264 311 450 373
chair 0.2073 363 163 502 375
chair 0.0761 142 149 227 206
chair 0.0592 439 190 500 375
chair 0.0382 0 281 124 375
chair 0.0177 96 108 119 132
chair 0.0086 476 174 500 207
chair 0.0069 0 244 19 375
chair 0.0069 479 190 499 373
chair 0.0052 0 294 7 376
chair 0.0048 372 161 418 229
chair 0.0040 -8 209 136 382
chair 0.0038 -2 325 101 376
chair 0.0035 0 246 60 373
chair 0.0028 223 133 243 176
chair 0.0026 113 141 166 212
chair 0.0025 244 319 396 366
chair 0.0020 468 156 504 378
chair 0.0019 96 110 118 153
chair 0.0018 160 327 436 377
chair 0.0017 84 108 118 141
chair 0.0016 0 187 5 294
chair 0.0015 0 229 5 355
chair 0.0014 325 171 415 239
chair 0.0013 0 302 51 374
chair 0.0012 389 164 426 224
chair 0.0012 493 214 500 324
chair 0.0011 360 284 507 373
chair 0.0010 475 270 500 377
chair 0.0010 388 166 414 201
diningtable 0.9628 89 179 386 375
diningtable 0.0259 80 129 123 203
diningtable 0.0042 69 145 144 211
diningtable 0.0025 95 197 351 302
diningtable 0.0025 85 130 166 200
diningtable 0.0024 104 283 391 375
diningtable 0.0015 102 138 245 227
diningtable 0.0011 115 179 373 262
diningtable 0.0011 43 133 132 199
person 0.9889 0 138 142 370
person 0.9709 115 103 165 201
person 0.9074 329 115 497 360
person 0.8927 316 142 405 243
person 0.8422 178 104 218 151
person 0.0425 108 100 207 204
person 0.0250 5 130 93 229
person 0.0109 0 133 13 284
person 0.0108 399 112 499 305
person 0.0091 8 154 162 283
person 0.0077 0 158 8 251
person 0.0048 7 165 252 376
person 0.0042 320 131 490 251
person 0.0035 176 102 201 140
person 0.0031 327 149 419 294
person 0.0025 0 179 5 288
person 0.0023 105 121 153 208
person 0.0022 286 94 438 288
person 0.0021 254 149 403 270
person 0.0015 0 123 6 215
person 0.0015 118 96 142 128
person 0.0015 0 52 23 84
person 0.0012 0 101 16 231
person 0.0011 -170 113 287 385
person 0.0010 177 113 220 184
tvmonitor 0.0381 293 75 333 106
tvmonitor 0.0028 489 131 500 178
tvmonitor 0.0026 487 170 500 212
tvmonitor 0.0023 493 174 499 207
tvmonitor 0.0017 493 146 500 177
tvmonitor 0.0010 475 135 500 174
