chair 0.0218 486 131 500 192
person 0.9987 86 191 189 348
person 0.9980 187 199 281 353
person 0.9971 275 184 358 353
person 0.9962 41 82 118 336
person 0.9930 156 65 223 240
person 0.9925 339 93 419 353
person 0.9880 212 101 273 233
person 0.9766 110 69 162 235
person 0.9400 269 54 349 272
person 0.8906 378 50 455 343
person 0.0592 375 48 457 200
person 0.0177 487 120 500 190
person 0.0130 199 120 279 322
person 0.0103 160 79 213 191
person 0.0047 299 43 448 343
person 0.0043 349 67 446 261
person 0.0025 484 114 500 275
person 0.0023 483 76 499 198
person 0.0020 364 67 505 361
person 0.0015 256 76 404 359
person 0.0013 491 132 500 220
person 0.0012 397 106 430 310
person 0.0011 164 179 331 365
person 0.0010 324 86 394 306
