bottle 0.2229 404 319 500 356
bottle 0.1050 446 314 495 356
bottle 0.0056 396 336 477 357
bottle 0.0055 291 252 341 359
bottle 0.0018 468 311 502 359
bottle 0.0010 490 307 500 358
cat 0.9912 97 19 430 153
cat 0.0052 49 12 458 232
chair 0.1522 12 153 318 360
person 0.1026 342 335 483 357
person 0.0476 361 340 457 356
person 0.0365 365 321 500 358
person 0.0295 339 346 441 356
person 0.0138 286 254 350 357
person 0.0033 305 272 502 359
person 0.0016 319 349 403 357
person 0.0016 292 312 515 362
person 0.0015 258 338 454 358
person 0.0013 220 267 440 357
person 0.0012 327 339 416 357
tvmonitor 0.0336 0 142 499 374
