car 0.1086 107 247 471 365
car 0.0012 53 226 521 428
car 0.0010 -1 233 59 294
motorbike 0.8788 114 138 297 230
motorbike 0.8562 97 185 484 371
motorbike 0.8255 106 138 459 287
motorbike 0.0496 127 192 373 283
motorbike 0.0380 187 167 458 261
motorbike 0.0355 -1 175 57 296
motorbike 0.0349 127 144 277 191
motorbike 0.0156 0 156 21 290
motorbike 0.0126 140 126 348 197
motorbike 0.0104 188 139 291 195
motorbike 0.0062 107 158 257 253
motorbike 0.0045 177 217 467 336
motorbike 0.0020 96 92 546 336
motorbike 0.0019 75 275 434 375
motorbike 0.0017 96 166 338 317
motorbike 0.0012 232 135 320 194
motorbike 0.0012 107 70 311 251
motorbike 0.0011 -6 139 31 306
motorbike 0.0010 256 198 475 284
person 0.9960 54 94 107 243
person 0.8801 96 87 121 220
person 0.0524 0 128 16 232
person 0.0350 0 153 10 229
person 0.0085 0 120 7 219
person 0.0044 101 93 134 210
person 0.0025 99 95 120 154
person 0.0015 0 57 18 218
person 0.0012 47 126 113 202
