bicycle 0.0015 118 37 191 148
horse 0.9864 106 21 207 219
horse 0.9692 262 86 320 184
horse 0.0232 309 79 320 189
horse 0.0105 114 44 201 135
horse 0.0041 251 39 322 212
horse 0.0036 109 76 203 165
horse 0.0031 55 8 263 208
horse 0.0017 258 107 324 144
horse 0.0010 301 71 324 199
person 0.9947 116 14 191 128
person 0.2413 307 77 320 143
person 0.0125 314 85 319 146
person 0.0062 310 87 320 214
person 0.0030 308 44 320 128
person 0.0022 315 95 319 169
person 0.0014 130 28 223 116
person 0.0012 4 -3 318 150
