bottle 0.0015 237 208 252 246
chair 0.5664 0 270 92 371
chair 0.3572 0 198 33 334
chair 0.0998 0 215 49 374
chair 0.0264 0 246 26 371
chair 0.0154 -5 240 130 379
chair 0.0150 0 149 21 299
chair 0.0069 1 157 48 322
chair 0.0044 -3 325 98 375
chair 0.0033 -1 298 54 374
chair 0.0022 0 265 12 361
chair 0.0021 0 174 8 280
chair 0.0016 0 228 7 327
chair 0.0013 -21 236 49 297
chair 0.0011 -5 128 29 320
sofa 0.9620 259 168 499 315
sofa 0.0187 239 219 500 380
sofa 0.0043 1 188 89 376
sofa 0.0028 0 241 176 377
sofa 0.0010 6 285 253 376
sofa 0.0010 193 283 473 376
tvmonitor 0.1736 60 25 182 119
tvmonitor 0.0194 177 38 260 144
tvmonitor 0.0016 330 55 380 129
tvmonitor 0.0015 179 80 258 134
