bottle 0.9553 4 87 133 356
bottle 0.9368 196 51 307 376
bottle 0.8778 117 173 198 359
bottle 0.7685 379 60 437 137
bottle 0.4483 279 59 359 303
bottle 0.3839 216 50 299 250
bottle 0.0841 191 129 311 298
bottle 0.0587 426 74 441 135
bottle 0.0411 180 197 307 366
bottle 0.0382 300 39 364 233
bottle 0.0264 417 59 444 135
bottle 0.0180 54 107 211 380
bottle 0.0160 258 32 399 343
bottle 0.0146 319 114 496 376
bottle 0.0103 88 86 123 187
bottle 0.0080 240 57 305 190
bottle 0.0069 297 114 364 359
bottle 0.0044 61 53 435 373
bottle 0.0036 34 -2 218 203
bottle 0.0029 111 75 209 228
bottle 0.0025 0 197 6 299
bottle 0.0020 5 114 163 262
bottle 0.0020 491 73 500 149
bottle 0.0020 0 161 6 263
bottle 0.0018 0 150 15 325
bottle 0.0014 377 53 443 187
bottle 0.0012 378 66 395 113
bottle 0.0011 223 104 432 384
bottle 0.0010 264 120 390 250
person 0.0250 274 2 462 98
person 0.0101 0 -2 200 203
person 0.0089 436 13 501 142
person 0.0027 480 18 500 139
person 0.0022 484 77 499 312
person 0.0012 472 35 504 353
person 0.0011 0 80 16 281
person 0.0011 355 6 512 130
person 0.0010 442 0 499 72
