aeroplane 0.8694 130 68 353 126
aeroplane 0.7383 72 64 177 92
aeroplane 0.5249 18 124 471 202
aeroplane 0.1364 12 77 341 135
aeroplane 0.0862 134 63 183 87
aeroplane 0.0738 68 62 137 86
aeroplane 0.0254 134 64 273 106
aeroplane 0.0235 0 67 44 93
aeroplane 0.0217 96 61 225 87
aeroplane 0.0170 122 71 452 150
aeroplane 0.0122 -6 64 504 213
aeroplane 0.0116 452 59 499 75
aeroplane 0.0080 490 60 499 73
aeroplane 0.0064 6 106 346 182
aeroplane 0.0052 435 60 481 74
aeroplane 0.0046 0 70 47 119
aeroplane 0.0037 475 61 497 73
aeroplane 0.0037 0 84 23 115
aeroplane 0.0032 491 64 499 81
aeroplane 0.0031 248 72 339 123
aeroplane 0.0027 104 87 303 126
aeroplane 0.0025 441 61 469 72
aeroplane 0.0025 36 65 143 96
aeroplane 0.0022 1 44 46 99
aeroplane 0.0020 463 61 489 71
aeroplane 0.0019 0 162 24 189
aeroplane 0.0018 67 78 260 110
aeroplane 0.0017 471 62 500 83
aeroplane 0.0014 475 66 497 79
aeroplane 0.0013 48 154 449 214
aeroplane 0.0012 438 63 495 80
car 0.0508 0 237 13 255
car 0.0116 0 96 10 115
car 0.0057 97 260 122 280
car 0.0044 0 91 23 117
car 0.0044 0 123 7 141
car 0.0042 0 103 7 117
car 0.0013 0 189 26 200
person 0.1449 114 299 124 320
person 0.1361 277 285 285 306
person 0.0255 199 294 207 317
person 0.0196 125 299 134 320
person 0.0194 267 285 273 307
person 0.0192 258 286 265 306
person 0.0165 347 282 355 303
person 0.0124 248 300 257 319
person 0.0084 209 268 216 285
person 0.0072 340 282 348 303
person 0.0040 177 293 185 315
person 0.0039 209 293 218 314
person 0.0033 189 298 200 318
person 0.0028 164 255 174 274
person 0.0025 83 248 91 268
person 0.0022 179 294 188 315
person 0.0019 479 327 495 333
person 0.0017 492 281 499 302
person 0.0016 126 250 133 267
person 0.0011 17 243 28 263
