bottle 0.0029 496 147 500 176
bottle 0.0010 5 271 125 378
chair 0.9790 372 155 456 259
chair 0.9672 18 143 101 262
chair 0.9626 456 153 499 260
chair 0.2662 180 142 233 210
chair 0.1810 100 161 191 232
chair 0.0559 0 125 19 233
chair 0.0544 239 149 262 202
chair 0.0238 465 128 501 236
chair 0.0200 0 150 13 215
chair 0.0188 70 125 108 153
chair 0.0105 101 169 155 240
chair 0.0098 168 139 203 218
chair 0.0070 103 144 151 220
chair 0.0068 434 148 470 244
chair 0.0065 0 166 11 258
chair 0.0025 37 135 93 232
chair 0.0024 448 173 519 242
chair 0.0023 140 166 191 226
chair 0.0022 416 155 493 258
chair 0.0020 8 142 44 247
chair 0.0020 68 129 107 231
chair 0.0019 0 113 10 196
chair 0.0018 86 126 111 153
chair 0.0017 157 176 201 233
chair 0.0015 131 296 442 373
chair 0.0011 491 153 500 256
chair 0.0011 177 134 196 176
chair 0.0010 106 153 151 184
chair 0.0010 3 121 45 213
diningtable 0.6602 6 144 182 244
diningtable 0.0638 8 296 416 375
diningtable 0.0266 -7 76 436 363
diningtable 0.0139 58 333 435 376
diningtable 0.0115 101 146 230 233
diningtable 0.0101 4 285 184 375
diningtable 0.0045 -2 131 196 357
diningtable 0.0033 77 353 325 375
diningtable 0.0019 9 354 240 375
diningtable 0.0015 59 249 361 367
diningtable 0.0012 94 338 309 372
diningtable 0.0011 3 330 268 376
person 0.9955 187 94 251 202
person 0.9880 129 105 438 369
person 0.9780 360 88 461 244
person 0.9587 352 87 425 218
person 0.1196 353 86 408 167
person 0.0072 285 85 307 109
person 0.0019 496 137 500 173
person 0.0018 493 125 500 183
person 0.0016 240 90 357 238
