bottle 0.0024 479 296 500 378
bottle 0.0014 476 335 500 376
chair 0.0029 0 112 193 381
person 0.9881 250 99 427 375
person 0.9591 23 115 383 376
person 0.0125 268 144 442 298
person 0.0017 131 99 519 382
person 0.0015 66 175 344 318
person 0.0013 483 215 499 377
pottedplant 0.0032 437 14 501 288
sofa 0.7434 -1 165 421 369
sofa 0.0061 120 218 442 378
sofa 0.0015 -4 214 279 384
tvmonitor 0.9751 380 177 488 276
tvmonitor 0.0051 370 155 509 331
tvmonitor 0.0028 492 252 500 344
tvmonitor 0.0026 481 266 500 382
tvmonitor 0.0021 400 186 466 263
