chair 0.0527 0 6 66 124
chair 0.0032 0 0 22 128
chair 0.0015 0 -4 12 68
chair 0.0013 4 1 50 70
chair 0.0012 0 36 15 209
chair 0.0011 20 0 71 71
person 0.0271 77 0 122 34
person 0.0034 60 -2 115 72
person 0.0018 23 1 113 42
person 0.0011 42 0 92 71
pottedplant 0.0010 47 0 96 8
sofa 0.9075 -1 45 496 339
sofa 0.0011 82 155 411 274
tvmonitor 0.0312 108 0 150 23
tvmonitor 0.0096 0 0 14 19
tvmonitor 0.0045 3 0 22 9
tvmonitor 0.0038 136 0 156 10
tvmonitor 0.0022 8 0 59 21
tvmonitor 0.0018 10 0 37 7
tvmonitor 0.0015 0 -1 15 36
tvmonitor 0.0012 -1 0 24 22
