dog 0.0292 1 114 30 187
dog 0.0022 0 183 34 213
horse 0.9882 72 95 206 210
horse 0.3675 0 111 33 208
horse 0.0080 0 118 16 214
horse 0.0063 78 117 155 214
horse 0.0040 -1 170 35 213
horse 0.0026 -10 91 85 218
horse 0.0015 24 56 248 223
horse 0.0015 126 109 204 209
horse 0.0014 -4 96 24 192
horse 0.0010 8 94 165 214
person 0.9237 89 11 187 202
person 0.0111 110 18 175 152
person 0.0076 20 8 252 205
person 0.0047 0 108 54 210
person 0.0031 90 62 184 147
person 0.0028 0 77 33 193
person 0.0014 0 47 11 172
person 0.0010 -2 21 18 199
person 0.0010 0 166 5 212
