bus 0.9757 121 93 439 275
bus 0.0017 105 118 322 251
bus 0.0010 96 179 122 214
car 0.9922 55 208 108 241
car 0.9747 455 202 498 247
car 0.0922 96 208 121 234
car 0.0505 456 192 497 214
car 0.0064 462 195 488 211
car 0.0049 492 194 499 215
car 0.0045 492 189 500 207
car 0.0040 453 196 499 227
car 0.0036 60 211 89 240
car 0.0013 33 202 56 225
car 0.0013 0 186 4 210
car 0.0010 488 187 500 223
car 0.0010 444 171 502 274
car 0.0010 41 204 58 246
person 0.9884 119 183 153 315
person 0.9611 1 199 31 273
person 0.3732 0 202 8 266
person 0.0498 24 202 37 262
person 0.0257 18 201 32 266
person 0.0169 0 212 5 255
person 0.0052 0 196 4 229
person 0.0026 0 185 6 241
person 0.0026 0 225 4 270
person 0.0017 0 223 7 285
person 0.0017 0 198 25 241
person 0.0012 -23 208 44 265
person 0.0011 25 201 39 239
