car 0.0172 116 268 138 282
car 0.0022 188 269 203 282
person 0.9990 210 199 278 369
person 0.9957 160 245 188 306
person 0.9938 366 202 420 339
person 0.9724 470 231 499 295
person 0.6717 41 258 56 292
person 0.5698 19 257 34 291
person 0.2600 427 253 441 290
person 0.1339 10 255 23 288
person 0.0351 439 254 457 289
person 0.0241 492 226 500 300
person 0.0132 154 258 198 296
person 0.0090 497 243 500 281
person 0.0060 464 244 507 282
person 0.0045 234 216 275 346
person 0.0034 362 246 379 281
person 0.0025 356 228 427 307
person 0.0018 360 217 396 340
person 0.0016 407 254 421 288
person 0.0015 207 216 238 343
person 0.0013 118 0 140 9
person 0.0012 0 257 6 284
person 0.0011 496 230 500 266
person 0.0011 205 243 281 314
pottedplant 0.0071 316 219 332 276
pottedplant 0.0036 186 258 207 282
pottedplant 0.0020 108 221 144 283
pottedplant 0.0018 302 218 336 282
pottedplant 0.0013 263 229 280 281
