bottle 0.0401 0 364 13 499
bottle 0.0019 0 387 7 505
person 0.9980 129 81 303 495
person 0.9949 10 133 172 506
person 0.9763 248 79 374 484
person 0.5132 0 76 67 483
person 0.0964 38 87 158 332
person 0.0881 92 82 148 170
person 0.0262 329 75 374 520
person 0.0233 98 123 173 477
person 0.0161 63 75 188 430
person 0.0087 226 99 278 155
person 0.0079 202 112 236 144
person 0.0078 22 219 161 429
person 0.0075 0 159 42 512
person 0.0065 2 97 97 307
person 0.0057 91 85 151 280
person 0.0056 0 281 11 509
person 0.0052 -11 79 271 499
person 0.0050 264 171 377 392
person 0.0037 3 145 136 344
person 0.0032 363 132 374 463
person 0.0026 0 304 5 454
person 0.0025 172 75 432 497
person 0.0019 352 77 378 519
person 0.0019 370 169 374 203
person 0.0017 142 190 287 378
person 0.0015 -3 66 22 493
person 0.0015 367 152 375 221
person 0.0015 -2 174 88 392
person 0.0013 39 111 122 286
person 0.0012 0 115 11 443
person 0.0011 63 94 180 255
person 0.0010 45 79 156 202
