chair 0.9693 81 201 197 329
chair 0.7628 290 167 369 256
chair 0.2340 400 270 500 333
chair 0.0541 434 223 501 327
chair 0.0516 308 261 499 333
chair 0.0418 87 239 242 334
chair 0.0194 0 193 23 330
chair 0.0143 77 166 258 331
chair 0.0133 408 180 501 318
chair 0.0054 325 293 502 333
chair 0.0039 226 190 248 223
chair 0.0030 407 247 499 305
chair 0.0030 472 230 500 320
chair 0.0029 449 200 499 300
chair 0.0027 0 197 8 268
chair 0.0022 471 267 500 332
chair 0.0021 381 217 492 333
chair 0.0021 293 201 505 332
chair 0.0020 0 244 6 338
chair 0.0018 295 183 371 315
chair 0.0015 69 192 151 311
chair 0.0015 183 252 479 334
chair 0.0011 80 229 178 293
chair 0.0011 272 312 477 334
chair 0.0010 3 207 41 316
chair 0.0010 0 261 20 339
diningtable 0.5171 134 221 373 332
diningtable 0.0833 -2 185 34 262
diningtable 0.0129 -6 177 33 322
diningtable 0.0033 2 198 40 298
diningtable 0.0029 0 152 29 246
diningtable 0.0018 -1 166 49 283
diningtable 0.0013 -15 200 43 248
diningtable 0.0011 172 201 481 335
pottedplant 0.0290 219 145 295 229
pottedplant 0.0150 478 22 500 118
pottedplant 0.0019 477 50 500 191
pottedplant 0.0017 221 223 302 274
pottedplant 0.0015 487 45 500 114
sofa 0.0427 400 287 499 332
sofa 0.0015 400 264 499 356
