bottle 0.1747 239 387 272 395
bottle 0.0062 224 386 245 395
bottle 0.0038 227 388 264 396
bottle 0.0035 233 387 313 395
bottle 0.0035 212 218 257 285
bottle 0.0027 234 375 274 396
bottle 0.0021 77 69 104 119
bottle 0.0013 87 90 114 116
bottle 0.0011 251 389 293 395
bottle 0.0010 226 374 244 396
bottle 0.0010 67 87 113 118
car 0.7902 297 54 332 74
car 0.0090 165 15 210 38
car 0.0021 298 56 313 70
car 0.0011 162 12 209 62
chair 0.9475 250 142 320 240
chair 0.0414 40 51 86 91
chair 0.0229 323 246 496 395
chair 0.0180 441 232 501 390
chair 0.0109 0 56 11 119
chair 0.0091 474 259 500 392
chair 0.0087 0 58 24 117
chair 0.0063 403 200 500 395
chair 0.0061 244 135 319 333
chair 0.0050 23 61 74 138
chair 0.0029 0 64 6 94
chair 0.0028 11 83 91 138
chair 0.0025 215 194 511 389
chair 0.0021 240 296 495 397
chair 0.0018 39 68 84 104
chair 0.0016 38 72 68 99
chair 0.0013 10 69 31 122
chair 0.0013 256 163 306 271
chair 0.0013 449 320 498 394
chair 0.0012 466 189 504 404
chair 0.0010 210 141 317 266
chair 0.0010 0 68 7 105
chair 0.0010 281 153 392 313
diningtable 0.0042 266 178 461 276
diningtable 0.0019 203 150 377 245
person 0.9661 83 40 281 357
person 0.9540 236 3 493 387
person 0.8275 11 66 117 194
person 0.2655 44 49 92 115
person 0.2348 120 38 143 76
person 0.2074 65 104 173 250
person 0.1893 101 66 146 129
person 0.1202 27 52 106 146
person 0.1147 38 65 134 132
person 0.0932 110 41 145 94
person 0.0874 111 66 143 105
person 0.0478 281 148 400 259
person 0.0468 58 48 87 93
person 0.0144 1 46 346 404
person 0.0142 63 78 145 140
person 0.0124 39 51 238 281
person 0.0101 3 49 170 223
person 0.0086 66 59 144 113
person 0.0081 59 70 150 189
person 0.0063 23 80 70 142
person 0.0059 166 30 419 364
person 0.0044 115 61 160 133
person 0.0033 96 119 268 273
person 0.0030 45 48 122 93
person 0.0030 76 112 167 175
person 0.0022 306 144 490 247
person 0.0020 26 90 139 164
person 0.0019 98 64 186 130
person 0.0018 130 119 531 396
person 0.0017 29 59 235 162
person 0.0017 70 62 268 211
person 0.0017 16 20 163 135
person 0.0016 118 67 138 91
person 0.0015 481 19 499 146
person 0.0014 25 48 79 121
person 0.0010 365 5 513 391
person 0.0010 85 63 101 82
pottedplant 0.0557 5 0 92 77
pottedplant 0.0534 0 65 11 125
pottedplant 0.0409 0 65 28 129
pottedplant 0.0362 3 65 47 133
pottedplant 0.0208 0 85 9 133
pottedplant 0.0201 39 45 87 85
pottedplant 0.0111 40 9 89 94
pottedplant 0.0086 27 97 54 138
pottedplant 0.0078 0 91 5 128
pottedplant 0.0060 22 89 46 133
pottedplant 0.0047 10 76 31 128
pottedplant 0.0041 0 1 46 35
pottedplant 0.0041 0 2 24 34
pottedplant 0.0039 0 1 11 35
pottedplant 0.0032 0 76 7 113
pottedplant 0.0026 9 43 89 93
pottedplant 0.0026 -2 -5 69 111
pottedplant 0.0024 12 -4 164 93
pottedplant 0.0023 4 7 52 94
pottedplant 0.0023 0 1 8 22
pottedplant 0.0021 -4 44 64 151
pottedplant 0.0018 0 96 28 136
pottedplant 0.0015 -3 12 130 136
pottedplant 0.0014 0 0 9 9
pottedplant 0.0013 0 81 7 167
pottedplant 0.0013 -2 0 68 47
pottedplant 0.0012 -1 76 23 179
pottedplant 0.0012 0 110 4 137
