bottle 0.9681 205 72 337 405
bottle 0.9497 54 75 168 360
bottle 0.4235 2 1 145 131
bottle 0.0174 127 3 370 188
bottle 0.0173 0 1 37 244
bottle 0.0106 -1 -1 75 171
bottle 0.0102 209 203 333 361
bottle 0.0062 54 2 136 90
bottle 0.0046 283 49 370 238
bottle 0.0039 151 45 395 521
bottle 0.0034 203 99 344 255
bottle 0.0032 -3 3 151 253
bottle 0.0016 53 44 191 520
bottle 0.0016 0 15 20 231
bottle 0.0014 -12 470 142 501
bottle 0.0013 -9 446 111 500
bottle 0.0010 47 4 201 115
cat 0.0012 2 471 155 501
diningtable 0.0192 9 65 367 512
diningtable 0.0021 43 233 336 497
diningtable 0.0012 101 232 275 343
