bicycle 0.0012 454 146 499 177
chair 0.9933 200 188 290 289
chair 0.9830 116 195 199 305
chair 0.9496 344 179 416 286
chair 0.9038 73 174 134 278
chair 0.7418 0 229 84 360
chair 0.6221 317 179 349 258
chair 0.4108 384 153 426 185
chair 0.4016 419 177 471 241
chair 0.0918 -1 305 89 375
chair 0.0656 410 175 480 272
chair 0.0512 425 175 469 209
chair 0.0467 406 196 492 336
chair 0.0273 1 283 53 365
chair 0.0253 369 172 421 250
chair 0.0154 336 169 360 194
chair 0.0133 0 169 11 227
chair 0.0119 3 242 52 347
chair 0.0111 0 236 27 354
chair 0.0090 387 157 427 229
chair 0.0069 0 299 27 376
chair 0.0063 0 191 65 317
chair 0.0060 70 174 110 250
chair 0.0058 333 172 369 251
chair 0.0044 197 183 252 264
chair 0.0042 448 301 499 376
chair 0.0041 29 144 70 220
chair 0.0040 77 175 119 206
chair 0.0038 394 176 428 265
chair 0.0037 310 287 499 374
chair 0.0033 1 321 53 376
chair 0.0033 0 283 7 372
chair 0.0032 406 173 428 207
chair 0.0032 233 181 262 214
chair 0.0031 0 148 21 242
chair 0.0024 480 214 499 377
chair 0.0023 312 355 515 375
chair 0.0022 -8 219 38 370
chair 0.0021 256 191 291 282
chair 0.0020 384 160 413 192
chair 0.0019 368 167 387 181
chair 0.0019 364 333 500 376
chair 0.0017 365 239 502 371
chair 0.0015 387 165 425 199
chair 0.0014 -4 258 73 331
chair 0.0014 212 179 264 243
chair 0.0014 439 198 500 366
chair 0.0014 0 351 6 377
chair 0.0013 327 174 351 235
chair 0.0013 403 172 467 222
chair 0.0011 0 363 9 376
chair 0.0011 365 168 380 183
chair 0.0011 330 172 354 208
chair 0.0010 0 334 8 378
chair 0.0010 336 169 352 187
chair 0.0010 0 331 171 374
diningtable 0.4135 89 184 273 295
diningtable 0.1938 339 184 421 262
diningtable 0.0025 123 179 249 234
diningtable 0.0016 308 187 437 285
diningtable 0.0012 336 172 423 222
person 0.0045 0 208 26 325
person 0.0010 0 173 62 306
pottedplant 0.0023 87 0 155 25
sofa 0.0039 2 295 188 376
