bird 0.8870 70 267 172 332
bird 0.7468 151 85 248 238
bird 0.5639 68 264 146 308
bird 0.4588 236 124 294 271
bird 0.2509 138 44 277 287
bird 0.0309 65 290 155 330
bird 0.0226 -6 8 430 320
bird 0.0048 14 280 184 340
bird 0.0030 94 288 181 331
bird 0.0029 97 267 179 311
bird 0.0016 129 269 169 298
bird 0.0012 -7 262 140 332
bird 0.0012 120 15 376 267
person 0.5449 441 292 490 333
person 0.0236 379 294 489 332
person 0.0132 471 286 501 337
person 0.0069 488 286 499 334
person 0.0021 445 311 503 333
person 0.0018 480 245 501 332
person 0.0017 491 252 500 330
person 0.0016 442 325 507 333
person 0.0016 471 327 501 333
person 0.0015 473 310 500 333
person 0.0014 488 325 500 333
person 0.0013 491 312 500 334
person 0.0013 439 295 531 329
