chair 0.8865 207 208 262 299
chair 0.7860 93 194 149 287
chair 0.0426 95 180 186 298
chair 0.0420 110 164 156 283
chair 0.0393 207 186 259 263
chair 0.0136 97 289 144 388
chair 0.0061 96 207 147 391
chair 0.0037 240 198 262 287
chair 0.0032 190 156 266 293
chair 0.0032 95 171 131 274
chair 0.0029 175 176 224 264
chair 0.0026 94 162 150 249
chair 0.0019 97 213 132 293
chair 0.0018 219 179 251 209
chair 0.0018 147 209 210 302
chair 0.0017 121 159 151 255
chair 0.0014 237 181 262 210
chair 0.0012 92 171 115 268
chair 0.0011 155 186 181 297
diningtable 0.9096 110 190 251 301
diningtable 0.0029 98 180 265 473
diningtable 0.0013 155 211 220 301
person 0.0563 97 152 178 292
person 0.0067 128 160 157 281
person 0.0054 176 175 203 264
person 0.0026 164 174 191 268
person 0.0012 156 173 181 273
