bottle 0.7852 9 14 32 62
bottle 0.7544 28 15 50 61
bottle 0.2208 0 14 11 64
bottle 0.1142 65 22 83 82
bottle 0.0569 81 23 101 81
bottle 0.0313 53 19 72 74
bottle 0.0177 0 15 8 106
bottle 0.0149 0 1 17 126
bottle 0.0111 0 22 8 57
bottle 0.0087 53 6 84 73
bottle 0.0083 40 0 64 5
bottle 0.0076 52 0 73 6
bottle 0.0052 28 14 57 82
bottle 0.0051 4 6 25 47
bottle 0.0046 7 12 40 82
bottle 0.0042 31 0 54 4
bottle 0.0031 61 0 81 7
bottle 0.0024 61 18 81 61
bottle 0.0019 71 17 92 78
bottle 0.0018 45 23 62 68
bottle 0.0016 32 25 47 54
bottle 0.0016 0 34 6 72
bottle 0.0015 9 25 22 53
bottle 0.0014 68 3 104 75
bottle 0.0011 13 25 29 53
bottle 0.0010 70 20 106 105
bottle 0.0010 3 -1 44 53
person 0.9941 107 31 261 384
person 0.9929 239 54 358 372
person 0.9885 0 53 138 376
person 0.9370 366 37 499 380
person 0.5382 311 30 359 129
person 0.4999 341 58 440 361
person 0.2288 432 10 499 382
person 0.2235 313 31 358 77
person 0.0804 334 65 386 355
person 0.0798 367 69 465 256
person 0.0711 336 78 408 245
person 0.0194 241 127 382 301
person 0.0109 1 42 346 379
person 0.0090 108 132 258 291
person 0.0082 2 135 159 293
person 0.0078 340 128 482 297
person 0.0076 438 0 498 70
person 0.0062 338 86 378 215
person 0.0058 236 51 324 278
person 0.0052 0 34 16 209
person 0.0048 303 43 364 171
person 0.0041 159 22 346 361
person 0.0036 0 90 15 328
person 0.0036 437 0 501 214
person 0.0031 285 1 445 83
person 0.0030 386 0 438 70
person 0.0029 0 -1 28 6
person 0.0028 276 6 608 376
person 0.0023 301 60 371 360
person 0.0023 227 65 298 353
person 0.0022 0 -5 12 44
person 0.0021 89 62 164 357
person 0.0017 -121 53 242 377
person 0.0017 153 49 503 378
person 0.0017 414 0 440 6
person 0.0017 -2 0 50 7
person 0.0015 -3 58 25 360
person 0.0013 382 0 434 23
person 0.0013 6 0 41 5
person 0.0013 485 54 500 305
person 0.0013 0 49 6 186
person 0.0012 0 -6 28 57
person 0.0011 309 27 396 76
person 0.0011 349 0 441 45
person 0.0011 0 0 12 7
person 0.0011 299 32 347 95
person 0.0011 271 54 361 274
person 0.0010 0 58 59 362
person 0.0010 435 0 497 33
person 0.0010 412 -1 496 47
person 0.0010 414 0 440 34
person 0.0010 341 105 371 312
