bottle 0.0014 120 316 198 332
chair 0.0158 23 157 261 330
chair 0.0064 366 250 501 333
chair 0.0035 483 158 499 287
chair 0.0033 402 200 500 327
chair 0.0016 44 191 230 301
chair 0.0015 324 210 497 336
chair 0.0014 25 212 171 324
diningtable 0.0016 13 315 236 333
person 0.9882 280 184 365 333
person 0.9794 281 117 384 307
person 0.9793 223 196 301 332
person 0.9591 93 205 166 323
person 0.5934 160 202 234 330
person 0.0955 0 201 16 324
person 0.0813 72 208 272 328
person 0.0255 304 189 398 333
person 0.0141 164 126 419 314
person 0.0036 0 206 7 312
person 0.0027 -4 138 26 336
person 0.0024 213 208 371 333
person 0.0023 0 123 16 300
person 0.0011 0 242 12 325
sofa 0.6105 26 157 389 331
sofa 0.0117 44 256 376 332
sofa 0.0098 47 158 301 272
sofa 0.0061 67 190 348 298
sofa 0.0012 37 295 381 333
tvmonitor 0.2075 488 163 500 224
tvmonitor 0.0397 484 151 500 246
tvmonitor 0.0080 446 259 500 323
tvmonitor 0.0056 492 169 500 258
tvmonitor 0.0056 396 267 503 332
tvmonitor 0.0032 374 293 495 333
tvmonitor 0.0032 492 184 499 218
tvmonitor 0.0017 474 262 499 335
tvmonitor 0.0012 478 164 499 212
tvmonitor 0.0010 492 171 499 207
