bottle 0.0208 0 97 23 140
bottle 0.0060 0 96 9 155
bottle 0.0037 232 253 278 311
bottle 0.0020 0 95 15 130
bottle 0.0016 217 257 268 330
bottle 0.0011 0 95 12 115
chair 0.6703 19 135 149 281
chair 0.0351 37 100 209 135
chair 0.0034 101 102 176 131
chair 0.0032 60 130 191 259
chair 0.0012 130 134 195 255
chair 0.0011 0 240 93 376
diningtable 0.8058 11 126 182 262
diningtable 0.1879 50 268 363 379
diningtable 0.0816 11 102 198 134
diningtable 0.0078 6 68 195 142
diningtable 0.0070 9 163 162 320
diningtable 0.0066 4 96 196 164
diningtable 0.0046 9 116 241 373
diningtable 0.0038 30 120 212 208
diningtable 0.0037 -134 72 326 360
diningtable 0.0036 1 223 499 382
diningtable 0.0021 124 256 445 360
diningtable 0.0017 16 249 256 367
person 0.9759 292 -1 502 379
person 0.6479 219 0 254 131
person 0.4776 2 114 128 379
person 0.1434 23 58 67 92
person 0.1005 0 46 53 312
person 0.0956 245 5 276 126
person 0.0557 302 0 342 51
person 0.0316 144 22 189 54
person 0.0298 0 86 26 215
person 0.0252 0 111 64 395
person 0.0111 1 204 91 381
person 0.0109 -2 63 32 270
person 0.0061 4 88 86 302
person 0.0060 143 16 219 59
person 0.0053 0 93 20 293
person 0.0049 4 92 43 236
person 0.0046 93 10 488 366
person 0.0040 247 19 277 61
person 0.0027 220 4 254 68
person 0.0027 308 125 490 245
person 0.0025 0 97 8 169
person 0.0024 144 27 173 62
person 0.0017 0 163 17 370
person 0.0016 1 90 46 157
person 0.0014 168 31 221 62
person 0.0014 261 6 709 371
person 0.0012 0 22 6 114
person 0.0012 6 53 53 106
person 0.0012 9 198 168 354
person 0.0011 407 39 498 351
person 0.0011 -4 109 30 396
person 0.0011 484 72 499 317
person 0.0011 0 115 8 208
person 0.0010 284 3 350 61
person 0.0010 240 6 281 67
