chair 0.0083 87 315 127 429
chair 0.0044 0 301 13 484
chair 0.0037 84 233 133 438
chair 0.0014 0 305 4 454
person 0.9934 2 162 140 443
person 0.9410 244 131 334 458
person 0.8999 94 39 248 472
person 0.3827 0 210 14 345
person 0.1029 0 220 11 451
person 0.0864 71 116 318 530
person 0.0638 0 217 7 331
person 0.0232 0 213 8 276
person 0.0161 0 143 13 300
person 0.0097 82 191 136 441
person 0.0093 0 259 7 384
person 0.0089 225 165 328 331
person 0.0067 0 219 14 287
person 0.0057 246 139 336 288
person 0.0047 0 199 35 435
person 0.0043 0 167 7 264
person 0.0043 0 223 6 265
person 0.0032 0 216 29 338
person 0.0026 213 214 329 503
person 0.0026 293 137 335 459
person 0.0020 321 158 333 399
person 0.0019 81 176 137 307
person 0.0018 -3 179 17 420
person 0.0018 2 169 59 431
person 0.0016 159 37 430 469
person 0.0012 0 151 38 331
person 0.0011 22 178 141 332
