car 0.9820 36 241 347 437
car 0.0135 0 278 5 308
car 0.0031 0 265 4 302
car 0.0022 62 240 311 354
car 0.0018 0 266 6 318
person 0.9937 280 251 308 333
person 0.9923 313 257 346 324
person 0.9615 349 250 374 412
person 0.0526 345 242 358 287
person 0.0361 315 244 324 262
person 0.0195 369 240 375 420
person 0.0127 110 263 141 287
person 0.0115 138 268 153 285
person 0.0087 336 245 349 284
person 0.0080 115 265 133 285
person 0.0076 347 243 356 268
person 0.0067 339 245 348 267
person 0.0046 359 244 370 266
person 0.0038 326 246 341 265
person 0.0023 367 241 375 266
person 0.0022 341 240 372 359
person 0.0018 348 241 361 302
person 0.0017 321 245 336 262
person 0.0017 331 257 348 328
person 0.0017 272 246 319 386
person 0.0014 356 242 373 285
person 0.0013 338 286 389 379
person 0.0013 312 244 326 282
person 0.0010 302 236 350 356
person 0.0010 354 220 375 339
