sheep 0.9775 225 198 333 318
sheep 0.9744 157 304 279 446
sheep 0.9431 72 254 174 453
sheep 0.9369 7 325 100 475
sheep 0.8887 39 196 152 257
sheep 0.8043 152 254 292 388
sheep 0.7420 139 221 210 262
sheep 0.7414 1 243 92 357
sheep 0.0448 -2 240 73 435
sheep 0.0256 70 200 193 250
sheep 0.0090 50 203 219 272
sheep 0.0089 31 248 149 403
sheep 0.0080 213 255 318 379
sheep 0.0070 130 247 265 347
sheep 0.0057 35 242 130 311
sheep 0.0055 158 304 218 443
sheep 0.0046 98 284 236 440
sheep 0.0041 164 304 259 368
sheep 0.0036 147 238 205 265
sheep 0.0022 138 212 172 234
sheep 0.0020 217 242 249 264
sheep 0.0016 0 242 12 469
sheep 0.0015 30 231 136 284
sheep 0.0014 152 252 270 311
sheep 0.0013 67 172 256 259
sheep 0.0013 212 237 242 255
sheep 0.0012 243 215 331 376
sheep 0.0011 55 234 172 351
sheep 0.0011 224 245 305 313
sheep 0.0010 1 295 84 370
sheep 0.0010 199 321 269 457
sheep 0.0010 227 196 347 454
