bicycle 0.0015 481 84 500 191
bottle 0.8244 255 116 277 178
bottle 0.3180 276 112 292 167
bottle 0.0449 246 165 266 198
bottle 0.0397 240 172 273 244
bottle 0.0269 260 112 286 185
bottle 0.0062 271 69 281 95
bottle 0.0050 270 77 280 102
bottle 0.0035 266 100 274 125
bottle 0.0028 277 97 293 140
bottle 0.0026 265 100 277 134
bottle 0.0026 285 108 301 157
bottle 0.0021 263 87 295 161
bottle 0.0013 284 96 300 142
bottle 0.0010 277 112 289 142
chair 0.7751 49 99 85 152
chair 0.3648 54 82 92 109
chair 0.1402 0 122 33 180
chair 0.1261 61 80 116 109
chair 0.0290 143 54 169 69
chair 0.0184 141 59 185 102
chair 0.0138 29 100 102 149
chair 0.0119 0 84 31 106
chair 0.0117 468 165 501 201
chair 0.0105 0 86 5 105
chair 0.0105 142 54 172 80
chair 0.0097 322 45 360 90
chair 0.0072 379 55 413 82
chair 0.0064 0 133 28 224
chair 0.0046 58 100 106 171
chair 0.0040 404 195 500 368
chair 0.0040 -1 113 30 152
chair 0.0037 488 93 500 173
chair 0.0032 84 78 119 106
chair 0.0031 0 121 9 174
chair 0.0029 0 132 8 219
chair 0.0024 372 41 414 89
chair 0.0021 478 217 499 374
chair 0.0017 124 62 156 105
chair 0.0017 320 42 343 82
chair 0.0015 111 86 130 105
chair 0.0015 0 93 28 130
chair 0.0014 438 245 500 372
chair 0.0012 0 91 5 116
chair 0.0011 0 82 8 141
chair 0.0010 105 77 134 105
chair 0.0010 9 84 33 99
chair 0.0010 2 97 27 109
diningtable 0.9492 59 109 438 377
diningtable 0.2270 0 108 49 142
diningtable 0.2134 143 63 418 312
diningtable 0.1012 0 97 87 151
diningtable 0.0396 0 106 60 163
diningtable 0.0126 183 90 379 221
diningtable 0.0084 122 61 204 124
diningtable 0.0070 100 48 397 217
diningtable 0.0063 95 51 326 148
diningtable 0.0057 48 77 127 111
diningtable 0.0053 -24 42 455 277
diningtable 0.0049 0 89 60 136
diningtable 0.0045 -6 75 64 175
diningtable 0.0040 -5 159 140 280
diningtable 0.0030 0 98 47 127
diningtable 0.0029 120 134 388 240
diningtable 0.0027 5 86 59 107
diningtable 0.0024 215 83 344 133
diningtable 0.0022 0 124 42 157
diningtable 0.0020 -23 101 54 147
diningtable 0.0017 21 100 73 168
diningtable 0.0015 16 93 67 113
diningtable 0.0012 17 74 176 191
diningtable 0.0011 228 74 331 113
diningtable 0.0010 242 91 354 151
person 0.9989 124 90 211 214
person 0.9978 351 87 430 190
person 0.9944 -2 149 169 378
person 0.9896 316 104 498 369
person 0.9862 68 105 168 250
person 0.9844 277 40 316 85
person 0.9797 177 57 232 121
person 0.9745 342 56 382 137
person 0.9442 122 62 160 133
person 0.8304 228 48 263 103
person 0.5891 349 76 404 165
person 0.3608 233 43 261 83
person 0.2623 338 52 361 96
person 0.1342 224 56 249 105
person 0.1051 363 75 416 145
person 0.0568 0 106 33 170
person 0.0368 337 51 374 112
person 0.0354 328 103 493 215
person 0.0238 18 63 183 257
person 0.0223 129 60 237 121
person 0.0188 71 29 270 230
person 0.0170 174 63 221 103
person 0.0165 358 46 382 88
person 0.0141 109 67 177 127
person 0.0123 94 48 251 152
person 0.0104 325 51 359 104
person 0.0101 131 63 520 374
person 0.0088 481 130 499 345
person 0.0078 165 37 244 130
person 0.0076 0 98 9 167
person 0.0071 383 102 434 194
person 0.0069 331 43 371 92
person 0.0057 442 129 499 377
person 0.0052 479 94 500 208
person 0.0051 0 71 30 147
person 0.0050 213 57 260 95
person 0.0041 56 70 210 200
person 0.0037 320 -7 494 208
person 0.0034 0 161 17 372
person 0.0034 259 57 485 259
person 0.0034 382 75 416 118
person 0.0034 473 143 500 244
person 0.0032 -16 -32 444 236
person 0.0031 357 43 380 67
person 0.0029 50 106 133 229
person 0.0027 122 72 206 136
person 0.0025 215 56 241 107
person 0.0024 471 115 503 361
person 0.0022 0 245 24 376
person 0.0022 163 58 210 124
person 0.0022 343 56 358 81
person 0.0018 279 149 470 280
person 0.0016 -4 133 28 399
person 0.0015 187 64 244 141
person 0.0015 0 44 28 115
person 0.0015 -49 39 407 336
person 0.0014 0 125 20 291
person 0.0013 493 124 500 213
person 0.0013 493 149 500 274
person 0.0012 63 85 141 193
person 0.0012 238 54 254 80
person 0.0012 55 154 162 290
person 0.0011 0 145 58 387
person 0.0011 0 52 8 112
person 0.0011 400 116 501 213
pottedplant 0.0021 463 2 487 46
pottedplant 0.0012 -1 0 86 6
pottedplant 0.0011 36 0 70 3
pottedplant 0.0010 444 0 494 71
