boat 0.9602 75 3 404 261
boat 0.1540 4 9 267 251
boat 0.0294 244 3 408 260
boat 0.0121 -4 5 127 252
boat 0.0046 325 148 354 212
boat 0.0041 311 9 403 234
boat 0.0028 248 164 395 261
boat 0.0017 8 31 172 167
boat 0.0011 27 66 238 189
boat 0.0011 256 61 401 198
person 0.4545 331 172 352 213
person 0.3517 146 170 173 213
person 0.0948 311 178 336 212
person 0.0342 299 178 327 213
person 0.0219 0 1 23 34
person 0.0061 290 178 316 215
person 0.0043 284 182 304 214
person 0.0031 0 1 12 20
person 0.0030 0 -5 27 51
person 0.0020 0 3 14 45
person 0.0020 145 170 176 245
person 0.0018 335 177 349 205
person 0.0017 0 -1 52 48
person 0.0013 0 -1 12 10
person 0.0012 321 179 359 212
