car 0.0010 317 326 341 356
person 0.3073 220 300 254 370
person 0.0017 273 305 293 353
train 0.9008 292 164 452 269
train 0.6340 55 147 284 240
train 0.0449 439 172 499 388
train 0.0212 294 151 371 214
train 0.0152 63 141 339 289
train 0.0091 79 149 250 186
train 0.0056 60 151 186 262
train 0.0055 293 151 498 340
train 0.0054 137 149 354 227
train 0.0036 375 164 508 383
train 0.0027 406 239 499 376
train 0.0025 443 148 499 299
train 0.0020 183 152 299 209
train 0.0015 133 151 269 204
train 0.0013 26 146 250 341
train 0.0010 274 246 461 363
