bus 0.0085 310 146 372 161
car 0.0036 305 146 360 160
cow 0.5380 51 169 93 201
cow 0.0075 14 180 72 215
cow 0.0011 31 171 101 210
horse 0.9737 327 184 391 232
horse 0.9620 400 191 470 235
horse 0.6285 156 175 186 202
horse 0.0597 204 177 220 207
horse 0.0292 217 163 227 178
horse 0.0252 319 160 397 257
horse 0.0147 393 164 475 258
horse 0.0031 329 181 352 196
horse 0.0030 324 181 362 235
horse 0.0024 346 190 374 232
horse 0.0020 339 201 393 234
horse 0.0013 422 193 451 232
horse 0.0010 153 177 216 202
