car 0.9324 173 164 269 198
car 0.0149 187 166 280 216
car 0.0063 207 163 277 189
car 0.0028 170 151 267 239
car 0.0015 201 160 311 198
cow 0.0015 394 131 409 147
motorbike 0.9900 247 176 403 301
motorbike 0.9456 188 185 285 286
motorbike 0.8185 157 175 243 271
motorbike 0.2281 22 178 65 234
motorbike 0.1616 54 178 90 238
motorbike 0.0737 6 171 46 223
motorbike 0.0339 158 164 257 220
motorbike 0.0293 7 170 87 227
motorbike 0.0256 61 186 98 253
motorbike 0.0203 170 177 271 240
motorbike 0.0132 26 179 100 239
motorbike 0.0076 159 195 209 269
motorbike 0.0075 1 174 27 222
motorbike 0.0072 101 167 262 273
motorbike 0.0055 208 180 305 237
motorbike 0.0043 10 179 33 229
motorbike 0.0036 208 196 264 278
motorbike 0.0022 63 159 102 234
motorbike 0.0018 19 165 171 270
motorbike 0.0016 211 155 301 266
motorbike 0.0014 231 178 322 296
motorbike 0.0013 232 187 282 261
motorbike 0.0011 54 152 118 263
motorbike 0.0011 138 144 297 293
motorbike 0.0010 388 236 424 261
person 0.9963 115 146 166 288
person 0.9890 86 148 120 276
person 0.9379 269 142 291 193
person 0.8928 283 143 308 213
person 0.0054 288 142 308 185
person 0.0043 259 156 300 230
person 0.0041 107 181 176 261
person 0.0032 264 147 303 188
person 0.0028 110 152 147 272
person 0.0027 279 161 311 254
person 0.0024 67 175 139 247
person 0.0018 273 152 287 185
person 0.0015 107 175 118 191
person 0.0014 273 155 314 195
pottedplant 0.0017 0 173 11 223
pottedplant 0.0015 29 174 58 207
