bicycle 0.9343 77 139 249 280
bicycle 0.9334 -1 173 80 330
bicycle 0.7825 259 182 330 327
bicycle 0.5319 83 157 248 391
bicycle 0.0323 0 184 81 263
bicycle 0.0303 71 150 165 263
bicycle 0.0181 1 260 79 330
bicycle 0.0128 164 148 259 280
bicycle 0.0082 0 188 16 329
bicycle 0.0043 249 158 334 418
bicycle 0.0041 49 274 233 382
bicycle 0.0033 -7 143 126 353
bicycle 0.0019 77 212 160 265
bicycle 0.0018 253 233 326 313
bicycle 0.0017 0 193 30 323
bicycle 0.0013 279 186 317 299
bicycle 0.0011 107 128 208 198
bicycle 0.0011 -15 149 293 418
bicycle 0.0011 280 194 333 399
bottle 0.0026 176 190 186 216
car 0.0010 272 172 292 180
person 0.4955 -1 134 69 314
person 0.4618 0 124 36 320
person 0.2223 266 138 330 311
person 0.0623 0 121 16 323
person 0.0478 297 147 328 292
person 0.0058 313 136 329 304
person 0.0032 293 55 329 274
person 0.0027 0 145 5 267
person 0.0014 0 167 4 341
person 0.0013 -6 12 82 335
person 0.0013 287 156 331 245
person 0.0012 79 163 157 247
person 0.0011 -2 159 63 244
person 0.0010 303 118 335 324
