car 0.8917 7 -2 491 315
car 0.0449 366 0 504 76
car 0.0070 243 -1 491 73
car 0.0059 71 -1 431 68
car 0.0058 312 3 500 107
car 0.0054 84 -5 417 36
car 0.0046 437 -2 500 88
car 0.0041 39 3 465 117
car 0.0020 219 0 377 33
car 0.0020 206 0 390 17
car 0.0012 233 2 495 165
car 0.0010 373 1 493 36
person 0.0049 382 0 414 5
person 0.0046 392 0 424 4
person 0.0043 355 0 404 9
person 0.0035 371 0 426 8
person 0.0030 401 0 435 3
person 0.0023 360 0 416 16
person 0.0022 331 0 389 9
person 0.0021 343 0 396 16
person 0.0020 420 0 453 3
person 0.0013 381 0 454 6
person 0.0011 345 0 376 7
