person 0.9918 296 49 499 375
person 0.9892 1 -4 344 378
person 0.8338 410 0 498 68
person 0.0440 0 4 52 208
person 0.0187 147 6 510 372
person 0.0095 308 141 490 288
person 0.0062 362 6 510 312
person 0.0059 437 10 502 231
person 0.0051 328 -3 493 86
person 0.0047 0 45 58 342
person 0.0033 391 2 433 66
person 0.0026 443 34 500 383
person 0.0021 -12 11 134 362
person 0.0021 483 84 499 333
person 0.0019 478 27 500 186
person 0.0019 471 34 504 383
person 0.0016 395 5 549 76
person 0.0016 137 138 357 234
person 0.0016 308 -5 500 209
person 0.0015 443 5 499 88
person 0.0014 0 18 23 197
person 0.0014 430 0 504 127
person 0.0013 476 8 500 119
person 0.0013 472 -1 500 73
person 0.0011 467 -2 506 217
person 0.0010 -5 41 30 347
person 0.0010 0 87 17 301
