bottle 0.0011 434 39 453 68
chair 0.7441 287 184 501 375
chair 0.1138 -5 175 139 378
chair 0.0871 0 177 50 356
chair 0.0239 0 215 21 374
chair 0.0202 402 186 500 379
chair 0.0174 0 182 47 261
chair 0.0091 442 140 501 335
chair 0.0067 0 179 27 326
chair 0.0058 478 158 500 316
chair 0.0042 468 153 505 380
chair 0.0040 0 231 94 381
chair 0.0038 3 283 172 376
chair 0.0033 0 169 91 337
chair 0.0026 478 212 500 377
chair 0.0020 176 147 550 398
chair 0.0019 365 117 512 379
chair 0.0018 0 250 9 362
chair 0.0014 -7 330 141 375
chair 0.0012 453 165 497 282
chair 0.0011 407 89 499 330
chair 0.0011 488 172 500 238
chair 0.0010 239 63 494 373
diningtable 0.0084 17 218 399 376
person 0.2251 430 1 459 67
tvmonitor 0.9548 252 52 409 194
tvmonitor 0.0017 0 62 25 101
