bottle 0.9524 333 0 486 93
bottle 0.2734 431 0 499 38
bottle 0.0428 431 0 485 25
bottle 0.0404 446 5 499 93
bottle 0.0114 389 -1 481 25
bottle 0.0096 388 0 448 9
bottle 0.0069 400 7 501 116
bottle 0.0053 470 0 501 35
bottle 0.0045 321 0 467 44
bottle 0.0036 227 0 437 90
bottle 0.0027 389 0 428 6
bottle 0.0027 472 -1 500 9
bottle 0.0026 491 -1 499 22
bottle 0.0025 449 38 498 114
bottle 0.0022 471 15 500 110
bottle 0.0021 488 -1 500 37
bottle 0.0020 489 0 501 10
bottle 0.0019 409 0 498 65
bottle 0.0019 344 0 432 8
bottle 0.0018 363 32 499 92
bottle 0.0017 386 0 451 18
bottle 0.0016 254 0 491 144
bottle 0.0014 364 26 502 165
bottle 0.0013 409 0 445 7
bottle 0.0012 302 -1 446 22
bottle 0.0011 266 0 410 42
bottle 0.0011 440 1 473 33
bottle 0.0011 438 0 503 190
bottle 0.0010 489 -1 500 79
bottle 0.0010 429 0 485 11
cat 0.0354 27 292 313 374
cat 0.0115 0 232 331 371
cat 0.0015 114 312 288 369
diningtable 0.0032 324 29 494 160
diningtable 0.0010 114 171 385 263
dog 0.0571 77 298 333 373
dog 0.0064 -1 216 503 382
dog 0.0017 66 327 424 377
dog 0.0013 109 324 294 375
dog 0.0013 19 244 314 376
person 0.9596 0 5 501 373
person 0.0880 -2 240 177 378
person 0.0141 365 24 505 351
person 0.0097 439 25 500 364
person 0.0060 309 23 500 236
person 0.0032 235 22 500 354
person 0.0032 15 180 484 374
person 0.0032 85 21 491 229
person 0.0023 0 217 97 375
person 0.0022 3 21 266 353
person 0.0019 402 12 503 205
person 0.0016 104 140 393 235
person 0.0013 -12 115 139 381
person 0.0013 195 -1 466 149
person 0.0011 468 21 505 368
person 0.0011 -3 330 66 374
person 0.0010 484 96 500 322
person 0.0010 479 30 499 214
