bicycle 0.0021 98 0 151 10
bottle 0.0119 152 158 162 184
bottle 0.0030 242 489 259 500
bottle 0.0011 327 289 333 391
chair 0.1749 318 13 333 162
chair 0.0266 0 2 31 95
chair 0.0224 323 36 333 144
chair 0.0111 243 2 304 88
chair 0.0110 304 50 332 199
chair 0.0092 0 2 34 170
chair 0.0089 113 0 187 11
chair 0.0054 0 6 19 162
chair 0.0051 255 15 296 116
chair 0.0039 105 0 214 22
chair 0.0037 312 22 335 227
chair 0.0024 270 -3 333 136
chair 0.0024 139 0 211 11
chair 0.0013 0 -5 7 92
chair 0.0012 173 0 228 11
chair 0.0010 0 2 61 89
chair 0.0010 -2 13 88 165
diningtable 0.0011 -1 388 182 494
motorbike 0.0024 92 0 145 10
person 0.9954 31 83 156 247
person 0.9949 161 150 318 301
person 0.9931 140 20 262 197
person 0.9847 1 264 190 476
person 0.9770 0 194 126 326
person 0.6784 225 0 294 63
person 0.4733 -5 191 181 378
person 0.3874 220 -1 311 105
person 0.0349 17 149 158 272
person 0.0296 313 60 332 222
person 0.0230 311 37 335 330
person 0.0180 141 65 341 291
person 0.0130 0 186 14 409
person 0.0096 318 102 332 338
person 0.0092 221 0 270 24
person 0.0084 257 0 291 63
person 0.0073 297 92 332 351
person 0.0072 195 -9 301 73
person 0.0065 249 0 326 58
person 0.0055 118 171 271 309
person 0.0048 300 39 331 247
person 0.0045 54 291 216 443
person 0.0040 2 249 125 397
person 0.0032 0 177 36 420
person 0.0030 213 0 242 23
person 0.0030 64 0 83 5
person 0.0030 0 203 115 273
person 0.0029 -12 231 296 498
person 0.0026 241 1 282 84
person 0.0025 320 167 332 428
person 0.0024 171 10 310 171
person 0.0024 15 94 201 313
person 0.0024 145 159 334 402
person 0.0024 0 185 62 374
person 0.0022 106 0 130 7
person 0.0020 214 -5 288 38
person 0.0019 73 227 207 348
person 0.0019 326 111 333 206
person 0.0018 270 49 332 315
person 0.0017 246 0 296 31
person 0.0016 58 0 114 10
person 0.0015 73 170 169 235
person 0.0014 0 226 5 360
person 0.0014 73 0 98 6
person 0.0012 313 120 336 474
person 0.0012 328 141 333 308
person 0.0010 293 175 333 457
person 0.0010 325 59 333 179
person 0.0010 0 265 12 482
person 0.0010 -7 190 97 458
pottedplant 0.0555 300 0 333 63
pottedplant 0.0256 312 3 332 89
pottedplant 0.0133 325 -1 333 68
pottedplant 0.0090 314 0 333 48
pottedplant 0.0054 315 0 332 9
pottedplant 0.0050 273 0 332 88
pottedplant 0.0042 301 -3 331 132
pottedplant 0.0033 287 -1 333 28
pottedplant 0.0031 326 0 333 11
pottedplant 0.0021 328 11 332 55
pottedplant 0.0015 285 0 335 13
pottedplant 0.0014 326 8 333 115
pottedplant 0.0014 328 32 332 73
pottedplant 0.0013 328 -1 333 30
pottedplant 0.0012 4 20 116 157
pottedplant 0.0011 284 -1 322 61
sofa 0.0179 -1 -1 46 26
sofa 0.0048 -6 -2 97 28
sofa 0.0046 -1 -1 90 53
sofa 0.0036 1 -2 120 117
sofa 0.0011 4 0 63 15
sofa 0.0010 3 2 52 41
tvmonitor 0.0022 0 0 17 12
tvmonitor 0.0012 0 0 8 12
