chair 0.8567 412 54 500 194
chair 0.7906 180 6 336 130
chair 0.0287 252 18 342 135
chair 0.0269 0 195 97 369
chair 0.0240 2 61 62 128
chair 0.0078 63 -2 209 93
chair 0.0071 -1 222 57 369
chair 0.0042 408 79 500 278
chair 0.0038 -2 5 65 127
chair 0.0037 0 224 24 368
chair 0.0027 113 -3 312 104
chair 0.0021 0 274 45 373
chair 0.0020 96 1 191 68
chair 0.0018 0 153 16 351
chair 0.0015 -4 281 133 376
chair 0.0014 4 234 172 376
chair 0.0014 371 38 505 338
chair 0.0013 -3 -4 130 96
chair 0.0011 0 54 82 161
chair 0.0011 173 0 274 107
chair 0.0010 -5 184 33 378
diningtable 0.9136 -2 46 503 384
diningtable 0.0024 102 158 467 379
diningtable 0.0015 101 163 403 275
person 0.0398 -5 17 127 364
person 0.0128 0 -3 57 365
person 0.0102 0 39 14 320
person 0.0079 -2 3 24 357
person 0.0067 1 101 88 376
person 0.0010 0 81 7 198
person 0.0010 0 49 15 194
