cat 0.0118 162 313 189 334
chair 0.9638 305 183 448 320
chair 0.3690 3 241 170 336
chair 0.0016 293 254 450 329
chair 0.0013 310 222 438 277
chair 0.0013 492 257 500 341
person 0.0010 272 226 294 256
pottedplant 0.3290 32 130 176 251
pottedplant 0.0058 175 179 217 223
pottedplant 0.0046 30 117 221 317
pottedplant 0.0015 251 198 276 221
sofa 0.0033 77 297 422 337
sofa 0.0023 20 252 317 337
tvmonitor 0.9531 476 188 499 311
tvmonitor 0.0082 489 199 500 282
tvmonitor 0.0040 451 178 495 324
tvmonitor 0.0030 479 237 500 340
tvmonitor 0.0020 477 207 498 273
tvmonitor 0.0016 453 223 527 276
