bottle 0.0042 96 0 156 25
bottle 0.0013 68 -1 176 27
motorbike 0.2521 3 143 370 504
motorbike 0.0024 64 303 310 429
motorbike 0.0023 17 386 359 497
motorbike 0.0010 80 266 295 391
person 0.9674 39 122 283 440
person 0.0071 67 175 253 330
person 0.0045 -37 -24 298 446
person 0.0044 2 92 199 416
person 0.0040 361 66 375 260
person 0.0039 58 156 196 272
person 0.0027 100 100 385 474
person 0.0022 101 0 163 25
person 0.0017 96 143 275 278
person 0.0013 302 58 376 269
person 0.0012 141 171 285 321
tvmonitor 0.0037 1 21 312 244
tvmonitor 0.0035 303 0 374 57
