person 0.9968 438 122 498 329
person 0.9967 146 107 267 336
person 0.2138 84 118 171 334
person 0.0320 486 117 500 332
person 0.0243 465 112 503 337
person 0.0165 494 190 500 315
person 0.0162 492 163 500 277
person 0.0091 41 153 60 185
person 0.0049 122 119 202 333
person 0.0030 25 156 44 183
person 0.0024 482 121 500 224
person 0.0019 33 151 63 223
person 0.0018 446 149 493 276
person 0.0017 33 155 51 184
person 0.0014 483 215 500 336
person 0.0013 492 129 500 235
person 0.0011 -16 93 444 343
person 0.0010 440 164 449 187
