chair 0.9728 194 139 282 249
chair 0.8092 295 174 500 374
chair 0.5866 116 146 174 302
chair 0.1434 282 156 362 266
chair 0.0607 116 147 203 250
chair 0.0602 56 145 108 175
chair 0.0437 80 144 171 331
chair 0.0211 131 139 168 157
chair 0.0153 5 143 179 352
chair 0.0119 273 145 320 211
chair 0.0115 258 143 301 217
chair 0.0105 129 174 165 327
chair 0.0062 157 142 252 250
chair 0.0060 278 147 358 209
chair 0.0055 226 130 301 149
chair 0.0046 223 129 265 150
chair 0.0043 230 139 285 224
chair 0.0038 212 135 263 198
chair 0.0034 230 139 320 249
chair 0.0027 0 303 50 375
chair 0.0026 4 292 183 374
chair 0.0025 0 329 94 375
chair 0.0018 0 151 10 172
chair 0.0016 229 129 264 140
chair 0.0014 229 156 436 263
chair 0.0013 160 143 206 247
chair 0.0013 0 146 10 207
chair 0.0012 300 197 407 367
chair 0.0011 230 138 325 196
chair 0.0011 121 151 241 291
chair 0.0011 136 159 181 283
diningtable 0.5327 61 152 284 266
diningtable 0.1675 36 143 298 340
diningtable 0.0454 133 139 357 247
diningtable 0.0070 1 105 499 385
diningtable 0.0044 61 143 431 282
diningtable 0.0032 35 176 234 307
sofa 0.6060 288 148 505 265
sofa 0.0012 332 131 523 364
