bus 0.9807 140 145 274 269
bus 0.9683 247 138 500 271
bus 0.9414 21 158 158 267
bus 0.6775 15 168 69 253
bus 0.0604 -1 175 24 245
bus 0.0412 0 181 14 242
bus 0.0288 178 149 396 270
bus 0.0163 15 174 122 247
bus 0.0057 77 161 131 261
bus 0.0056 99 154 187 266
bus 0.0049 38 165 91 256
bus 0.0029 143 164 263 228
bus 0.0028 349 149 523 268
bus 0.0025 124 163 164 255
bus 0.0025 25 141 235 289
bus 0.0022 236 149 325 269
bus 0.0018 102 161 147 259
bus 0.0018 59 175 180 244
bus 0.0015 175 152 225 262
bus 0.0014 142 159 182 257
bus 0.0010 0 196 10 228
bus 0.0010 479 153 499 264
car 0.0051 490 204 500 263
car 0.0022 2 210 19 242
car 0.0012 0 204 12 247
