bottle 0.1516 222 128 236 176
chair 0.9900 268 134 370 290
chair 0.9850 128 149 205 273
chair 0.0214 157 144 205 250
chair 0.0076 92 171 197 303
chair 0.0069 474 180 499 354
chair 0.0051 0 239 22 378
chair 0.0049 10 177 123 303
chair 0.0030 249 128 393 355
chair 0.0023 0 239 54 374
chair 0.0021 265 173 371 243
chair 0.0018 0 148 22 298
chair 0.0015 257 147 295 240
chair 0.0013 0 143 59 305
chair 0.0010 -4 240 137 373
diningtable 0.9447 16 180 188 298
diningtable 0.0068 10 173 234 367
diningtable 0.0030 1 241 183 373
diningtable 0.0021 0 202 23 360
person 0.0027 482 150 500 326
sofa 0.1389 466 244 500 374
sofa 0.0072 455 185 498 379
tvmonitor 0.0373 437 182 475 231
