cat 0.0132 441 67 500 261
chair 0.0019 -1 175 54 388
dog 0.7144 142 73 286 312
dog 0.0149 166 109 311 264
dog 0.0120 439 63 499 238
dog 0.0063 -1 66 422 361
person 0.9619 227 104 497 373
person 0.9378 21 71 224 348
person 0.0340 447 70 499 316
person 0.0235 469 73 502 373
person 0.0205 21 103 185 268
person 0.0099 -8 72 140 359
person 0.0095 161 85 414 353
person 0.0071 0 101 15 345
person 0.0057 481 113 500 360
person 0.0054 72 16 506 360
person 0.0049 0 62 56 385
person 0.0035 119 106 307 372
person 0.0025 -2 57 25 389
person 0.0024 51 41 297 288
person 0.0023 0 169 6 284
person 0.0020 -25 70 372 356
person 0.0018 256 175 470 310
person 0.0014 364 101 514 383
