car 0.9592 -2 73 502 381
car 0.1599 3 32 258 309
car 0.0288 0 58 26 171
car 0.0082 2 53 41 148
car 0.0040 0 68 20 254
car 0.0027 0 47 51 212
car 0.0024 495 116 500 153
car 0.0016 0 60 11 148
car 0.0014 0 78 6 206
car 0.0014 26 96 230 236
car 0.0012 -47 -12 392 296
car 0.0012 491 108 500 174
car 0.0010 476 88 500 171
car 0.0010 332 105 414 152
person 0.2886 31 39 317 355
person 0.1126 116 29 212 229
person 0.0165 89 8 257 271
person 0.0037 130 60 230 323
person 0.0030 490 95 500 157
person 0.0019 476 93 500 145
person 0.0016 0 82 18 302
person 0.0012 0 330 12 388
person 0.0012 101 51 193 301
