bird 0.0013 287 193 338 227
chair 0.0010 400 29 419 64
person 0.9944 109 62 249 300
person 0.9927 296 23 424 274
person 0.4298 200 2 268 126
person 0.0645 21 0 65 17
person 0.0471 77 2 128 90
person 0.0299 201 0 268 46
person 0.0182 211 16 310 137
person 0.0064 126 2 163 70
person 0.0043 48 0 94 20
person 0.0038 21 1 69 71
person 0.0031 336 89 414 270
person 0.0027 281 0 323 19
person 0.0025 268 0 318 11
person 0.0020 74 0 125 24
person 0.0019 129 2 149 45
person 0.0019 103 0 144 74
person 0.0018 134 0 181 20
person 0.0017 246 21 307 111
person 0.0017 163 0 211 19
person 0.0017 137 1 183 70
person 0.0014 287 24 388 196
person 0.0013 0 0 47 19
person 0.0011 -55 50 406 319
person 0.0011 279 -1 319 46
person 0.0011 296 0 325 9
sheep 0.8875 53 173 383 365
sheep 0.0024 126 176 367 263
