cat 0.6695 126 176 191 328
cat 0.0034 73 172 180 361
cat 0.0026 130 164 223 366
cat 0.0022 124 175 173 273
cat 0.0022 121 216 196 283
chair 0.1478 1 285 39 364
chair 0.0067 138 75 223 144
chair 0.0043 1 321 43 377
chair 0.0010 111 56 220 163
person 0.9952 158 67 325 377
person 0.9951 310 105 450 374
person 0.9887 15 80 183 371
person 0.0169 60 62 287 376
person 0.0149 162 135 320 298
person 0.0046 126 56 453 380
person 0.0044 0 242 29 350
person 0.0030 0 127 15 348
person 0.0018 35 139 205 297
person 0.0014 401 163 431 203
person 0.0012 0 139 5 270
person 0.0011 340 110 529 377
person 0.0011 47 192 201 356
pottedplant 0.4143 118 116 179 182
pottedplant 0.1501 92 0 168 100
pottedplant 0.0352 0 0 23 37
pottedplant 0.0305 0 0 14 18
pottedplant 0.0270 9 19 58 80
pottedplant 0.0173 8 -1 38 38
pottedplant 0.0173 11 0 37 9
pottedplant 0.0147 2 0 22 10
pottedplant 0.0116 97 11 184 144
pottedplant 0.0076 0 0 13 11
pottedplant 0.0052 102 50 180 104
pottedplant 0.0041 18 41 65 78
pottedplant 0.0038 -1 -5 24 75
pottedplant 0.0031 0 0 32 21
pottedplant 0.0027 -2 0 62 44
pottedplant 0.0025 0 4 12 29
pottedplant 0.0022 0 114 22 163
pottedplant 0.0021 0 -2 67 104
pottedplant 0.0019 107 66 184 181
pottedplant 0.0019 37 38 63 70
pottedplant 0.0018 13 0 34 18
pottedplant 0.0014 1 -5 23 15
pottedplant 0.0014 10 29 78 96
pottedplant 0.0012 7 7 81 70
pottedplant 0.0012 4 6 19 27
pottedplant 0.0012 34 0 51 7
