aeroplane 0.9762 55 133 461 296
aeroplane 0.7612 1 166 98 214
aeroplane 0.0345 -1 163 26 191
aeroplane 0.0179 2 170 22 184
aeroplane 0.0111 2 134 94 227
aeroplane 0.0102 13 170 91 199
aeroplane 0.0043 -1 145 26 216
aeroplane 0.0034 1 168 13 185
aeroplane 0.0021 0 151 53 212
aeroplane 0.0018 -1 152 182 225
aeroplane 0.0017 0 143 25 181
aeroplane 0.0013 60 189 362 294
aeroplane 0.0012 0 149 16 190
aeroplane 0.0011 0 172 11 223
aeroplane 0.0010 75 141 353 240
person 0.8914 258 158 296 294
person 0.7328 223 181 267 291
person 0.1455 260 164 296 227
person 0.0906 223 183 265 235
person 0.0027 206 196 278 276
person 0.0019 234 176 276 241
person 0.0017 238 196 312 274
person 0.0013 215 166 303 225
person 0.0010 181 182 267 294
person 0.0010 492 271 500 355
