chair 0.9186 238 114 356 216
chair 0.5083 145 108 217 222
chair 0.3244 246 108 307 192
chair 0.2558 148 110 208 139
chair 0.0264 159 114 273 224
chair 0.0100 145 106 211 160
chair 0.0062 9 139 48 217
chair 0.0037 6 87 192 335
chair 0.0035 0 94 16 235
chair 0.0035 13 164 181 265
chair 0.0026 209 86 377 231
chair 0.0025 0 104 7 204
chair 0.0022 215 122 313 228
chair 0.0020 473 70 500 122
chair 0.0016 1 136 50 371
chair 0.0010 236 115 290 211
diningtable 0.9067 138 115 307 221
diningtable 0.7967 23 207 487 381
diningtable 0.0017 80 208 427 293
person 0.9946 15 65 193 268
person 0.0100 475 52 499 133
person 0.0022 487 42 500 108
person 0.0020 478 65 500 235
person 0.0014 0 158 9 235
person 0.0011 0 129 20 257
person 0.0010 477 -16 500 120
pottedplant 0.0010 0 40 4 68
sofa 0.0026 317 89 502 225
tvmonitor 0.0875 0 182 46 377
tvmonitor 0.0017 474 65 500 116
