aeroplane 0.9885 92 80 471 181
aeroplane 0.0012 -16 47 448 199
aeroplane 0.0010 77 66 492 267
boat 0.0021 451 159 498 173
boat 0.0010 494 157 499 175
car 0.0800 98 162 163 188
car 0.0161 367 158 396 176
car 0.0033 105 163 133 187
car 0.0010 100 163 119 187
person 0.9910 167 139 201 251
person 0.0196 315 158 329 187
person 0.0058 9 166 21 197
person 0.0030 494 161 499 181
person 0.0030 146 166 217 225
person 0.0027 166 141 201 186
person 0.0019 492 154 500 198
person 0.0014 100 163 107 187
person 0.0010 11 168 19 186
