bottle 0.0132 44 135 99 201
chair 0.7268 167 183 418 370
chair 0.2967 196 197 326 338
chair 0.0916 13 156 486 390
chair 0.0434 429 352 500 376
chair 0.0201 201 166 379 270
chair 0.0122 262 207 462 347
chair 0.0093 350 353 513 375
chair 0.0057 302 285 502 376
chair 0.0038 236 211 353 351
chair 0.0036 182 126 398 318
chair 0.0027 110 293 462 375
chair 0.0016 402 336 503 375
chair 0.0013 235 326 496 381
chair 0.0012 184 211 261 323
chair 0.0010 102 191 326 301
chair 0.0010 191 226 244 307
person 0.9003 40 39 209 381
person 0.5873 174 186 464 370
person 0.0100 119 236 384 367
person 0.0098 -30 46 304 379
person 0.0079 196 177 320 304
person 0.0072 -11 161 437 384
person 0.0026 0 230 24 330
person 0.0025 0 276 27 373
person 0.0023 44 138 201 285
tvmonitor 0.0043 1 274 49 376
