bird 0.3318 165 75 204 145
bird 0.0634 282 378 329 416
bird 0.0182 52 209 137 277
bird 0.0096 9 200 132 302
bird 0.0077 0 378 41 489
bird 0.0057 162 67 217 185
bird 0.0046 229 435 304 500
bird 0.0045 367 335 374 366
bird 0.0042 0 406 67 496
bird 0.0024 365 326 375 375
bird 0.0022 -4 378 98 502
bird 0.0022 127 82 206 159
bird 0.0020 89 210 148 272
bird 0.0018 338 458 374 493
bird 0.0018 -1 376 20 489
bird 0.0018 141 438 350 503
bird 0.0015 323 465 375 500
bird 0.0015 97 70 217 205
bird 0.0012 64 397 311 496
bird 0.0011 365 336 375 403
bird 0.0010 5 384 195 501
bird 0.0010 356 338 374 383
bird 0.0010 263 435 297 500
pottedplant 0.0167 237 384 373 499
pottedplant 0.0036 260 440 359 498
pottedplant 0.0030 301 332 376 495
pottedplant 0.0020 279 413 370 494
pottedplant 0.0017 337 344 373 483
pottedplant 0.0017 184 435 366 503
pottedplant 0.0017 358 331 375 495
pottedplant 0.0016 301 445 376 498
