boat 0.0212 165 1 224 31
boat 0.0018 29 38 474 336
boat 0.0012 108 71 395 301
chair 0.0823 94 217 122 251
chair 0.0084 131 235 159 279
chair 0.0014 238 180 270 217
chair 0.0012 137 186 180 286
person 0.0578 203 142 227 196
person 0.0235 203 141 224 170
person 0.0025 196 141 237 169
person 0.0010 206 140 223 157
pottedplant 0.1645 73 273 344 375
pottedplant 0.1461 268 243 373 374
pottedplant 0.0291 233 251 325 370
pottedplant 0.0157 181 232 396 374
pottedplant 0.0128 448 157 495 231
pottedplant 0.0085 0 284 199 375
pottedplant 0.0081 0 110 97 278
pottedplant 0.0060 127 47 146 64
pottedplant 0.0056 73 309 178 372
pottedplant 0.0051 256 226 465 376
pottedplant 0.0047 1 297 56 376
pottedplant 0.0043 186 265 298 379
pottedplant 0.0040 17 289 71 361
pottedplant 0.0039 315 231 390 360
pottedplant 0.0037 210 306 313 373
pottedplant 0.0034 294 259 342 359
pottedplant 0.0033 430 159 481 229
pottedplant 0.0032 334 236 379 324
pottedplant 0.0027 249 307 343 372
pottedplant 0.0024 5 277 85 375
pottedplant 0.0024 237 264 284 354
pottedplant 0.0024 274 263 322 357
pottedplant 0.0024 251 281 306 368
pottedplant 0.0020 471 130 500 231
pottedplant 0.0020 120 44 157 65
pottedplant 0.0018 410 125 498 235
pottedplant 0.0017 235 306 285 370
pottedplant 0.0016 311 257 362 360
pottedplant 0.0015 0 365 11 375
pottedplant 0.0015 89 330 235 374
pottedplant 0.0015 277 122 358 182
pottedplant 0.0012 152 266 253 379
pottedplant 0.0012 1 260 273 394
pottedplant 0.0011 277 75 389 198
pottedplant 0.0011 294 10 502 247
pottedplant 0.0011 -6 59 123 317
