chair 0.9447 238 234 286 330
chair 0.5336 229 296 262 375
chair 0.5070 275 217 318 315
chair 0.4495 147 247 207 280
chair 0.4235 237 282 273 373
chair 0.4102 176 307 232 373
chair 0.2781 0 259 43 306
chair 0.0949 74 281 256 375
chair 0.0694 317 223 349 311
chair 0.0648 235 215 319 324
chair 0.0550 5 336 89 376
chair 0.0501 256 223 299 311
chair 0.0438 115 325 211 376
chair 0.0215 291 220 337 314
chair 0.0214 156 310 215 374
chair 0.0179 482 275 500 376
chair 0.0143 217 222 297 286
chair 0.0105 491 289 500 381
chair 0.0104 0 300 51 377
chair 0.0063 31 334 220 376
chair 0.0063 241 310 261 377
chair 0.0055 264 213 305 232
chair 0.0054 272 212 316 270
chair 0.0054 147 340 203 376
chair 0.0048 359 212 470 321
chair 0.0041 219 227 271 304
chair 0.0035 198 290 245 369
chair 0.0033 0 279 25 372
chair 0.0030 2 351 165 376
chair 0.0025 490 255 500 343
chair 0.0025 0 273 90 379
chair 0.0023 263 219 331 288
chair 0.0021 216 309 235 378
chair 0.0019 0 353 47 376
chair 0.0018 252 290 276 353
chair 0.0017 196 318 236 377
chair 0.0017 203 303 275 372
chair 0.0016 109 354 190 375
chair 0.0015 254 282 287 370
chair 0.0014 0 264 13 304
chair 0.0011 0 267 45 356
chair 0.0011 158 298 245 361
chair 0.0010 9 311 119 374
chair 0.0010 -21 350 86 378
diningtable 0.9661 0 272 247 376
diningtable 0.0593 263 223 330 333
diningtable 0.0047 232 231 320 301
diningtable 0.0031 6 324 254 376
diningtable 0.0019 188 226 331 323
diningtable 0.0015 3 353 206 376
diningtable 0.0011 -18 255 155 368
person 0.0021 476 208 499 356
pottedplant 0.0040 86 97 135 137
