bottle 0.9519 166 214 223 374
bottle 0.0018 190 224 222 366
bottle 0.0016 0 329 5 430
chair 0.9211 16 109 63 174
chair 0.8704 9 166 172 398
chair 0.2199 18 103 47 121
chair 0.2171 0 172 42 386
chair 0.0829 0 174 13 382
chair 0.0806 16 100 48 136
chair 0.0496 68 108 100 131
chair 0.0472 2 168 96 392
chair 0.0136 308 128 375 352
chair 0.0120 76 163 167 360
chair 0.0101 0 167 41 277
chair 0.0084 0 178 7 330
chair 0.0049 11 107 41 177
chair 0.0040 18 104 55 152
chair 0.0037 66 109 96 174
chair 0.0036 0 135 15 308
chair 0.0035 11 109 65 258
chair 0.0034 0 154 68 331
chair 0.0033 33 123 69 172
chair 0.0030 0 216 5 387
chair 0.0028 -3 174 21 416
chair 0.0027 295 246 377 468
chair 0.0026 73 169 171 238
chair 0.0025 0 105 17 173
chair 0.0024 62 110 126 173
chair 0.0022 0 98 9 179
chair 0.0019 82 221 229 363
chair 0.0018 136 136 157 163
chair 0.0015 322 90 376 279
chair 0.0014 50 118 69 159
chair 0.0014 45 166 269 409
chair 0.0010 13 84 76 207
chair 0.0010 0 237 70 428
diningtable 0.4144 -2 137 161 389
diningtable 0.3096 9 373 370 502
diningtable 0.1616 2 119 374 449
diningtable 0.0177 64 260 312 393
diningtable 0.0125 13 112 110 171
diningtable 0.0076 0 310 374 658
diningtable 0.0027 36 431 341 508
diningtable 0.0026 46 303 332 426
diningtable 0.0015 117 229 311 357
diningtable 0.0010 29 158 168 281
person 0.9546 113 69 371 417
person 0.0047 7 20 317 407
person 0.0030 279 107 379 475
person 0.0015 355 304 374 484
person 0.0011 284 210 369 426
pottedplant 0.0488 288 141 330 216
pottedplant 0.0014 281 119 339 246
