cat 0.9474 184 178 392 372
cat 0.0187 2 156 489 391
chair 0.0067 159 51 211 105
person 0.5694 21 41 475 389
person 0.0575 210 117 511 375
person 0.0311 363 121 504 372
person 0.0182 31 172 396 373
person 0.0076 308 28 500 351
person 0.0061 472 0 499 23
person 0.0039 454 -2 496 46
person 0.0028 472 0 499 9
person 0.0022 13 113 254 377
person 0.0020 492 -1 500 23
person 0.0016 184 31 391 225
person 0.0012 410 -2 452 47
person 0.0011 351 365 428 374
person 0.0011 442 0 466 24
person 0.0011 340 -1 379 50
person 0.0010 488 0 501 10
tvmonitor 0.0102 466 9 501 120
