bottle 0.0011 232 333 252 354
chair 0.0024 388 197 474 423
person 0.9987 81 175 172 410
person 0.9918 183 168 283 452
person 0.9857 291 148 459 438
person 0.6936 223 129 368 443
person 0.4109 150 146 253 359
person 0.3592 262 147 337 463
person 0.1149 70 137 274 431
person 0.0086 353 201 473 453
person 0.0048 42 183 214 378
person 0.0035 85 101 488 469
person 0.0024 322 217 428 428
person 0.0022 78 245 174 330
person 0.0017 281 180 391 431
person 0.0014 305 147 410 363
person 0.0010 147 174 222 438
sofa 0.5607 146 167 344 460
sofa 0.1852 -4 148 509 482
sofa 0.0530 31 159 232 414
sofa 0.0075 266 202 477 487
sofa 0.0017 16 222 174 405
