bird 0.0025 181 177 275 377
bottle 0.0024 176 192 279 401
bottle 0.0017 268 90 285 133
bottle 0.0016 229 225 268 332
chair 0.0967 16 233 346 495
chair 0.0014 40 286 271 450
chair 0.0010 147 230 312 419
diningtable 0.0275 -19 208 388 513
diningtable 0.0013 60 285 305 452
person 0.9804 21 90 287 492
person 0.9718 158 107 344 486
person 0.9505 351 124 389 155
person 0.1070 93 72 412 514
person 0.0257 170 196 331 384
person 0.0176 0 133 20 182
person 0.0133 0 152 8 182
person 0.0116 0 140 11 193
person 0.0077 346 126 388 193
person 0.0066 0 86 20 202
person 0.0054 0 146 8 227
person 0.0041 0 115 18 287
person 0.0027 31 206 208 365
person 0.0026 0 147 20 205
person 0.0020 0 98 11 180
person 0.0012 0 136 176 507
tvmonitor 0.0176 308 134 350 194
tvmonitor 0.0044 0 211 10 277
tvmonitor 0.0020 401 206 441 308
tvmonitor 0.0013 286 146 311 189
tvmonitor 0.0012 0 170 17 308
tvmonitor 0.0011 -1 159 87 317
