bottle 0.0357 369 0 412 22
bottle 0.0121 355 0 381 20
bottle 0.0095 337 0 361 10
bottle 0.0074 405 0 450 19
bottle 0.0061 -1 0 13 8
bottle 0.0060 326 0 376 18
bottle 0.0058 0 0 26 8
bottle 0.0044 0 6 23 211
bottle 0.0039 0 -17 50 235
bottle 0.0034 317 0 345 7
bottle 0.0025 347 0 375 10
bottle 0.0023 377 0 436 22
bottle 0.0017 306 0 338 5
chair 0.0115 411 8 499 205
chair 0.0047 437 166 501 375
chair 0.0014 367 174 509 378
diningtable 0.7781 8 18 489 362
diningtable 0.0821 259 7 466 128
diningtable 0.0129 101 7 396 121
diningtable 0.0026 304 -2 494 200
diningtable 0.0024 96 143 405 240
diningtable 0.0021 309 -4 492 99
diningtable 0.0013 55 30 447 233
diningtable 0.0012 53 172 445 381
person 0.3684 90 -1 328 96
person 0.1453 409 -5 499 167
person 0.0255 171 0 404 98
person 0.0175 38 -2 246 87
person 0.0144 440 22 501 372
person 0.0143 476 4 499 183
person 0.0126 450 2 499 95
person 0.0068 67 4 429 133
person 0.0056 373 4 505 375
person 0.0053 13 0 120 46
person 0.0041 469 -1 500 74
person 0.0033 469 -12 504 228
person 0.0026 193 0 288 98
person 0.0026 57 -1 151 50
person 0.0025 408 0 498 70
person 0.0017 77 2 128 65
person 0.0017 446 -1 497 50
person 0.0017 374 -6 503 101
person 0.0017 453 27 497 158
person 0.0016 144 -1 256 102
person 0.0016 283 0 360 8
person 0.0013 11 0 94 9
person 0.0013 122 -10 373 58
person 0.0013 478 60 500 242
person 0.0012 58 -6 289 55
person 0.0012 248 0 337 7
person 0.0011 435 0 496 21
