bus 0.1139 103 5 404 106
bus 0.0980 0 18 29 120
bus 0.0021 1 9 48 127
bus 0.0020 164 0 475 81
bus 0.0011 -24 45 47 95
horse 0.0016 0 27 21 161
motorbike 0.9637 239 111 409 230
motorbike 0.9572 63 81 226 208
motorbike 0.2209 220 118 330 223
motorbike 0.0078 39 112 179 205
motorbike 0.0024 108 124 219 209
person 0.9949 99 42 227 201
person 0.9883 252 45 403 227
person 0.1223 443 10 487 50
person 0.0071 71 66 180 201
person 0.0041 493 9 500 59
person 0.0033 495 14 499 43
person 0.0017 442 19 472 48
person 0.0017 235 46 420 138
person 0.0013 216 3 433 179
person 0.0013 89 -1 561 240
person 0.0012 0 33 17 181
person 0.0012 396 0 421 4
person 0.0011 491 29 500 103
person 0.0011 0 44 7 140
person 0.0010 492 243 500 322
person 0.0010 451 9 481 39
person 0.0010 100 94 226 145
