car 0.9922 136 110 355 188
car 0.9889 251 267 320 315
car 0.9793 60 242 239 365
car 0.9506 1 183 47 269
car 0.7949 315 275 351 306
car 0.3060 3 170 60 186
car 0.0609 222 271 260 314
car 0.0290 309 266 375 404
car 0.0099 227 116 362 179
car 0.0049 342 273 372 300
car 0.0048 141 126 196 192
car 0.0035 -1 170 64 198
car 0.0031 346 279 363 300
car 0.0030 370 270 375 295
car 0.0029 354 272 375 297
car 0.0026 334 276 363 303
car 0.0022 287 266 322 315
car 0.0021 0 139 61 270
car 0.0017 147 135 347 270
car 0.0015 0 164 4 190
car 0.0014 342 276 360 297
car 0.0013 132 127 255 191
car 0.0013 18 171 47 182
car 0.0010 -28 201 53 270
