chair 0.1871 6 274 56 327
chair 0.1441 325 274 372 309
chair 0.0096 0 308 18 354
chair 0.0047 330 275 374 357
chair 0.0043 369 248 375 336
chair 0.0035 0 299 17 410
chair 0.0030 309 272 373 325
chair 0.0021 372 259 375 307
chair 0.0017 2 278 64 435
chair 0.0016 0 303 45 488
chair 0.0016 0 302 37 406
chair 0.0016 0 315 15 510
chair 0.0014 202 252 267 280
chair 0.0012 0 304 10 360
chair 0.0011 134 256 175 277
diningtable 0.9792 1 264 379 487
diningtable 0.0020 65 247 308 343
diningtable 0.0013 41 286 285 449
pottedplant 0.0039 105 254 122 291
