boat 0.0111 6 115 495 373
boat 0.0059 72 205 429 349
bottle 0.0253 495 75 499 102
bottle 0.0024 493 63 500 113
bottle 0.0011 390 74 411 119
chair 0.0567 0 197 134 306
chair 0.0031 483 186 499 376
chair 0.0017 492 137 500 216
chair 0.0016 481 115 500 274
chair 0.0013 131 192 511 359
chair 0.0010 492 168 500 271
chair 0.0010 153 201 410 296
diningtable 0.0307 44 236 451 370
diningtable 0.0064 4 289 188 372
diningtable 0.0062 105 218 395 324
diningtable 0.0038 6 284 336 375
diningtable 0.0016 121 165 379 272
diningtable 0.0015 61 329 433 380
person 0.9955 153 56 503 361
person 0.6577 381 42 421 119
person 0.1392 129 207 289 290
person 0.0132 493 31 500 106
person 0.0042 87 165 413 331
person 0.0022 121 47 379 275
person 0.0017 479 53 501 162
person 0.0016 0 272 21 376
person 0.0015 493 59 500 147
person 0.0014 495 56 499 95
person 0.0014 480 96 501 235
person 0.0013 376 6 449 125
pottedplant 0.0448 393 -1 475 127
pottedplant 0.0022 409 7 456 119
