bottle 0.0033 490 305 500 366
bottle 0.0013 476 366 497 375
bottle 0.0010 480 296 501 379
person 0.0044 456 157 479 183
person 0.0035 486 158 499 178
person 0.0030 488 156 499 171
person 0.0020 477 160 499 190
person 0.0019 431 92 501 329
person 0.0014 486 156 500 193
person 0.0014 459 156 476 172
person 0.0014 195 0 323 131
tvmonitor 0.8334 119 4 393 182
tvmonitor 0.0108 29 -21 475 219
tvmonitor 0.0045 429 114 502 335
tvmonitor 0.0043 -2 0 69 20
tvmonitor 0.0024 28 0 91 20
tvmonitor 0.0021 132 0 368 100
tvmonitor 0.0020 14 -4 338 154
tvmonitor 0.0014 194 8 447 133
tvmonitor 0.0013 0 277 23 371
tvmonitor 0.0012 0 79 19 281
tvmonitor 0.0011 -6 -2 139 20
tvmonitor 0.0010 0 0 34 21
