chair 0.8563 52 247 202 374
chair 0.6160 143 292 290 376
chair 0.6092 -1 215 86 374
chair 0.1269 0 172 28 271
chair 0.0798 54 336 233 374
chair 0.0716 450 232 500 307
chair 0.0579 63 167 106 224
chair 0.0462 180 322 298 376
chair 0.0395 40 226 299 370
chair 0.0347 0 174 61 333
chair 0.0319 46 169 91 224
chair 0.0295 410 200 460 301
chair 0.0270 0 194 25 338
chair 0.0148 0 148 10 163
chair 0.0142 129 331 274 376
chair 0.0140 0 157 25 234
chair 0.0127 23 153 47 165
chair 0.0120 441 236 500 377
chair 0.0112 0 164 11 246
chair 0.0108 42 241 139 357
chair 0.0100 360 190 465 305
chair 0.0100 71 221 175 346
chair 0.0096 0 153 10 169
chair 0.0076 405 329 498 375
chair 0.0067 20 170 71 245
chair 0.0065 3 197 45 307
chair 0.0064 0 141 9 156
chair 0.0060 -6 206 34 381
chair 0.0056 1 156 24 167
chair 0.0056 444 303 499 375
chair 0.0050 0 156 10 211
chair 0.0048 -1 157 28 195
chair 0.0046 5 176 188 371
chair 0.0045 0 244 22 374
chair 0.0043 73 160 93 194
chair 0.0038 5 226 51 361
chair 0.0032 25 152 59 169
chair 0.0030 84 238 114 273
chair 0.0029 0 158 7 180
chair 0.0026 41 154 62 169
chair 0.0025 473 300 500 376
chair 0.0025 0 151 23 162
chair 0.0023 470 228 500 360
chair 0.0022 21 167 106 257
chair 0.0022 90 180 108 197
chair 0.0021 -14 270 145 376
chair 0.0020 5 324 203 379
chair 0.0018 74 165 105 199
chair 0.0017 172 300 234 372
chair 0.0016 11 156 34 166
chair 0.0016 -7 165 34 311
chair 0.0015 0 127 7 153
chair 0.0015 77 183 106 225
chair 0.0015 367 286 503 376
chair 0.0014 0 219 6 335
chair 0.0014 138 349 303 377
chair 0.0014 128 347 208 376
chair 0.0014 392 349 510 377
chair 0.0013 205 248 311 371
chair 0.0012 0 146 12 177
chair 0.0011 19 224 69 337
chair 0.0011 435 341 495 374
chair 0.0010 0 124 27 155
chair 0.0010 0 166 6 200
diningtable 0.9401 88 221 489 374
diningtable 0.0958 -1 163 64 283
diningtable 0.0656 0 164 65 223
diningtable 0.0482 46 188 304 369
diningtable 0.0434 5 160 57 190
diningtable 0.0360 127 243 378 365
diningtable 0.0208 -2 164 125 270
diningtable 0.0043 7 184 89 258
diningtable 0.0041 188 282 464 376
diningtable 0.0038 -10 143 131 354
diningtable 0.0029 -5 159 90 204
diningtable 0.0027 4 155 45 170
diningtable 0.0025 46 155 453 349
diningtable 0.0024 76 207 274 287
diningtable 0.0019 12 184 489 471
diningtable 0.0019 5 172 59 208
diningtable 0.0016 119 207 451 293
diningtable 0.0011 -5 153 90 243
diningtable 0.0010 0 179 47 216
person 0.9956 355 161 433 290
person 0.9947 250 159 320 253
person 0.9925 98 153 181 225
person 0.9893 308 151 366 259
person 0.9576 187 148 264 238
person 0.9050 13 172 90 305
person 0.0180 22 175 75 271
person 0.0097 28 173 136 330
person 0.0085 249 175 265 193
person 0.0074 41 170 121 280
person 0.0053 30 183 240 371
person 0.0040 98 143 243 232
person 0.0016 18 149 173 235
person 0.0015 0 148 25 213
person 0.0014 295 159 446 277
person 0.0012 250 172 271 198
pottedplant 0.0104 292 138 317 160
pottedplant 0.0032 108 16 321 236
