bus 0.9737 2 56 176 206
bus 0.9720 295 64 420 150
bus 0.9376 164 59 310 182
bus 0.0071 0 77 6 132
bus 0.0051 0 68 18 176
bus 0.0039 42 53 307 173
bus 0.0031 0 99 3 120
bus 0.0031 0 93 6 166
bus 0.0024 295 53 502 160
bus 0.0022 2 61 54 201
bus 0.0019 194 64 372 155
bus 0.0013 170 95 307 129
bus 0.0011 0 108 3 130
bus 0.0011 308 80 426 127
bus 0.0011 25 70 147 175
car 0.9918 418 101 493 131
car 0.1979 303 122 323 159
car 0.1964 483 99 500 119
car 0.0129 413 81 497 147
car 0.0048 284 123 322 159
car 0.0040 481 102 496 116
car 0.0039 491 105 499 123
car 0.0029 476 100 513 118
car 0.0029 494 110 500 129
car 0.0022 485 88 500 114
car 0.0016 490 100 500 138
car 0.0013 126 252 169 255
car 0.0013 487 94 499 108
car 0.0011 115 250 182 254
person 0.0218 79 101 98 128
person 0.0044 62 101 81 128
