bus 0.9060 153 204 235 244
bus 0.0124 210 415 230 463
bus 0.0056 205 415 237 490
bus 0.0046 160 219 220 248
bus 0.0010 196 440 252 499
car 0.5480 78 293 111 319
car 0.2032 68 254 79 277
car 0.2016 167 242 197 264
car 0.0376 233 236 266 260
car 0.0080 218 225 233 241
car 0.0057 110 236 125 246
car 0.0035 199 457 234 499
car 0.0023 158 219 209 247
car 0.0022 203 441 272 499
car 0.0021 236 242 260 259
car 0.0019 62 251 90 279
car 0.0016 77 295 103 313
car 0.0010 223 369 230 387
person 0.0045 215 0 226 12
person 0.0033 186 233 194 252
person 0.0017 86 188 94 210
train 0.0014 -1 31 49 256
