bicycle 0.0462 28 231 70 328
bicycle 0.0195 30 234 98 350
bicycle 0.0039 490 308 500 377
bicycle 0.0018 11 243 84 317
bird 0.0023 471 349 499 374
bird 0.0014 493 340 499 374
boat 0.0015 406 129 500 170
car 0.9786 5 180 156 275
car 0.0024 0 236 9 318
dog 0.0088 473 339 500 375
dog 0.0036 489 321 499 378
dog 0.0024 403 331 500 375
dog 0.0013 451 329 497 374
dog 0.0012 398 354 495 375
motorbike 0.9597 209 195 316 282
motorbike 0.9011 277 197 343 254
motorbike 0.0201 12 211 76 325
motorbike 0.0025 229 207 292 272
motorbike 0.0020 193 158 361 330
motorbike 0.0010 293 201 345 238
person 0.3122 483 211 499 379
person 0.0514 9 214 54 319
person 0.0287 488 219 500 306
person 0.0091 492 220 500 347
person 0.0054 482 174 500 304
person 0.0045 447 216 498 374
person 0.0042 488 337 499 375
person 0.0042 491 294 500 376
person 0.0039 491 351 499 376
person 0.0036 0 231 16 359
person 0.0029 0 133 19 315
person 0.0027 478 301 499 376
person 0.0022 450 351 499 374
person 0.0014 0 210 6 316
person 0.0012 20 205 65 303
person 0.0011 489 364 500 375
person 0.0010 407 196 497 369
pottedplant 0.0030 6 80 57 140
pottedplant 0.0024 113 92 210 237
pottedplant 0.0014 16 87 69 154
pottedplant 0.0010 -2 63 67 181
pottedplant 0.0010 0 90 11 147
