bottle 0.0053 250 362 296 375
bottle 0.0027 258 357 307 375
bottle 0.0024 261 363 324 374
cat 0.0028 74 0 165 20
chair 0.0020 45 111 379 369
dog 0.0012 291 355 497 375
dog 0.0010 361 364 456 375
person 0.9399 81 50 483 327
person 0.0421 3 39 407 211
person 0.0262 20 68 331 359
person 0.0139 297 -1 505 258
person 0.0105 20 84 239 178
person 0.0034 3 13 257 185
person 0.0034 309 4 501 135
person 0.0022 146 0 208 18
person 0.0021 66 79 338 183
person 0.0010 116 148 381 279
sofa 0.7738 0 16 501 246
sofa 0.3586 -3 102 503 378
sofa 0.0053 2 0 182 86
sofa 0.0047 6 13 331 185
sofa 0.0026 -5 0 137 42
