car 0.9761 -3 91 504 342
car 0.0235 493 90 499 118
car 0.0129 454 88 499 117
car 0.0088 472 91 500 116
car 0.0024 495 83 500 113
car 0.0011 456 94 475 112
person 0.9979 429 85 467 161
person 0.9977 90 60 130 150
person 0.9972 399 94 432 157
person 0.9945 347 66 389 125
person 0.9737 351 95 391 156
person 0.9699 36 102 66 171
person 0.9537 135 59 168 120
person 0.9479 1 133 28 204
person 0.9151 418 65 451 123
person 0.9122 49 136 95 172
person 0.7702 284 77 314 115
person 0.7629 0 70 14 138
person 0.6911 327 130 352 158
person 0.5503 134 96 167 149
person 0.4888 221 129 246 155
person 0.3928 89 132 117 162
person 0.1713 214 129 259 210
person 0.0832 416 85 453 159
person 0.0652 0 76 17 193
person 0.0515 268 139 285 154
person 0.0459 43 106 82 175
person 0.0414 0 132 7 220
person 0.0406 350 103 375 159
person 0.0307 41 102 68 139
person 0.0290 372 94 403 156
person 0.0165 322 130 349 207
person 0.0145 281 133 305 162
person 0.0133 342 63 398 155
person 0.0111 0 90 11 173
person 0.0086 270 140 295 167
person 0.0081 380 97 445 153
person 0.0081 0 131 24 165
person 0.0074 158 127 203 208
person 0.0073 85 127 122 178
person 0.0072 220 134 264 156
person 0.0064 281 82 316 158
person 0.0055 0 150 3 188
person 0.0055 297 140 342 214
person 0.0053 0 142 20 273
person 0.0049 10 107 85 167
person 0.0049 261 141 299 215
person 0.0047 156 120 245 213
person 0.0039 400 68 465 118
person 0.0035 267 139 302 158
person 0.0031 326 131 344 152
person 0.0030 432 64 456 115
person 0.0028 274 140 319 215
person 0.0027 135 89 164 121
person 0.0023 287 132 303 150
person 0.0022 233 140 277 215
person 0.0020 266 129 286 154
person 0.0019 242 138 263 154
person 0.0018 419 63 478 160
person 0.0018 57 131 101 191
person 0.0018 132 93 151 144
person 0.0017 29 133 74 174
person 0.0016 399 89 468 156
person 0.0016 84 71 155 141
person 0.0015 0 139 4 171
person 0.0014 0 71 5 94
person 0.0014 0 131 6 163
person 0.0014 178 142 263 210
person 0.0014 288 130 310 154
person 0.0013 276 121 315 184
person 0.0012 449 81 459 100
person 0.0012 1 90 11 132
person 0.0011 -5 148 35 187
person 0.0011 0 157 6 252
person 0.0010 68 109 274 201
person 0.0010 365 120 395 156
