cat 0.0472 175 146 221 189
cat 0.0280 175 139 234 227
cat 0.0253 169 111 272 242
cat 0.0056 176 145 205 168
chair 0.4947 124 215 321 439
chair 0.3859 -1 262 108 467
chair 0.0315 357 368 374 498
chair 0.0077 127 245 251 414
chair 0.0040 338 405 374 499
chair 0.0034 337 253 374 345
chair 0.0027 0 333 101 409
chair 0.0024 353 423 375 508
chair 0.0017 364 413 375 499
chair 0.0015 304 410 374 497
chair 0.0014 366 345 375 490
chair 0.0012 214 260 329 398
chair 0.0011 22 337 109 480
chair 0.0010 69 161 368 486
person 0.9765 141 108 299 450
person 0.0624 165 142 276 357
person 0.0148 78 88 361 477
person 0.0013 0 198 14 359
