bus 0.0256 0 -1 24 33
bus 0.0010 0 -2 26 91
car 0.9972 293 71 367 124
car 0.9948 102 64 177 111
car 0.9932 338 123 437 191
car 0.9929 158 128 255 175
car 0.9890 326 61 389 107
car 0.9872 184 0 233 23
car 0.9851 230 42 298 95
car 0.9843 150 150 301 239
car 0.9778 152 86 238 139
car 0.9758 305 11 356 42
car 0.9659 432 59 496 109
car 0.9609 426 45 492 89
car 0.9092 391 -1 438 28
car 0.7184 475 17 500 64
car 0.5548 66 0 119 27
car 0.3985 27 0 76 32
car 0.3268 241 30 315 67
car 0.2838 168 0 188 15
car 0.1471 477 39 500 79
car 0.0826 38 5 86 38
car 0.0453 167 0 207 16
car 0.0410 49 10 79 43
car 0.0354 485 47 499 86
car 0.0330 490 55 500 103
car 0.0213 492 53 499 80
car 0.0201 40 2 101 28
car 0.0100 495 63 499 96
car 0.0081 426 41 486 71
car 0.0081 480 15 500 45
car 0.0077 317 43 397 124
car 0.0073 319 0 345 3
car 0.0064 328 58 387 80
car 0.0058 98 0 122 5
car 0.0056 420 19 494 101
car 0.0049 436 82 499 112
car 0.0046 491 41 498 68
car 0.0041 110 0 128 4
car 0.0041 265 26 314 60
car 0.0039 20 -3 119 26
car 0.0039 344 74 388 110
car 0.0034 476 55 501 90
car 0.0029 89 0 115 5
car 0.0029 164 138 303 178
car 0.0028 22 4 38 37
car 0.0027 458 24 523 63
car 0.0025 279 6 361 37
car 0.0025 496 76 500 107
car 0.0024 171 0 198 10
car 0.0024 321 88 469 242
car 0.0022 190 -3 235 13
car 0.0021 194 2 220 17
car 0.0021 309 12 340 36
car 0.0019 308 0 337 3
car 0.0017 171 -1 224 12
car 0.0017 160 150 278 188
car 0.0014 479 44 496 64
car 0.0014 25 1 35 20
car 0.0013 282 0 359 6
car 0.0013 29 9 104 45
car 0.0012 31 0 57 6
car 0.0012 397 -1 437 10
car 0.0012 229 36 285 71
car 0.0011 146 102 283 181
car 0.0011 24 0 40 6
car 0.0011 313 64 365 111
car 0.0010 189 134 245 178
car 0.0010 402 0 431 6
car 0.0010 472 18 510 50
car 0.0010 104 25 179 119
car 0.0010 443 59 501 87
car 0.0010 236 3 319 89
car 0.0010 310 10 351 25
person 0.2233 124 -1 154 30
person 0.0018 154 145 169 181
person 0.0015 138 0 156 24
person 0.0010 144 0 155 19
