bicycle 0.9656 -2 29 189 298
bicycle 0.9642 176 40 415 340
bicycle 0.0652 0 75 183 208
bicycle 0.0496 280 11 437 322
bicycle 0.0377 35 12 213 221
bicycle 0.0288 3 264 199 329
bicycle 0.0068 0 31 95 262
bicycle 0.0040 7 8 168 167
bicycle 0.0028 -78 -9 269 292
bicycle 0.0022 231 136 412 334
bicycle 0.0020 158 18 347 266
bicycle 0.0018 1 56 51 289
bicycle 0.0016 255 171 373 306
bicycle 0.0015 3 204 254 330
bicycle 0.0014 -3 91 31 305
bicycle 0.0010 0 64 21 255
bottle 0.0012 360 209 377 257
car 0.8747 95 0 233 33
car 0.0836 202 0 248 19
car 0.0237 58 -6 275 36
car 0.0190 49 0 164 36
car 0.0149 234 0 253 15
car 0.0110 220 0 267 16
car 0.0074 356 0 383 4
car 0.0069 208 0 243 8
car 0.0068 33 -1 220 23
car 0.0064 -6 -4 210 39
car 0.0063 225 0 247 15
car 0.0061 211 -1 254 12
car 0.0041 235 0 292 16
car 0.0034 202 0 232 5
car 0.0033 242 0 263 15
car 0.0031 173 1 262 31
car 0.0029 235 0 312 9
car 0.0022 227 -1 282 11
car 0.0020 173 0 241 21
car 0.0016 332 0 388 7
car 0.0014 91 0 146 31
car 0.0011 175 0 238 8
car 0.0011 201 1 233 27
car 0.0011 241 0 266 9
car 0.0010 191 0 222 5
person 0.9780 237 -5 429 226
person 0.6342 1 -4 129 231
person 0.1652 1 -2 95 147
person 0.0106 0 -19 62 237
person 0.0027 0 21 18 196
person 0.0019 0 2 24 111
person 0.0019 144 -11 504 241
person 0.0017 -4 -12 29 231
person 0.0016 491 269 500 325
person 0.0013 0 67 7 156
person 0.0011 10 0 167 125
person 0.0011 -4 -1 132 84
