car 0.0016 0 303 28 373
cow 0.9090 75 104 245 222
cow 0.7989 301 106 504 275
cow 0.6887 -1 138 47 305
cow 0.6408 137 150 372 381
cow 0.5894 313 102 480 162
cow 0.2247 247 123 321 170
cow 0.0514 302 209 400 270
cow 0.0243 296 203 408 331
cow 0.0122 0 140 26 330
cow 0.0109 212 168 439 374
cow 0.0105 473 169 499 277
cow 0.0098 1 134 48 228
cow 0.0052 397 114 503 275
cow 0.0049 296 175 505 372
cow 0.0021 294 186 385 292
cow 0.0019 291 103 462 207
cow 0.0018 478 104 499 257
cow 0.0016 440 137 500 277
cow 0.0014 6 106 198 216
cow 0.0013 324 217 384 282
cow 0.0013 0 133 24 159
cow 0.0012 -7 172 57 243
cow 0.0011 99 101 551 396
cow 0.0011 0 136 13 155
person 0.0021 0 221 25 371
person 0.0021 -3 147 54 382
