person 0.9890 335 44 487 330
person 0.9826 192 19 379 329
person 0.8679 127 83 224 206
person 0.8618 25 26 151 321
person 0.7345 440 73 501 247
person 0.3420 123 67 211 303
person 0.2716 230 114 252 136
person 0.0804 0 9 61 336
person 0.0301 412 70 497 325
person 0.0095 43 57 226 322
person 0.0082 444 96 497 194
person 0.0075 181 48 546 331
person 0.0061 116 82 182 211
person 0.0059 334 44 417 304
person 0.0051 484 110 499 311
person 0.0044 465 60 504 336
person 0.0035 135 87 186 180
person 0.0034 334 93 484 239
person 0.0033 124 58 289 327
person 0.0015 45 47 132 247
person 0.0015 102 139 123 173
person 0.0014 115 119 233 259
person 0.0014 3 33 84 234
person 0.0014 493 126 500 224
person 0.0013 0 57 12 288
person 0.0013 -69 16 265 323
person 0.0010 155 87 179 123
person 0.0010 493 196 500 308
