bottle 0.9798 230 170 272 322
bottle 0.0014 215 210 281 289
chair 0.4924 312 177 498 371
chair 0.0459 67 174 362 378
chair 0.0162 15 35 409 393
chair 0.0129 0 173 198 374
chair 0.0095 331 185 423 233
chair 0.0090 -5 4 131 372
chair 0.0076 88 223 198 370
chair 0.0069 319 192 395 371
chair 0.0061 275 214 326 287
chair 0.0060 170 222 491 372
chair 0.0043 305 280 497 376
chair 0.0035 83 276 350 379
chair 0.0022 390 170 428 195
chair 0.0019 106 212 322 346
chair 0.0014 117 156 537 387
chair 0.0013 359 14 513 362
chair 0.0010 1 -3 94 219
chair 0.0010 149 195 344 300
diningtable 0.0036 93 278 394 379
person 0.0010 0 78 13 339
pottedplant 0.0012 403 55 502 215
