bottle 0.0103 331 317 391 333
bottle 0.0103 365 322 433 333
bottle 0.0069 389 324 445 333
bottle 0.0057 348 321 410 333
bottle 0.0026 410 325 441 333
bottle 0.0021 295 323 387 333
bottle 0.0018 0 243 22 332
bottle 0.0015 256 316 454 333
bottle 0.0013 186 325 265 333
bottle 0.0012 365 321 393 333
bottle 0.0011 383 322 413 333
diningtable 0.0015 232 316 440 333
diningtable 0.0014 75 295 426 335
person 0.9715 62 -7 507 341
person 0.0552 8 1 260 331
person 0.0024 120 121 378 208
person 0.0014 0 195 20 331
person 0.0013 -4 18 27 327
person 0.0013 0 63 16 283
person 0.0012 86 107 416 329
person 0.0012 300 0 506 333
person 0.0011 5 2 496 178
