cat 0.9808 190 103 417 322
cat 0.0132 208 183 427 301
cat 0.0083 132 75 517 352
cat 0.0052 230 104 423 216
cat 0.0027 185 173 454 372
cat 0.0014 -14 40 438 332
cat 0.0013 267 127 453 249
cat 0.0010 182 228 408 318
chair 0.0761 211 22 445 298
chair 0.0040 100 -14 477 331
chair 0.0014 263 102 459 216
chair 0.0013 363 2 517 312
diningtable 0.0156 32 231 464 377
diningtable 0.0014 173 285 477 377
pottedplant 0.0222 432 111 500 251
pottedplant 0.0038 476 103 500 201
pottedplant 0.0032 446 123 500 207
pottedplant 0.0016 474 128 499 179
pottedplant 0.0014 480 111 500 276
pottedplant 0.0013 414 24 498 250
sofa 0.0011 -9 4 433 312
