car 0.9986 87 223 153 289
car 0.9975 91 148 132 185
car 0.9967 88 182 135 229
car 0.9940 107 121 139 153
car 0.9879 120 103 149 134
car 0.9840 141 91 167 117
car 0.0848 114 113 149 143
car 0.0135 121 95 164 122
car 0.0063 90 161 135 215
car 0.0039 101 150 124 184
car 0.0021 106 138 138 178
car 0.0015 83 132 140 271
car 0.0010 81 196 147 318
car 0.0010 100 184 124 226
motorbike 0.9858 182 355 233 442
person 0.9642 189 335 226 412
person 0.1676 178 84 189 105
person 0.0562 190 335 226 370
person 0.0031 190 74 197 89
person 0.0012 183 296 233 427
