boat 0.9274 234 132 408 223
boat 0.4722 73 167 178 226
boat 0.2044 306 181 441 322
boat 0.2038 23 170 334 266
boat 0.0805 53 209 349 272
boat 0.0177 96 102 189 228
boat 0.0163 10 144 184 240
boat 0.0149 22 69 322 253
boat 0.0130 0 132 3 149
boat 0.0098 108 194 169 216
boat 0.0084 0 138 3 155
boat 0.0069 0 88 7 149
boat 0.0067 231 123 482 256
boat 0.0063 -4 54 62 216
boat 0.0039 0 131 7 192
boat 0.0036 0 117 3 148
boat 0.0033 0 158 5 182
boat 0.0031 0 108 4 143
boat 0.0030 57 113 436 263
boat 0.0030 124 132 376 238
boat 0.0030 0 179 5 203
boat 0.0026 0 161 27 193
boat 0.0025 -1 61 22 152
boat 0.0025 318 141 470 294
boat 0.0024 5 77 85 248
boat 0.0023 27 67 63 145
boat 0.0021 0 161 8 205
boat 0.0021 0 95 24 140
boat 0.0021 87 166 134 200
boat 0.0021 0 145 4 178
boat 0.0018 95 184 164 212
boat 0.0018 0 124 25 208
boat 0.0018 96 175 153 234
boat 0.0017 59 158 158 256
boat 0.0017 4 20 185 244
boat 0.0016 24 168 154 221
boat 0.0014 131 198 184 227
boat 0.0013 58 186 70 197
boat 0.0013 56 196 190 244
boat 0.0012 98 190 221 229
boat 0.0011 114 175 163 206
boat 0.0011 65 163 152 204
boat 0.0011 80 173 134 237
boat 0.0010 8 67 53 145
boat 0.0010 2 144 47 216
motorbike 0.9113 313 181 434 327
motorbike 0.0010 300 198 382 325
person 0.9936 361 132 429 311
person 0.1365 162 196 186 232
person 0.0081 373 153 416 290
person 0.0038 310 143 405 308
person 0.0036 0 164 5 188
person 0.0021 262 235 283 248
person 0.0016 164 197 184 214
person 0.0010 356 163 398 284
