bottle 0.0019 365 354 416 375
person 0.9930 9 103 121 381
person 0.9745 413 79 489 393
person 0.9734 140 96 217 373
person 0.9487 202 99 267 367
person 0.9195 258 84 324 366
person 0.8784 311 84 373 368
person 0.7910 93 84 153 369
person 0.7455 363 71 427 379
person 0.7423 469 118 499 209
person 0.2960 464 114 487 155
person 0.2165 335 87 486 387
person 0.1523 64 92 209 384
person 0.0716 218 69 354 377
person 0.0350 461 103 491 177
person 0.0206 482 103 499 372
person 0.0189 488 151 500 215
person 0.0156 486 94 499 115
person 0.0147 131 92 286 387
person 0.0146 477 121 499 266
person 0.0142 486 111 500 155
person 0.0104 457 103 471 134
person 0.0042 489 110 500 198
person 0.0032 487 113 500 138
person 0.0032 485 99 500 138
person 0.0031 494 165 500 301
person 0.0029 466 136 489 186
person 0.0027 474 157 500 208
person 0.0024 482 101 495 118
person 0.0024 447 100 469 136
person 0.0021 397 76 472 311
person 0.0018 377 147 504 336
person 0.0014 471 113 497 154
person 0.0013 282 82 352 368
person 0.0013 467 114 484 137
person 0.0013 464 106 488 135
person 0.0011 477 91 499 118
person 0.0010 441 79 499 343
person 0.0010 489 87 500 110
