bottle 0.0029 397 328 502 374
bottle 0.0019 472 368 500 375
bottle 0.0016 446 325 496 376
chair 0.9811 4 101 178 251
chair 0.5916 149 65 344 272
chair 0.0389 430 240 502 350
chair 0.0087 413 122 498 269
chair 0.0051 0 134 10 204
chair 0.0046 148 138 304 288
chair 0.0036 372 239 504 365
chair 0.0031 0 89 19 213
chair 0.0023 411 162 498 343
chair 0.0015 481 234 500 356
chair 0.0014 0 94 98 237
chair 0.0012 170 74 335 189
diningtable 0.6395 11 232 488 371
diningtable 0.0131 157 296 501 376
diningtable 0.0096 72 122 361 369
diningtable 0.0044 217 332 516 374
diningtable 0.0042 52 228 377 331
diningtable 0.0040 359 330 505 374
diningtable 0.0029 159 193 337 301
diningtable 0.0016 272 354 517 375
diningtable 0.0014 225 219 501 380
diningtable 0.0010 35 282 401 376
person 0.9918 264 142 450 365
person 0.9758 153 72 335 313
person 0.1326 484 111 499 336
person 0.0208 491 164 500 289
person 0.0118 437 105 500 288
person 0.0096 23 101 477 388
person 0.0093 493 196 500 329
person 0.0088 474 77 502 342
person 0.0075 482 72 499 260
person 0.0028 432 187 499 348
person 0.0016 491 128 500 238
person 0.0013 468 25 505 279
person 0.0010 365 115 513 375
