bottle 0.0013 479 233 500 357
chair 0.9907 2 102 201 388
chair 0.0296 7 143 185 301
chair 0.0057 -6 14 134 367
chair 0.0044 2 113 93 363
chair 0.0035 0 222 55 370
chair 0.0017 2 219 129 373
chair 0.0015 6 280 187 376
chair 0.0012 -71 73 267 412
chair 0.0010 0 85 57 334
pottedplant 0.0052 378 -1 437 28
pottedplant 0.0050 370 0 454 40
tvmonitor 0.9487 83 23 196 131
tvmonitor 0.2400 300 29 433 173
tvmonitor 0.1977 414 54 498 275
tvmonitor 0.1856 0 33 100 148
tvmonitor 0.0151 188 10 321 139
tvmonitor 0.0081 482 121 499 296
tvmonitor 0.0039 491 54 500 139
tvmonitor 0.0026 437 113 501 328
tvmonitor 0.0010 386 51 501 377
tvmonitor 0.0010 492 169 500 268
