bottle 0.0068 310 104 337 131
car 0.8146 453 138 498 189
car 0.0636 216 136 274 167
car 0.0072 176 141 204 169
car 0.0069 444 127 499 215
car 0.0060 403 117 496 223
car 0.0036 258 138 284 173
car 0.0033 492 312 500 334
car 0.0032 386 129 468 189
car 0.0028 491 136 500 190
car 0.0027 457 136 498 164
car 0.0025 400 136 505 184
car 0.0020 182 136 267 176
car 0.0014 202 135 250 168
car 0.0011 489 297 500 334
person 0.9919 393 99 459 236
person 0.9864 151 117 178 195
person 0.9728 322 112 398 262
person 0.9618 284 100 335 267
person 0.9446 89 126 135 210
person 0.6067 0 140 12 200
person 0.3055 34 140 72 183
person 0.0169 22 143 48 185
person 0.0120 282 103 319 216
person 0.0114 300 96 373 256
person 0.0057 0 120 12 180
person 0.0053 335 125 377 246
person 0.0047 13 150 37 187
person 0.0044 482 191 499 334
person 0.0022 31 137 56 179
person 0.0017 303 103 335 166
person 0.0014 0 140 14 256
person 0.0014 137 109 191 205
person 0.0013 0 156 9 217
person 0.0013 345 115 435 252
person 0.0012 0 125 5 147
person 0.0012 124 130 204 185
person 0.0011 389 135 465 205
person 0.0010 0 150 9 188
person 0.0010 319 124 357 246
person 0.0010 0 102 16 196
pottedplant 0.0015 0 125 7 138
pottedplant 0.0010 3 127 18 136
