bottle 0.0012 362 47 379 86
motorbike 0.6153 14 64 347 314
motorbike 0.0020 167 28 404 304
person 0.9727 96 -2 162 193
person 0.9588 270 0 325 65
person 0.9515 405 10 445 107
person 0.9311 334 -7 403 196
person 0.8607 436 4 493 167
person 0.4838 175 -1 239 139
person 0.0706 329 0 396 117
person 0.0635 81 16 106 56
person 0.0632 436 80 457 100
person 0.0438 331 0 381 70
person 0.0261 480 -3 501 93
person 0.0233 482 12 500 152
person 0.0086 492 6 500 101
person 0.0068 79 2 139 186
person 0.0063 436 0 500 93
person 0.0060 84 12 115 72
person 0.0058 325 0 336 6
person 0.0057 426 77 468 165
person 0.0050 245 33 266 58
person 0.0049 165 4 190 109
person 0.0048 490 45 500 112
person 0.0035 324 -1 357 67
person 0.0033 163 15 246 222
person 0.0027 403 14 460 171
person 0.0026 381 0 398 6
person 0.0025 120 32 159 180
person 0.0025 312 0 330 6
person 0.0024 493 54 500 141
person 0.0019 369 0 388 6
person 0.0019 236 23 258 58
person 0.0017 467 -6 507 174
person 0.0017 390 0 410 7
person 0.0016 90 18 120 146
person 0.0016 330 0 354 7
person 0.0016 330 0 355 21
person 0.0014 106 23 148 165
person 0.0014 489 -5 500 62
person 0.0013 128 -1 192 192
person 0.0013 302 0 324 7
person 0.0012 96 13 152 100
person 0.0012 109 51 170 210
person 0.0010 363 0 381 6
person 0.0010 167 1 187 54
person 0.0010 432 0 478 19
tvmonitor 0.4603 0 156 57 319
