motorbike 0.9623 -10 4 513 369
motorbike 0.0361 277 0 358 42
motorbike 0.0274 364 -5 505 322
motorbike 0.0125 159 21 492 299
motorbike 0.0051 20 33 325 342
motorbike 0.0021 286 -1 385 25
motorbike 0.0019 401 5 501 237
motorbike 0.0018 303 0 402 42
motorbike 0.0016 301 72 503 360
motorbike 0.0013 45 284 456 379
person 0.8513 1 0 58 187
person 0.8013 249 0 313 50
person 0.2376 13 1 78 129
person 0.1781 181 1 253 63
person 0.1337 0 1 18 185
person 0.0923 28 0 77 36
person 0.0884 117 0 159 19
person 0.0816 42 4 78 120
person 0.0685 368 1 501 90
person 0.0550 98 0 142 20
person 0.0316 363 -6 504 268
person 0.0178 483 31 500 213
person 0.0172 245 1 315 98
person 0.0142 156 0 182 9
person 0.0135 327 0 494 132
person 0.0133 88 0 110 22
person 0.0127 294 0 348 21
person 0.0122 146 0 189 21
person 0.0114 236 0 256 50
person 0.0110 240 0 283 50
person 0.0107 344 0 374 5
person 0.0100 165 0 188 10
person 0.0100 320 0 390 104
person 0.0097 102 0 155 32
person 0.0087 0 30 11 133
person 0.0084 78 0 103 24
person 0.0080 306 0 354 12
person 0.0078 60 1 81 34
person 0.0072 136 0 160 9
person 0.0072 147 0 166 7
person 0.0069 89 0 110 9
person 0.0068 326 0 352 10
person 0.0067 220 0 260 50
person 0.0066 312 0 368 19
person 0.0064 472 0 500 71
person 0.0063 70 0 94 25
person 0.0062 479 -11 500 141
person 0.0060 323 0 376 10
person 0.0057 447 1 499 67
person 0.0057 395 -2 503 162
person 0.0056 0 0 7 121
person 0.0052 126 0 153 10
person 0.0051 132 0 160 33
person 0.0049 192 0 282 49
person 0.0047 336 0 367 7
person 0.0042 492 -12 500 75
person 0.0042 175 0 198 24
person 0.0038 105 0 152 12
person 0.0036 325 -6 418 164
person 0.0034 71 0 93 7
person 0.0034 176 0 218 25
person 0.0033 493 -1 500 21
person 0.0032 491 -1 500 11
person 0.0032 79 0 104 8
person 0.0031 103 0 134 9
person 0.0031 102 1 182 44
person 0.0031 354 -1 437 133
person 0.0029 492 50 500 172
person 0.0028 0 57 8 165
person 0.0027 67 0 106 44
person 0.0027 98 1 151 65
person 0.0026 63 0 78 21
person 0.0025 353 0 385 4
person 0.0025 88 0 111 46
person 0.0025 287 0 339 11
person 0.0025 471 -27 503 189
person 0.0023 175 0 198 10
person 0.0023 162 1 207 66
person 0.0023 444 -1 500 186
person 0.0023 367 0 498 47
person 0.0023 2 0 52 105
person 0.0022 137 3 230 64
person 0.0021 188 0 242 35
person 0.0020 40 0 80 24
person 0.0018 330 0 408 7
person 0.0017 140 0 185 47
person 0.0016 306 -1 337 8
person 0.0015 0 0 47 35
person 0.0015 295 0 328 8
person 0.0014 289 0 316 7
person 0.0014 277 0 457 86
person 0.0013 83 1 126 66
person 0.0013 494 3 500 117
person 0.0013 281 0 306 6
person 0.0013 0 -7 22 82
person 0.0013 65 1 149 43
person 0.0013 134 0 182 11
person 0.0012 164 0 191 33
person 0.0012 60 0 82 10
person 0.0011 473 0 498 9
person 0.0011 471 9 504 351
person 0.0010 117 1 166 65
person 0.0010 -1 75 17 226
