bird 0.1582 414 129 500 168
bird 0.0058 413 116 499 217
bird 0.0041 459 171 477 182
bird 0.0032 431 122 503 296
bird 0.0029 416 94 496 153
bird 0.0013 446 129 499 153
boat 0.8965 36 307 168 362
boat 0.1503 361 324 432 374
boat 0.0474 216 252 273 275
boat 0.0318 450 303 500 375
boat 0.0227 0 222 11 275
boat 0.0127 413 301 458 376
boat 0.0098 64 231 149 276
boat 0.0092 0 225 24 271
boat 0.0088 364 290 503 376
boat 0.0088 1 226 53 277
boat 0.0052 52 228 90 274
boat 0.0044 379 328 481 373
boat 0.0031 403 255 498 301
boat 0.0030 367 263 414 293
boat 0.0029 426 301 477 376
boat 0.0029 20 262 172 363
boat 0.0027 380 250 488 288
boat 0.0027 249 293 485 375
boat 0.0026 69 249 134 276
boat 0.0021 0 245 12 292
boat 0.0021 152 252 202 275
boat 0.0018 408 255 466 285
boat 0.0018 450 247 499 313
boat 0.0016 0 195 20 283
boat 0.0016 302 322 506 380
boat 0.0014 0 230 7 267
boat 0.0014 324 247 493 368
boat 0.0014 295 330 418 375
boat 0.0013 396 353 460 374
boat 0.0012 211 247 302 279
boat 0.0011 0 266 10 287
boat 0.0011 0 244 26 278
boat 0.0011 393 273 471 378
boat 0.0010 5 247 60 275
boat 0.0010 382 336 429 375
boat 0.0010 355 258 433 297
