bottle 0.9949 185 305 210 399
bottle 0.0077 170 314 218 392
bottle 0.0038 326 356 375 500
bottle 0.0017 332 434 374 500
bottle 0.0016 187 306 210 356
bottle 0.0012 299 289 378 493
chair 0.0016 1 313 145 499
diningtable 0.8497 72 370 371 501
diningtable 0.0094 87 256 348 481
diningtable 0.0037 35 306 287 503
diningtable 0.0023 95 259 286 377
diningtable 0.0015 86 309 291 426
person 0.9971 0 214 155 498
person 0.9968 52 139 195 365
person 0.9958 156 225 296 367
person 0.0259 35 152 215 512
person 0.0041 78 195 309 384
person 0.0022 -8 105 162 394
person 0.0021 367 210 375 297
person 0.0020 359 165 374 354
person 0.0020 0 156 5 275
person 0.0018 4 214 139 367
person 0.0016 0 228 12 484
person 0.0014 0 218 71 492
person 0.0013 48 282 202 453
person 0.0013 172 191 362 397
person 0.0010 228 225 302 376
person 0.0010 299 163 376 396
pottedplant 0.0800 294 272 375 440
pottedplant 0.0014 238 251 378 407
pottedplant 0.0013 279 121 379 463
pottedplant 0.0011 358 237 374 434
