car 0.9564 17 17 485 358
car 0.9364 366 0 448 18
car 0.8314 428 8 500 121
car 0.5245 454 0 497 17
car 0.1078 475 0 498 17
car 0.0304 424 0 466 18
car 0.0255 490 0 499 20
car 0.0250 413 19 498 191
car 0.0239 489 0 499 10
car 0.0095 454 0 479 12
car 0.0067 348 0 373 7
car 0.0059 282 -1 362 7
car 0.0049 362 0 460 32
car 0.0039 336 0 366 6
car 0.0038 352 0 409 18
car 0.0032 483 -1 500 23
car 0.0031 357 0 380 8
car 0.0030 322 -1 377 8
car 0.0024 494 3 500 30
car 0.0019 344 -1 397 10
car 0.0015 489 -1 500 36
car 0.0013 474 0 500 31
car 0.0012 393 -3 459 15
car 0.0011 431 10 501 67
