motorbike 0.9909 2 92 193 283
motorbike 0.9756 132 76 384 358
motorbike 0.7254 168 79 337 170
motorbike 0.0695 170 91 270 157
motorbike 0.0213 -2 96 108 267
motorbike 0.0186 149 50 358 211
motorbike 0.0162 200 60 353 149
motorbike 0.0129 153 123 355 246
motorbike 0.0066 165 98 207 150
motorbike 0.0038 206 71 316 120
motorbike 0.0035 186 81 297 135
motorbike 0.0024 101 53 549 379
motorbike 0.0023 137 93 298 210
motorbike 0.0012 140 60 302 152
motorbike 0.0011 45 23 454 296
motorbike 0.0010 156 177 355 313
motorbike 0.0010 42 90 125 156
person 0.5314 54 66 94 117
person 0.1308 58 67 89 100
person 0.0096 44 82 93 160
pottedplant 0.0064 119 111 140 138
