boat 0.6093 20 355 145 405
boat 0.5260 0 383 65 452
boat 0.1873 39 -18 453 444
boat 0.0163 24 361 100 401
boat 0.0140 1 418 62 453
boat 0.0134 1 326 54 427
boat 0.0120 -4 348 67 476
boat 0.0085 32 358 57 368
boat 0.0081 0 348 26 390
boat 0.0065 -2 357 100 423
boat 0.0061 30 348 312 452
boat 0.0053 0 401 5 435
boat 0.0052 0 371 10 444
boat 0.0050 0 345 16 412
boat 0.0046 -3 272 62 439
boat 0.0044 0 320 23 429
boat 0.0039 26 357 114 383
boat 0.0025 5 344 191 449
boat 0.0021 0 415 6 439
boat 0.0019 33 361 54 372
boat 0.0017 2 359 24 381
boat 0.0014 15 337 252 414
boat 0.0014 11 392 72 424
boat 0.0013 38 350 143 371
boat 0.0011 50 358 194 419
boat 0.0010 1 355 44 384
horse 0.0606 81 365 132 497
person 0.0056 80 349 133 487
person 0.0020 132 76 190 178
