car 0.0206 -3 205 503 395
car 0.0151 26 185 53 208
car 0.0046 54 281 440 380
car 0.0025 1 170 48 221
car 0.0025 20 172 51 209
person 0.9953 96 187 127 281
person 0.9944 71 189 95 278
person 0.9937 0 277 44 376
person 0.9931 164 189 210 277
person 0.9874 135 183 170 282
person 0.9581 1 170 42 303
person 0.5520 473 212 499 284
person 0.3391 164 171 190 199
person 0.2897 113 178 136 277
person 0.2845 448 213 481 272
person 0.2789 123 274 151 305
person 0.2723 201 191 227 256
person 0.2416 373 199 400 228
person 0.1831 254 135 338 229
person 0.0603 105 274 152 319
person 0.0517 493 200 500 283
person 0.0461 447 240 472 272
person 0.0387 159 171 183 209
person 0.0339 333 181 374 230
person 0.0253 193 189 203 209
person 0.0218 160 170 200 217
person 0.0216 172 172 197 208
person 0.0172 0 186 5 297
person 0.0166 77 178 137 279
person 0.0147 412 206 442 248
person 0.0141 473 210 498 245
person 0.0120 1 235 44 324
person 0.0118 161 173 205 249
person 0.0108 264 131 365 288
person 0.0102 -6 155 508 391
person 0.0090 199 192 218 233
person 0.0072 -1 167 32 254
person 0.0066 496 221 500 261
person 0.0066 115 178 131 231
person 0.0054 201 193 212 216
person 0.0050 495 206 500 233
person 0.0048 0 160 6 250
person 0.0046 475 198 497 226
person 0.0042 119 183 135 255
person 0.0041 0 274 86 372
person 0.0038 295 148 338 232
person 0.0036 0 201 49 359
person 0.0031 477 195 494 216
person 0.0031 440 205 458 237
person 0.0029 0 275 6 381
person 0.0029 -8 198 53 274
person 0.0029 476 228 499 333
person 0.0026 294 132 375 229
person 0.0026 96 135 406 356
person 0.0025 189 185 207 212
person 0.0025 113 176 130 207
person 0.0025 0 177 6 204
person 0.0022 0 242 3 283
person 0.0022 127 189 194 264
person 0.0021 0 367 30 375
person 0.0021 436 250 499 370
person 0.0020 492 194 500 245
person 0.0020 79 196 98 270
person 0.0020 0 352 6 376
person 0.0019 122 204 136 276
person 0.0019 206 164 222 202
person 0.0018 8 282 182 374
person 0.0017 0 247 29 343
person 0.0016 142 174 179 251
person 0.0016 56 188 88 283
person 0.0016 373 203 417 231
person 0.0016 0 364 9 375
person 0.0016 62 178 111 291
person 0.0016 440 306 500 371
person 0.0016 115 176 128 194
person 0.0015 -20 289 52 361
person 0.0015 471 173 480 193
person 0.0014 208 165 221 187
person 0.0014 180 186 194 208
person 0.0014 438 240 473 322
person 0.0014 491 192 499 218
person 0.0014 493 198 499 226
person 0.0013 0 167 9 213
person 0.0012 163 172 179 195
person 0.0012 72 183 93 240
person 0.0012 0 234 7 319
person 0.0011 177 179 194 200
person 0.0011 233 126 330 317
person 0.0011 443 215 470 256
person 0.0011 487 187 499 224
person 0.0011 206 156 375 264
person 0.0010 372 202 416 271
person 0.0010 447 227 485 302
person 0.0010 452 213 479 243
