bus 0.9298 207 241 345 274
bus 0.0031 251 239 306 276
bus 0.0021 212 226 339 295
bus 0.0018 205 229 436 280
car 0.6217 176 256 212 274
car 0.2492 0 260 5 278
car 0.0803 9 259 54 276
car 0.0529 388 249 445 269
car 0.0511 2 263 22 277
car 0.0384 33 261 49 275
car 0.0109 25 261 44 275
car 0.0090 0 256 8 281
car 0.0057 494 248 500 268
car 0.0055 16 260 29 277
car 0.0046 0 268 5 291
car 0.0013 371 252 430 271
car 0.0011 0 280 8 290
car 0.0011 1 283 25 289
person 0.0228 461 247 478 268
person 0.0072 117 261 124 276
person 0.0023 50 260 60 276
person 0.0019 352 251 361 269
person 0.0015 475 247 497 267
