aeroplane 0.9507 421 138 446 160
aeroplane 0.9333 479 196 491 216
aeroplane 0.8806 442 176 466 197
aeroplane 0.8782 423 234 448 254
aeroplane 0.8768 437 217 462 238
aeroplane 0.8492 459 197 472 217
aeroplane 0.8346 435 157 451 177
aeroplane 0.7742 436 197 451 216
aeroplane 0.7701 474 194 496 218
aeroplane 0.6062 409 253 434 275
aeroplane 0.1112 429 197 463 217
aeroplane 0.0874 428 156 461 178
aeroplane 0.0802 447 196 485 218
aeroplane 0.0309 444 178 457 198
aeroplane 0.0137 454 199 477 220
aeroplane 0.0080 470 197 484 215
aeroplane 0.0074 452 198 465 214
aeroplane 0.0065 423 141 439 162
aeroplane 0.0031 491 195 498 216
aeroplane 0.0027 441 221 457 241
aeroplane 0.0021 493 201 500 222
