bottle 0.0015 -1 271 17 376
car 0.0020 0 17 7 45
person 0.9882 17 103 313 375
person 0.9574 250 0 498 376
person 0.1622 5 -4 170 318
person 0.0436 202 34 236 91
person 0.0253 225 29 299 128
person 0.0206 4 8 494 369
person 0.0146 0 56 16 332
person 0.0108 -2 31 25 359
person 0.0079 0 30 53 359
person 0.0069 2 4 46 94
person 0.0068 0 41 16 203
person 0.0068 144 33 173 76
person 0.0062 -1 6 26 95
person 0.0051 0 216 15 375
person 0.0050 0 16 10 77
person 0.0049 284 34 307 71
person 0.0048 0 58 11 121
person 0.0048 177 31 222 94
person 0.0037 253 21 273 38
person 0.0034 0 64 7 172
person 0.0032 116 80 383 357
person 0.0029 -51 0 258 375
person 0.0024 164 31 206 95
person 0.0024 0 -1 6 21
person 0.0024 0 39 13 96
person 0.0022 0 33 6 58
person 0.0018 125 0 149 8
person 0.0016 0 0 9 10
person 0.0016 221 33 257 95
person 0.0015 0 53 27 96
person 0.0015 304 127 489 243
person 0.0013 483 77 500 311
person 0.0012 1 5 21 44
person 0.0011 0 -3 9 41
person 0.0011 171 32 203 74
person 0.0011 288 0 318 8
person 0.0011 234 22 290 84
person 0.0011 279 0 324 22
person 0.0011 0 102 6 235
person 0.0010 228 34 245 73
person 0.0010 470 32 505 357
person 0.0010 2 -2 50 51
