car 0.9927 -5 113 363 364
car 0.7811 391 109 462 146
car 0.0291 370 115 395 141
car 0.0130 386 111 433 144
car 0.0083 433 106 508 162
car 0.0070 396 127 457 148
car 0.0064 387 114 411 141
car 0.0054 400 111 496 154
car 0.0048 433 125 504 179
car 0.0027 485 183 500 241
car 0.0017 125 130 171 165
car 0.0015 415 114 442 147
car 0.0012 417 112 470 140
car 0.0010 395 117 421 144
chair 0.0120 413 136 456 192
chair 0.0016 431 135 474 196
person 0.9976 300 104 345 188
person 0.9972 253 106 294 176
person 0.9925 240 72 276 171
person 0.9911 445 142 491 225
person 0.9897 339 93 372 238
person 0.9770 1 134 55 199
person 0.9406 455 87 488 155
person 0.9013 166 149 208 172
person 0.7192 297 71 347 144
person 0.6648 478 83 500 160
person 0.6334 144 152 170 185
person 0.6192 276 73 303 110
person 0.2882 147 152 163 173
person 0.1355 229 163 246 174
person 0.1229 270 74 302 144
person 0.1188 307 93 364 233
person 0.1177 477 134 499 229
person 0.1067 482 94 500 206
person 0.0668 0 131 54 260
person 0.0446 489 108 500 186
person 0.0416 489 151 500 230
person 0.0379 449 111 494 191
person 0.0369 241 72 276 120
person 0.0262 490 136 500 200
person 0.0216 0 138 30 217
person 0.0208 486 78 500 132
person 0.0142 2 96 54 180
person 0.0133 177 150 197 171
person 0.0119 143 148 191 174
person 0.0102 494 151 499 186
person 0.0082 495 77 500 102
person 0.0067 226 87 295 158
person 0.0063 0 119 82 214
person 0.0050 0 136 25 279
person 0.0046 1 135 49 172
person 0.0046 476 81 499 114
person 0.0045 440 88 498 211
person 0.0034 133 150 168 175
person 0.0033 493 137 499 172
person 0.0031 453 98 497 137
person 0.0031 442 142 489 181
person 0.0023 478 120 499 174
person 0.0023 494 163 499 203
person 0.0022 -2 114 33 360
person 0.0022 144 141 169 173
person 0.0021 475 139 500 184
person 0.0020 495 61 500 90
person 0.0020 138 157 179 190
person 0.0017 490 68 500 112
person 0.0014 483 156 500 259
person 0.0012 3 161 44 309
person 0.0012 239 108 256 174
person 0.0012 319 126 387 205
person 0.0012 242 99 264 167
person 0.0012 493 122 499 158
person 0.0011 465 68 511 207
person 0.0011 226 160 249 177
person 0.0011 233 76 262 170
person 0.0011 464 154 488 213
person 0.0010 14 119 67 188
pottedplant 0.0032 470 254 501 366
