bus 0.8285 202 181 228 218
bus 0.0063 286 186 338 214
bus 0.0028 228 197 247 209
bus 0.0015 426 174 466 222
bus 0.0014 191 181 251 216
car 0.9886 0 225 45 276
car 0.9820 31 219 90 263
car 0.9725 73 211 126 253
car 0.9433 138 210 179 245
car 0.9172 155 194 204 237
car 0.6395 123 213 153 249
car 0.4747 272 201 288 215
car 0.1478 145 201 188 240
car 0.0078 64 186 136 267
car 0.0075 -3 207 55 293
car 0.0064 23 198 99 280
car 0.0047 136 214 158 248
car 0.0036 227 200 248 211
car 0.0036 145 173 214 254
car 0.0022 266 199 299 216
car 0.0019 0 225 7 280
car 0.0010 -21 235 51 281
car 0.0010 0 226 4 253
motorbike 0.9707 307 261 348 322
motorbike 0.0415 305 216 352 328
person 0.9844 305 209 352 307
