bottle 0.1324 89 482 118 500
bottle 0.0230 96 482 140 500
bottle 0.0074 62 474 103 500
bottle 0.0058 2 243 72 318
bottle 0.0046 0 194 73 363
bottle 0.0019 109 483 155 500
chair 0.4392 11 140 367 506
chair 0.0058 115 239 374 497
chair 0.0040 304 245 376 470
chair 0.0032 115 258 313 396
chair 0.0023 14 377 183 504
chair 0.0014 14 302 302 504
chair 0.0013 0 236 200 496
chair 0.0010 233 267 375 469
person 0.9749 66 40 309 468
person 0.0075 329 233 375 482
person 0.0063 146 467 300 501
person 0.0037 101 444 332 504
person 0.0027 267 237 384 498
person 0.0022 85 177 285 321
person 0.0016 177 452 325 498
person 0.0015 0 155 14 402
person 0.0014 358 238 374 473
person 0.0012 -20 156 284 499
person 0.0011 170 298 375 502
person 0.0010 -4 98 22 458
sofa 0.0041 48 442 325 505
sofa 0.0032 0 286 374 512
sofa 0.0021 34 386 339 503
