chair 0.0019 0 199 21 334
chair 0.0010 -2 199 57 336
diningtable 0.0028 -13 355 223 374
person 0.9984 21 92 229 379
person 0.9984 185 94 341 377
person 0.9977 337 99 494 379
person 0.1796 481 136 499 369
person 0.1063 366 136 389 173
person 0.0649 -4 294 137 375
person 0.0581 0 304 28 376
person 0.0218 0 255 25 367
person 0.0143 1 324 94 376
person 0.0120 -1 332 173 374
person 0.0118 0 279 44 371
person 0.0101 0 321 15 377
person 0.0087 327 146 352 176
person 0.0049 492 198 500 340
person 0.0048 35 142 215 300
person 0.0043 490 170 500 283
person 0.0031 472 193 503 393
person 0.0030 478 238 500 379
person 0.0030 320 141 347 171
person 0.0027 473 77 504 343
person 0.0022 0 288 13 367
person 0.0021 10 242 174 375
person 0.0021 450 121 498 384
person 0.0020 60 63 434 382
person 0.0020 480 101 500 260
person 0.0019 19 296 236 374
person 0.0019 0 245 93 373
person 0.0015 0 363 27 375
person 0.0015 -1 326 26 403
person 0.0015 355 137 393 189
person 0.0012 0 363 12 375
person 0.0012 331 146 348 166
person 0.0012 0 349 26 374
person 0.0011 212 97 598 385
person 0.0011 491 143 500 238
person 0.0010 22 369 159 375
person 0.0010 245 108 343 341
person 0.0010 -2 206 57 357
