chair 0.4461 1 156 280 368
chair 0.2571 227 193 493 359
chair 0.0796 6 230 172 371
chair 0.0059 230 194 424 296
chair 0.0051 72 185 433 359
chair 0.0040 186 203 402 333
chair 0.0039 401 211 501 369
chair 0.0022 239 197 327 268
chair 0.0022 242 196 348 328
chair 0.0017 0 220 98 364
chair 0.0017 -13 115 142 372
chair 0.0014 28 207 245 339
chair 0.0012 0 223 20 359
chair 0.0010 139 193 362 294
chair 0.0010 479 216 500 366
diningtable 0.0073 72 330 427 372
diningtable 0.0038 160 350 396 370
diningtable 0.0031 44 224 461 370
diningtable 0.0023 68 294 434 370
person 0.9967 2 120 321 371
person 0.0038 37 177 290 307
person 0.0029 475 0 498 6
person 0.0013 423 0 473 19
person 0.0012 426 0 448 7
person 0.0011 487 0 500 6
person 0.0011 464 0 487 6
pottedplant 0.0159 146 83 191 120
pottedplant 0.0048 164 84 190 107
tvmonitor 0.0782 0 40 70 86
tvmonitor 0.0524 19 129 178 230
tvmonitor 0.0042 370 0 508 81
tvmonitor 0.0036 98 126 184 227
tvmonitor 0.0032 144 80 189 126
tvmonitor 0.0023 139 134 182 223
