bottle 0.0262 189 125 198 145
bottle 0.0050 493 243 500 339
bottle 0.0017 197 355 237 375
bottle 0.0016 409 173 421 191
bottle 0.0012 495 272 499 311
chair 0.4041 198 292 383 376
chair 0.0444 221 236 418 379
chair 0.0075 198 327 358 375
chair 0.0066 202 299 284 377
chair 0.0066 291 230 387 364
chair 0.0015 318 239 428 376
chair 0.0014 199 300 244 374
chair 0.0013 193 352 401 375
chair 0.0011 296 235 326 277
diningtable 0.0954 414 249 500 371
diningtable 0.0283 307 247 495 374
diningtable 0.0023 298 167 441 271
diningtable 0.0020 427 301 499 374
diningtable 0.0015 287 101 452 336
person 0.9985 38 128 103 313
person 0.9944 412 169 497 283
person 0.9931 179 80 273 311
person 0.9881 318 171 441 361
person 0.9858 199 183 394 377
person 0.2059 474 127 499 199
person 0.1307 456 130 494 197
person 0.0495 484 137 500 201
person 0.0252 276 120 295 145
person 0.0129 459 128 488 166
person 0.0082 493 195 500 316
person 0.0076 460 140 488 181
person 0.0065 487 113 500 181
person 0.0065 482 182 499 321
person 0.0054 246 111 281 189
person 0.0052 475 144 499 273
person 0.0041 456 88 498 187
person 0.0026 258 118 292 184
person 0.0024 482 231 500 360
person 0.0024 255 126 277 183
person 0.0020 488 161 500 204
person 0.0019 274 117 311 185
person 0.0016 112 147 617 394
person 0.0015 276 122 303 154
person 0.0015 283 121 300 143
person 0.0015 492 268 500 357
person 0.0013 208 208 313 375
person 0.0012 318 235 439 294
person 0.0012 432 205 503 359
person 0.0012 493 150 500 245
person 0.0011 192 86 282 219
person 0.0011 213 90 300 272
pottedplant 0.0348 400 96 457 175
pottedplant 0.0183 467 91 501 152
pottedplant 0.0049 275 103 395 261
pottedplant 0.0020 490 87 500 149
pottedplant 0.0010 248 87 415 344
pottedplant 0.0010 472 88 500 123
tvmonitor 0.0289 195 115 214 135
