car 0.0013 220 -1 415 21
chair 0.0045 448 0 498 72
chair 0.0037 452 0 499 21
chair 0.0029 428 0 484 18
chair 0.0026 445 -19 502 205
chair 0.0016 466 1 502 97
chair 0.0013 404 0 500 44
chair 0.0012 450 0 499 10
chair 0.0011 474 -1 501 187
chair 0.0011 488 0 500 8
chair 0.0010 467 -6 507 250
chair 0.0010 473 0 500 36
diningtable 0.0012 81 -5 419 42
pottedplant 0.9629 24 190 152 323
pottedplant 0.9608 8 5 174 202
pottedplant 0.9582 267 240 404 376
pottedplant 0.9545 119 118 231 234
pottedplant 0.9209 225 147 343 253
pottedplant 0.8629 142 213 270 354
pottedplant 0.7289 184 49 330 159
pottedplant 0.4245 329 106 464 252
pottedplant 0.1409 188 88 290 153
pottedplant 0.0090 212 126 359 297
pottedplant 0.0059 0 75 49 139
pottedplant 0.0053 0 20 94 166
pottedplant 0.0050 0 41 24 145
pottedplant 0.0038 0 222 7 303
pottedplant 0.0034 144 245 265 313
pottedplant 0.0030 15 76 122 193
pottedplant 0.0025 271 272 397 344
pottedplant 0.0025 0 242 6 341
pottedplant 0.0025 0 37 49 121
pottedplant 0.0022 10 103 177 202
pottedplant 0.0022 0 0 180 90
pottedplant 0.0019 151 4 350 147
pottedplant 0.0019 0 23 8 99
pottedplant 0.0018 221 86 333 155
pottedplant 0.0017 258 56 336 158
pottedplant 0.0016 185 37 263 151
pottedplant 0.0014 234 90 282 150
pottedplant 0.0013 136 123 194 210
pottedplant 0.0013 -1 1 66 129
pottedplant 0.0010 0 321 4 349
pottedplant 0.0010 0 213 15 348
pottedplant 0.0010 0 63 7 144
tvmonitor 0.0018 -3 -1 138 42
tvmonitor 0.0011 -14 -1 151 21
