bottle 0.0793 442 259 465 298
bottle 0.0268 390 295 476 332
bottle 0.0204 438 257 472 321
bottle 0.0110 431 290 473 333
bottle 0.0080 107 303 131 331
bottle 0.0057 423 173 436 217
bottle 0.0052 455 301 477 332
bottle 0.0043 492 248 500 321
bottle 0.0042 449 269 497 333
bottle 0.0035 464 301 484 331
bottle 0.0028 422 311 472 332
bottle 0.0028 442 273 468 305
bottle 0.0024 444 301 470 332
bottle 0.0019 405 275 498 330
bottle 0.0016 462 323 486 333
bottle 0.0016 403 161 429 202
bottle 0.0014 465 314 482 333
bottle 0.0013 444 312 487 332
bottle 0.0013 453 302 500 332
bottle 0.0012 400 163 416 200
bottle 0.0012 495 268 499 300
bottle 0.0010 434 301 461 331
person 0.9977 247 113 432 333
person 0.9894 83 59 272 330
person 0.1027 47 46 453 337
person 0.0106 476 213 499 337
person 0.0076 91 124 262 258
person 0.0036 370 91 512 347
person 0.0023 469 166 504 359
person 0.0019 443 184 499 341
person 0.0012 185 95 548 343
person 0.0012 482 133 499 316
person 0.0010 492 209 500 307
pottedplant 0.0866 409 143 450 206
pottedplant 0.0029 397 149 437 218
pottedplant 0.0022 374 206 420 268
pottedplant 0.0016 369 38 507 294
pottedplant 0.0014 401 137 463 230
pottedplant 0.0014 414 144 444 181
tvmonitor 0.0030 360 55 506 171
