bottle 0.0035 65 387 118 399
bottle 0.0011 51 379 115 399
chair 0.0048 -8 61 141 347
person 0.9938 61 174 298 401
person 0.9592 2 74 186 395
person 0.8351 290 105 450 405
person 0.2532 -2 57 341 408
person 0.0972 132 91 301 306
person 0.0910 110 98 468 371
person 0.0188 114 189 285 346
person 0.0158 7 143 173 315
person 0.0066 201 110 312 272
person 0.0043 2 74 91 402
person 0.0037 190 186 290 288
person 0.0030 63 167 279 294
person 0.0024 0 100 15 345
person 0.0017 167 193 279 257
person 0.0015 210 196 269 274
person 0.0015 314 118 439 296
sofa 0.3002 105 121 472 403
sofa 0.0071 191 102 467 307
sofa 0.0048 277 114 454 221
sofa 0.0028 -4 68 508 340
