aeroplane 0.6211 42 123 463 242
aeroplane 0.1817 169 146 470 229
aeroplane 0.1068 367 6 501 135
aeroplane 0.0205 9 -23 492 220
aeroplane 0.0188 89 -1 416 146
aeroplane 0.0117 195 2 458 187
aeroplane 0.0102 282 8 451 130
aeroplane 0.0074 172 138 242 163
aeroplane 0.0050 200 141 251 160
aeroplane 0.0046 372 62 497 120
aeroplane 0.0044 60 126 372 195
aeroplane 0.0031 50 169 389 246
aeroplane 0.0031 100 19 331 121
aeroplane 0.0020 307 7 503 183
aeroplane 0.0020 32 7 315 187
aeroplane 0.0017 364 75 504 174
aeroplane 0.0016 146 134 254 168
aeroplane 0.0015 213 146 240 158
aeroplane 0.0014 210 132 257 159
aeroplane 0.0014 96 122 187 178
aeroplane 0.0014 372 109 496 159
aeroplane 0.0014 156 140 282 179
aeroplane 0.0013 374 33 495 93
aeroplane 0.0012 180 145 248 170
aeroplane 0.0011 400 0 499 69
aeroplane 0.0010 213 2 446 88
car 0.0015 238 170 254 176
car 0.0010 457 199 469 214
person 0.9162 391 207 419 283
person 0.6367 5 207 20 266
person 0.3237 354 210 383 285
person 0.2500 33 210 48 261
person 0.0901 101 202 116 243
person 0.0745 52 220 67 265
person 0.0720 491 202 499 226
person 0.0570 151 209 170 249
person 0.0522 62 199 96 262
person 0.0153 488 220 500 280
person 0.0122 154 222 174 250
person 0.0117 0 208 8 265
person 0.0092 4 207 20 237
person 0.0088 46 218 64 256
person 0.0060 204 216 239 274
person 0.0059 478 207 500 282
person 0.0055 0 212 6 233
person 0.0046 94 211 110 247
person 0.0043 11 205 45 264
person 0.0042 82 212 97 256
person 0.0039 100 217 115 251
person 0.0037 29 206 58 264
person 0.0036 407 216 422 269
person 0.0036 143 206 180 261
person 0.0029 154 211 167 230
person 0.0028 148 226 172 256
person 0.0027 490 199 500 259
person 0.0025 456 199 464 215
person 0.0021 90 201 120 261
person 0.0013 52 211 89 274
person 0.0012 152 64 182 147
person 0.0011 66 197 93 236
person 0.0010 0 216 4 254
