chair 0.9990 133 214 244 332
chair 0.9898 258 236 385 332
chair 0.1236 253 162 296 207
chair 0.0329 115 198 143 303
chair 0.0180 289 173 336 220
chair 0.0127 217 195 340 329
chair 0.0121 252 185 294 208
chair 0.0088 321 183 391 236
chair 0.0077 122 201 158 320
chair 0.0038 393 98 439 168
chair 0.0033 143 232 245 294
chair 0.0031 128 200 205 307
chair 0.0022 118 207 140 259
chair 0.0020 134 270 240 333
chair 0.0016 338 207 411 319
chair 0.0015 248 292 384 332
chair 0.0014 221 161 245 190
diningtable 0.8732 131 197 382 331
diningtable 0.0058 136 191 289 308
diningtable 0.0019 29 167 475 364
