bottle 0.7830 447 152 478 212
bottle 0.6936 478 120 499 172
bottle 0.6298 437 127 457 164
bottle 0.0348 455 113 474 156
bottle 0.0134 479 105 500 222
bottle 0.0095 477 99 499 154
bottle 0.0090 476 50 500 169
bottle 0.0064 450 117 491 185
bottle 0.0044 490 157 500 225
bottle 0.0031 450 119 467 161
bottle 0.0029 455 81 494 165
bottle 0.0028 189 46 245 110
bottle 0.0018 486 81 499 156
bottle 0.0017 192 48 215 77
bottle 0.0016 468 57 486 96
bottle 0.0014 485 130 498 163
bottle 0.0013 361 45 380 77
bottle 0.0012 437 122 472 182
bottle 0.0011 455 53 496 136
chair 0.7049 108 167 255 375
chair 0.1573 261 127 400 243
chair 0.0253 245 98 483 342
chair 0.0147 146 100 342 385
chair 0.0031 330 104 407 167
chair 0.0022 259 117 340 220
chair 0.0022 321 98 400 206
chair 0.0012 0 186 21 318
chair 0.0012 8 157 78 206
chair 0.0012 278 110 436 216
diningtable 0.7416 238 172 502 374
diningtable 0.0016 134 100 528 389
diningtable 0.0016 263 155 463 271
diningtable 0.0013 227 285 507 377
person 0.9820 151 61 289 360
person 0.0167 162 104 309 276
person 0.0072 480 134 501 254
person 0.0055 63 57 438 369
person 0.0027 492 138 500 214
person 0.0015 366 0 393 12
person 0.0012 482 145 500 329
person 0.0010 358 0 384 12
pottedplant 0.0078 454 1 479 23
pottedplant 0.0018 298 4 322 31
pottedplant 0.0014 464 1 482 20
pottedplant 0.0012 425 29 472 62
pottedplant 0.0011 461 2 484 29
pottedplant 0.0010 47 5 85 63
tvmonitor 0.0021 357 0 397 15
