chair 0.0013 330 242 382 318
person 0.9931 164 108 282 373
person 0.9904 260 123 347 379
person 0.9717 52 160 92 238
person 0.9446 87 143 131 225
person 0.5126 104 142 139 223
person 0.0807 115 145 140 191
person 0.0024 494 145 499 264
person 0.0023 483 128 500 319
pottedplant 0.0236 335 175 351 195
pottedplant 0.0186 11 167 34 189
pottedplant 0.0144 153 335 198 376
pottedplant 0.0050 152 330 248 375
pottedplant 0.0029 10 164 52 190
pottedplant 0.0025 0 165 3 189
pottedplant 0.0017 332 326 377 376
pottedplant 0.0014 11 169 24 185
pottedplant 0.0012 323 174 358 197
pottedplant 0.0011 146 351 192 374
pottedplant 0.0011 341 178 354 197
