motorbike 0.9970 367 116 469 173
motorbike 0.9937 90 153 168 259
motorbike 0.9674 291 135 364 207
motorbike 0.8171 207 142 276 228
motorbike 0.2972 484 120 499 162
motorbike 0.0609 482 93 500 172
motorbike 0.0207 402 102 456 168
motorbike 0.0035 197 146 242 222
motorbike 0.0025 186 149 225 217
motorbike 0.0022 488 136 499 162
motorbike 0.0021 187 113 259 225
motorbike 0.0016 286 111 364 177
motorbike 0.0014 487 131 499 192
motorbike 0.0013 489 122 499 152
person 0.9995 202 82 285 213
person 0.9983 293 83 364 186
person 0.9982 86 81 175 237
person 0.9625 402 72 450 162
person 0.0083 482 54 500 164
person 0.0073 176 84 235 203
person 0.0050 485 92 499 157
person 0.0019 491 63 500 159
person 0.0015 398 69 440 126
person 0.0014 215 95 268 197
person 0.0014 240 9 278 75
person 0.0010 230 106 280 207
