car 0.0081 389 0 485 14
car 0.0021 398 0 492 8
car 0.0016 450 0 480 4
car 0.0010 435 0 494 15
horse 0.9880 272 84 475 253
horse 0.9689 -3 77 167 258
horse 0.9675 154 59 322 256
horse 0.0178 80 80 275 257
horse 0.0095 0 83 16 276
horse 0.0038 -2 70 26 290
horse 0.0030 82 81 170 254
horse 0.0022 -1 85 55 274
horse 0.0021 33 35 385 273
horse 0.0013 227 80 328 253
person 0.9997 332 70 414 158
person 0.9986 38 51 122 145
person 0.9968 190 47 264 152
person 0.8612 110 40 187 130
person 0.0121 27 45 176 127
person 0.0118 384 0 408 13
person 0.0089 121 75 173 139
person 0.0047 130 40 188 92
person 0.0027 374 0 417 39
person 0.0020 378 0 403 8
person 0.0019 343 0 447 36
person 0.0018 376 0 439 14
person 0.0013 42 47 127 102
person 0.0013 130 39 221 134
person 0.0013 85 46 128 103
person 0.0012 364 0 412 10
person 0.0012 4 181 40 271
person 0.0012 11 33 181 178
person 0.0011 125 59 192 157
person 0.0010 85 44 249 121
person 0.0010 1 133 24 273
