chair 0.9815 355 225 501 373
chair 0.9431 202 212 324 371
chair 0.8450 143 173 251 352
chair 0.4872 365 164 435 221
chair 0.2883 298 151 348 199
chair 0.1833 0 228 15 266
chair 0.1261 438 182 502 352
chair 0.0707 162 150 214 188
chair 0.0278 237 145 255 177
chair 0.0249 479 216 500 375
chair 0.0226 235 149 478 357
chair 0.0225 150 150 349 354
chair 0.0159 137 177 202 329
chair 0.0060 146 172 218 282
chair 0.0057 467 165 502 368
chair 0.0051 0 222 16 368
chair 0.0045 0 216 18 290
chair 0.0037 235 145 275 178
chair 0.0032 5 146 491 402
chair 0.0027 478 149 500 327
chair 0.0025 344 180 444 353
chair 0.0025 0 228 10 310
chair 0.0022 492 142 499 239
chair 0.0021 493 222 499 346
chair 0.0019 274 156 363 320
chair 0.0018 452 275 500 374
chair 0.0017 471 298 499 375
chair 0.0017 143 178 185 295
chair 0.0016 161 155 212 229
chair 0.0016 370 263 493 326
chair 0.0015 183 118 204 150
chair 0.0014 367 329 499 375
chair 0.0012 175 120 225 186
chair 0.0010 481 126 500 264
diningtable 0.9574 176 175 476 376
diningtable 0.0012 195 183 392 311
