chair 0.0021 0 142 30 453
chair 0.0017 296 95 308 269
chair 0.0015 277 148 309 254
pottedplant 0.9938 205 21 303 150
pottedplant 0.9111 6 6 96 95
pottedplant 0.0043 277 35 309 136
pottedplant 0.0031 0 79 31 175
pottedplant 0.0026 0 69 16 180
pottedplant 0.0023 303 107 309 209
pottedplant 0.0018 2 72 112 193
pottedplant 0.0017 195 12 309 250
pottedplant 0.0013 0 80 4 102
pottedplant 0.0012 248 28 309 173
pottedplant 0.0012 291 23 308 148
pottedplant 0.0011 203 87 283 154
sofa 0.9612 2 92 270 310
sofa 0.0014 87 96 267 257
sofa 0.0014 5 66 158 291
