bottle 0.0078 185 262 221 324
bottle 0.0018 290 0 316 3
bottle 0.0015 336 262 371 326
bottle 0.0010 315 0 346 4
chair 0.9252 5 63 127 212
chair 0.1073 0 50 27 194
chair 0.0485 0 50 49 222
chair 0.0402 375 129 501 245
chair 0.0075 2 1 183 206
chair 0.0064 0 106 22 253
chair 0.0028 0 177 25 299
chair 0.0024 4 1 92 39
chair 0.0022 -1 208 57 379
chair 0.0021 -1 129 136 233
chair 0.0016 0 197 21 363
chair 0.0014 -6 59 139 310
chair 0.0013 0 29 58 161
chair 0.0012 7 0 60 33
chair 0.0010 0 195 45 282
diningtable 0.9705 0 185 501 370
diningtable 0.0082 1 22 496 353
diningtable 0.0027 -4 31 263 225
diningtable 0.0013 54 206 446 297
person 0.0310 333 -1 406 102
person 0.0036 0 0 6 66
person 0.0032 0 -7 18 137
person 0.0025 0 1 4 33
person 0.0024 0 0 135 40
person 0.0023 202 1 278 42
person 0.0020 0 -1 8 35
person 0.0020 200 -2 276 103
person 0.0019 220 0 268 19
person 0.0013 2 0 26 7
person 0.0012 0 0 26 26
person 0.0011 213 0 267 70
person 0.0010 8 0 77 8
pottedplant 0.0383 10 -3 260 85
pottedplant 0.0100 97 -2 315 94
pottedplant 0.0077 43 0 166 42
pottedplant 0.0051 0 -1 266 202
pottedplant 0.0032 5 11 187 121
pottedplant 0.0025 -5 -4 202 50
pottedplant 0.0023 150 -1 253 101
pottedplant 0.0022 143 1 260 40
pottedplant 0.0022 267 0 298 5
pottedplant 0.0016 18 6 153 58
pottedplant 0.0012 59 -5 358 144
sofa 0.0028 377 93 497 243
