chair 0.5140 312 75 495 353
chair 0.1088 4 127 277 301
chair 0.0979 130 147 282 285
chair 0.0820 318 154 489 279
chair 0.0047 312 147 409 299
chair 0.0016 139 122 349 311
chair 0.0015 333 141 451 359
chair 0.0015 215 43 587 385
person 0.9956 9 23 163 302
person 0.9765 314 34 499 289
person 0.0352 401 71 500 347
person 0.0196 444 14 500 375
person 0.0077 483 23 499 191
person 0.0054 471 29 500 388
person 0.0041 483 38 500 321
person 0.0032 -33 15 311 302
person 0.0026 229 23 575 348
person 0.0024 357 147 502 283
person 0.0011 18 32 162 163
tvmonitor 0.0048 3 288 275 374
