chair 0.9697 333 196 452 365
chair 0.2901 439 153 497 326
chair 0.2278 452 148 499 217
chair 0.0305 314 164 403 341
chair 0.0111 474 301 498 374
chair 0.0080 265 171 336 323
chair 0.0060 390 140 482 340
chair 0.0053 474 337 499 375
chair 0.0043 220 169 443 374
chair 0.0026 477 222 500 370
chair 0.0018 322 93 482 353
chair 0.0016 476 150 500 324
chair 0.0012 223 186 297 318
chair 0.0012 160 105 644 391
chair 0.0011 462 138 504 339
chair 0.0011 490 137 500 215
diningtable 0.4883 413 193 500 369
diningtable 0.1849 311 206 487 377
diningtable 0.0041 373 143 504 358
diningtable 0.0021 158 135 647 405
person 0.9816 143 55 257 363
person 0.5675 271 161 334 309
person 0.0105 121 126 251 297
person 0.0030 13 52 415 370
person 0.0015 284 162 338 226
pottedplant 0.0036 424 31 448 62
pottedplant 0.0027 0 1 23 47
pottedplant 0.0010 1 3 46 64
tvmonitor 0.0532 73 44 141 145
tvmonitor 0.0107 1 66 82 177
tvmonitor 0.0019 0 68 47 124
tvmonitor 0.0011 -1 74 71 138
