aeroplane 0.9421 152 47 484 250
aeroplane 0.8813 131 188 300 282
aeroplane 0.6647 -3 36 144 213
aeroplane 0.0787 4 34 155 134
aeroplane 0.0746 -1 120 137 217
aeroplane 0.0418 129 46 372 207
aeroplane 0.0202 306 39 489 208
aeroplane 0.0128 379 266 492 298
aeroplane 0.0050 177 81 465 170
aeroplane 0.0040 143 60 287 150
aeroplane 0.0034 68 36 145 116
aeroplane 0.0033 3 99 135 142
aeroplane 0.0028 21 69 141 172
aeroplane 0.0028 178 181 300 225
aeroplane 0.0024 13 5 490 203
aeroplane 0.0022 0 134 93 242
aeroplane 0.0021 158 123 429 222
aeroplane 0.0021 1 85 97 203
aeroplane 0.0019 0 116 66 217
aeroplane 0.0015 -6 233 138 298
aeroplane 0.0013 395 244 502 300
aeroplane 0.0013 125 163 306 240
aeroplane 0.0012 -4 146 276 294
aeroplane 0.0012 4 130 131 179
aeroplane 0.0011 13 91 488 291
aeroplane 0.0011 317 37 488 127
boat 0.0040 0 240 50 300
