chair 0.6692 29 60 256 370
chair 0.0176 -2 33 124 341
chair 0.0029 -1 44 56 286
chair 0.0027 49 155 232 278
chair 0.0014 32 71 136 287
chair 0.0010 1 46 93 229
person 0.9615 109 31 406 352
person 0.7216 72 52 266 329
person 0.2426 107 64 211 182
person 0.0518 111 95 214 262
person 0.0204 -40 31 316 349
person 0.0117 138 129 264 288
person 0.0080 110 67 175 146
person 0.0039 98 41 243 225
person 0.0023 183 4 542 372
person 0.0014 125 63 281 189
person 0.0013 134 132 375 241
person 0.0010 28 80 107 336
sofa 0.1103 96 6 471 323
sofa 0.0080 98 112 400 375
