car 0.9129 1 15 33 30
car 0.2750 56 11 77 33
car 0.0529 0 49 7 80
car 0.0100 0 17 3 36
car 0.0086 77 11 111 31
car 0.0031 63 0 78 9
car 0.0029 52 2 85 33
car 0.0028 55 0 77 16
car 0.0027 74 8 115 46
car 0.0025 0 29 6 76
car 0.0017 0 0 6 7
car 0.0015 0 66 5 83
car 0.0015 0 8 4 35
car 0.0013 40 0 75 16
car 0.0012 72 6 108 26
car 0.0011 0 0 22 18
car 0.0010 0 10 3 56
chair 0.0067 0 300 101 320
chair 0.0022 -4 278 99 323
person 0.0020 -2 249 97 320
pottedplant 0.6019 4 34 234 286
pottedplant 0.4455 178 292 237 320
pottedplant 0.3401 -4 58 139 309
pottedplant 0.1524 106 41 242 270
pottedplant 0.0398 5 157 122 316
pottedplant 0.0271 140 21 242 202
pottedplant 0.0137 18 202 220 318
pottedplant 0.0125 149 297 230 321
pottedplant 0.0102 230 208 240 321
pottedplant 0.0066 26 247 175 319
pottedplant 0.0053 197 302 241 319
pottedplant 0.0051 0 136 9 243
pottedplant 0.0043 40 166 97 314
pottedplant 0.0042 177 37 243 278
pottedplant 0.0041 5 279 122 322
pottedplant 0.0040 114 281 236 323
pottedplant 0.0038 37 280 203 323
pottedplant 0.0034 149 2 239 70
pottedplant 0.0033 212 208 240 318
pottedplant 0.0032 213 66 240 290
pottedplant 0.0030 5 301 113 320
pottedplant 0.0029 212 7 240 201
pottedplant 0.0027 55 13 223 210
pottedplant 0.0023 230 79 240 278
pottedplant 0.0020 78 252 235 317
pottedplant 0.0016 0 156 9 298
pottedplant 0.0013 150 107 237 211
pottedplant 0.0013 231 35 240 198
pottedplant 0.0012 234 218 240 292
pottedplant 0.0012 116 150 233 222
pottedplant 0.0012 124 81 230 184
pottedplant 0.0011 52 285 140 318
pottedplant 0.0011 108 301 214 320
pottedplant 0.0010 174 293 208 319
