boat 0.0010 0 150 29 171
chair 0.0685 492 214 499 236
chair 0.0295 490 214 500 255
chair 0.0164 473 234 500 354
chair 0.0091 400 241 501 377
chair 0.0060 478 205 499 302
chair 0.0032 491 218 500 292
chair 0.0023 361 244 462 374
chair 0.0019 452 231 499 327
chair 0.0017 476 227 500 267
chair 0.0017 492 199 500 241
chair 0.0010 494 230 500 265
diningtable 0.0230 363 234 500 372
diningtable 0.0040 438 215 500 347
diningtable 0.0023 450 225 500 307
person 0.9971 245 63 341 332
person 0.0491 110 176 136 217
person 0.0036 85 58 493 362
person 0.0017 214 114 369 367
person 0.0013 493 162 499 248
person 0.0010 479 129 499 259
train 0.9528 113 100 245 222
train 0.2163 16 116 108 160
train 0.0191 229 36 354 300
train 0.0043 204 106 242 172
train 0.0039 -1 136 28 172
train 0.0025 0 101 29 175
train 0.0025 80 34 496 349
train 0.0021 33 81 248 235
train 0.0021 0 127 28 152
train 0.0019 119 121 243 184
train 0.0011 265 44 473 332
