cat 0.0019 1 328 91 374
chair 0.9953 174 230 297 377
chair 0.0048 0 250 89 370
chair 0.0040 286 250 350 372
chair 0.0024 0 309 89 373
chair 0.0013 288 250 344 314
chair 0.0011 153 225 409 375
chair 0.0010 178 261 292 329
tvmonitor 0.9972 218 151 274 215
tvmonitor 0.9804 290 150 357 209
tvmonitor 0.9538 168 149 217 203
tvmonitor 0.8691 381 153 445 228
tvmonitor 0.8295 168 75 209 114
tvmonitor 0.4199 165 113 212 149
tvmonitor 0.3067 213 110 275 157
tvmonitor 0.0966 117 85 159 119
tvmonitor 0.0537 411 225 459 276
tvmonitor 0.0323 216 39 272 68
tvmonitor 0.0287 352 147 399 216
tvmonitor 0.0152 121 54 159 78
tvmonitor 0.0107 163 44 209 74
tvmonitor 0.0081 281 88 395 156
tvmonitor 0.0079 434 185 462 228
tvmonitor 0.0056 385 162 435 206
tvmonitor 0.0055 359 150 441 261
tvmonitor 0.0054 216 77 272 113
tvmonitor 0.0046 420 221 458 249
tvmonitor 0.0038 410 178 460 268
tvmonitor 0.0034 160 87 177 117
tvmonitor 0.0025 380 48 419 83
tvmonitor 0.0023 156 135 221 226
tvmonitor 0.0023 159 86 201 118
tvmonitor 0.0023 386 89 446 158
tvmonitor 0.0022 370 151 419 216
tvmonitor 0.0019 241 39 270 67
tvmonitor 0.0017 444 162 465 191
tvmonitor 0.0014 420 230 453 268
tvmonitor 0.0012 126 55 156 70
