boat 0.7968 418 79 493 117
boat 0.4720 29 76 235 138
boat 0.0759 25 60 385 141
boat 0.0424 25 98 189 138
boat 0.0260 418 90 439 114
boat 0.0249 471 84 493 113
boat 0.0247 0 238 498 372
boat 0.0242 170 75 216 91
boat 0.0221 413 6 495 120
boat 0.0033 36 49 379 206
boat 0.0029 417 67 440 96
boat 0.0024 472 82 492 97
boat 0.0024 419 84 439 96
boat 0.0021 455 88 497 116
boat 0.0019 419 104 438 114
boat 0.0017 5 290 338 373
boat 0.0015 -1 62 36 86
boat 0.0014 170 77 206 88
boat 0.0014 493 93 500 115
boat 0.0012 470 94 487 113
boat 0.0011 0 8 30 91
boat 0.0011 417 89 461 116
chair 0.0185 57 171 362 363
chair 0.0050 37 61 466 380
chair 0.0035 16 247 326 368
diningtable 0.0133 9 289 487 373
person 0.9920 102 109 328 373
person 0.0034 133 169 341 316
