chair 0.0289 398 170 499 307
chair 0.0010 310 108 395 249
person 0.9948 174 77 491 367
person 0.9505 -6 61 354 373
person 0.2812 129 1 238 124
person 0.0079 234 32 316 100
person 0.0066 0 30 52 358
person 0.0061 -14 57 140 375
person 0.0035 0 66 18 322
person 0.0031 93 -9 258 209
person 0.0023 3 38 185 275
person 0.0023 163 10 329 123
person 0.0019 82 24 343 289
person 0.0015 23 0 474 317
person 0.0013 -2 15 29 317
person 0.0012 136 -8 363 210
person 0.0011 307 51 501 327
tvmonitor 0.0100 316 94 382 146
