bottle 0.8247 90 13 105 56
bottle 0.8007 63 11 77 58
bottle 0.0305 137 109 154 139
bottle 0.0226 123 91 151 112
bottle 0.0067 86 89 154 115
bottle 0.0061 114 14 129 60
bottle 0.0028 369 85 393 121
bottle 0.0018 84 6 122 62
bottle 0.0018 134 90 156 115
bottle 0.0015 136 96 155 128
bottle 0.0014 137 104 153 119
bottle 0.0012 0 128 6 155
bottle 0.0011 101 18 114 59
bottle 0.0011 52 6 83 64
chair 0.0166 176 101 233 228
chair 0.0114 67 121 210 244
chair 0.0012 60 88 284 274
diningtable 0.2001 0 230 328 373
person 0.9982 327 -6 486 264
person 0.9947 68 49 213 233
person 0.9811 215 62 331 237
person 0.9264 308 176 495 372
person 0.0155 274 31 477 345
person 0.0108 349 66 505 367
person 0.0097 0 95 20 236
person 0.0065 399 218 501 371
person 0.0050 304 294 499 375
person 0.0048 0 114 52 301
person 0.0038 309 148 496 288
person 0.0030 355 3 476 180
person 0.0025 314 64 394 184
person 0.0024 474 221 499 369
person 0.0023 134 48 228 229
person 0.0022 225 51 413 268
person 0.0020 160 219 497 379
person 0.0016 0 120 25 296
person 0.0015 444 115 500 362
person 0.0012 73 72 344 241
person 0.0011 0 10 15 206
person 0.0010 408 26 498 306
sofa 0.0150 168 76 343 285
