chair 0.9636 337 179 501 365
chair 0.5770 116 128 174 204
chair 0.5598 0 147 83 292
chair 0.3214 183 156 234 192
chair 0.1388 -3 293 193 373
chair 0.0511 74 148 179 209
chair 0.0288 110 148 209 203
chair 0.0200 0 270 94 374
chair 0.0155 120 131 175 163
chair 0.0140 0 139 19 279
chair 0.0113 42 136 100 216
chair 0.0099 38 331 209 375
chair 0.0034 0 237 55 378
chair 0.0024 132 156 231 195
chair 0.0023 4 351 207 375
chair 0.0021 98 137 186 247
chair 0.0018 -24 169 218 378
chair 0.0016 114 158 170 222
chair 0.0013 46 129 100 165
chair 0.0012 -10 328 143 374
chair 0.0012 114 127 204 177
chair 0.0012 -8 245 140 378
chair 0.0011 0 146 6 292
chair 0.0011 358 178 507 270
chair 0.0011 0 203 27 360
diningtable 0.3812 46 142 218 212
diningtable 0.0011 41 161 220 255
sofa 0.9330 46 185 319 370
sofa 0.0039 35 295 302 373
