boat 0.8970 253 175 407 370
boat 0.0033 263 126 366 324
boat 0.0026 252 285 407 370
boat 0.0013 105 103 548 389
person 0.9985 216 117 241 209
person 0.9980 51 191 97 308
person 0.9978 145 117 173 209
person 0.9880 3 191 56 313
person 0.8557 170 119 196 208
person 0.1080 0 196 15 366
person 0.0688 176 134 202 256
person 0.0599 0 239 13 315
person 0.0186 0 199 7 313
person 0.0091 0 179 20 303
person 0.0073 0 243 8 383
person 0.0049 168 122 192 174
person 0.0044 1 243 57 372
person 0.0013 355 41 371 96
person 0.0012 352 67 368 100
person 0.0011 -2 172 25 390
person 0.0011 153 109 209 222
person 0.0010 3 200 83 388
pottedplant 0.2247 216 20 242 40
pottedplant 0.1693 127 23 188 43
pottedplant 0.0142 0 0 14 39
pottedplant 0.0044 124 25 160 43
pottedplant 0.0026 0 9 9 39
pottedplant 0.0025 124 1 197 43
pottedplant 0.0017 0 -1 18 103
pottedplant 0.0016 217 20 245 55
pottedplant 0.0013 0 6 8 87
pottedplant 0.0010 169 25 187 42
