cat 0.9746 243 70 388 154
cat 0.9679 0 102 318 314
cat 0.0093 2 51 496 326
cat 0.0042 232 50 402 203
cat 0.0023 12 130 279 255
cat 0.0017 134 62 379 149
chair 0.1065 0 0 88 105
chair 0.0018 311 0 402 72
diningtable 0.0021 0 112 497 375
person 0.0044 445 184 500 379
person 0.0013 478 161 500 373
pottedplant 0.0066 261 283 305 333
pottedplant 0.0013 250 274 275 308
pottedplant 0.0011 0 13 7 108
pottedplant 0.0011 269 289 298 325
sofa 0.0787 23 1 321 75
sofa 0.0127 412 0 500 102
sofa 0.0017 59 -3 434 146
sofa 0.0013 313 1 496 85
