car 0.0020 121 226 161 243
chair 0.9966 257 264 342 413
chair 0.9911 46 260 129 413
chair 0.9885 147 252 237 464
chair 0.8591 57 247 122 341
chair 0.6764 253 248 300 339
chair 0.4209 160 248 227 392
chair 0.1381 270 252 318 339
chair 0.1227 83 244 124 322
chair 0.1178 76 245 133 391
chair 0.0912 239 249 300 385
chair 0.0865 170 245 211 350
chair 0.0596 289 250 324 317
chair 0.0107 169 243 208 265
chair 0.0092 256 247 297 285
chair 0.0079 148 313 235 395
chair 0.0073 85 245 121 283
chair 0.0056 69 257 114 375
chair 0.0051 61 250 102 295
chair 0.0030 264 257 301 310
chair 0.0024 302 254 341 339
chair 0.0020 40 254 98 387
chair 0.0019 87 249 148 341
chair 0.0017 44 252 84 340
chair 0.0017 142 258 341 467
chair 0.0013 182 247 229 350
chair 0.0013 215 252 295 339
chair 0.0012 45 256 64 311
chair 0.0011 135 258 201 420
chair 0.0010 286 262 330 371
chair 0.0010 292 250 345 392
chair 0.0010 178 255 312 409
diningtable 0.7343 128 257 256 470
diningtable 0.0065 36 244 278 437
diningtable 0.0023 2 194 366 529
diningtable 0.0010 49 260 207 404
