car 0.9922 93 184 477 323
car 0.7860 96 151 244 223
car 0.0133 110 149 247 192
car 0.0017 492 193 499 215
car 0.0015 76 157 221 202
chair 0.0054 3 215 46 282
chair 0.0013 0 225 25 272
person 0.4960 4 185 42 262
person 0.1968 10 190 39 230
person 0.1087 101 160 117 178
person 0.0488 0 193 28 277
person 0.0129 0 181 29 242
person 0.0105 0 190 8 263
person 0.0087 99 159 118 191
person 0.0081 0 192 13 233
person 0.0039 0 204 24 248
person 0.0035 0 214 6 283
person 0.0025 0 194 9 217
person 0.0020 89 160 120 233
person 0.0019 -1 184 56 286
person 0.0016 11 197 37 253
person 0.0011 0 170 10 226
person 0.0010 -3 189 61 235
pottedplant 0.0012 193 297 238 329
