bicycle 0.0171 338 245 487 315
bicycle 0.0042 476 255 499 319
bicycle 0.0019 352 278 473 319
bicycle 0.0019 450 257 499 320
bicycle 0.0016 400 261 501 319
chair 0.0184 0 297 24 318
chair 0.0010 0 310 25 318
motorbike 0.0040 479 236 500 318
motorbike 0.0018 487 247 499 311
person 0.0018 481 191 500 312
pottedplant 0.5113 396 192 494 312
pottedplant 0.0392 1 14 92 216
pottedplant 0.0185 1 257 25 318
pottedplant 0.0177 0 204 19 323
pottedplant 0.0122 120 237 174 315
pottedplant 0.0092 0 209 64 318
pottedplant 0.0079 129 62 153 88
pottedplant 0.0061 0 177 8 245
pottedplant 0.0036 0 169 16 284
pottedplant 0.0035 0 196 7 274
pottedplant 0.0035 109 262 147 316
pottedplant 0.0028 143 234 179 298
pottedplant 0.0028 -8 204 132 314
pottedplant 0.0025 399 208 492 268
pottedplant 0.0023 91 42 126 92
pottedplant 0.0021 0 254 8 316
pottedplant 0.0019 362 203 469 322
pottedplant 0.0018 323 160 500 316
pottedplant 0.0016 1 278 45 318
pottedplant 0.0015 0 220 6 300
pottedplant 0.0013 -2 0 68 157
pottedplant 0.0013 -9 15 124 300
pottedplant 0.0010 407 210 461 292
