bottle 0.8049 94 200 122 277
bottle 0.1847 334 265 375 358
bottle 0.0031 453 351 480 361
bottle 0.0027 466 350 479 361
bottle 0.0018 468 341 480 362
bottle 0.0015 19 237 44 283
bottle 0.0010 430 350 481 361
chair 0.1403 354 174 429 279
chair 0.0093 0 274 183 360
chair 0.0053 319 160 467 264
chair 0.0029 430 313 478 360
chair 0.0021 194 154 364 259
chair 0.0021 307 143 477 332
chair 0.0016 387 317 480 361
chair 0.0010 -1 257 59 363
chair 0.0010 -1 259 21 364
chair 0.0010 392 171 478 315
diningtable 0.9509 -10 220 487 361
diningtable 0.0050 25 274 389 363
diningtable 0.0024 27 219 387 312
diningtable 0.0021 62 202 415 280
diningtable 0.0019 27 150 452 332
diningtable 0.0018 223 273 481 361
diningtable 0.0014 20 317 456 362
person 0.9988 189 63 370 257
person 0.9967 -1 52 157 251
person 0.9842 99 49 188 215
person 0.8461 180 33 271 206
person 0.0333 456 236 480 360
person 0.0325 428 208 479 358
person 0.0134 388 183 481 362
person 0.0074 463 162 480 323
person 0.0069 303 161 480 365
person 0.0053 450 167 480 377
person 0.0045 383 120 480 255
person 0.0041 0 90 13 339
person 0.0041 351 270 481 359
person 0.0035 460 132 479 272
person 0.0028 202 218 493 364
person 0.0027 79 52 247 241
person 0.0027 1 87 87 341
person 0.0024 474 163 479 287
person 0.0022 426 155 480 303
person 0.0018 24 59 225 359
person 0.0017 473 245 479 371
person 0.0013 29 58 448 297
person 0.0012 0 60 22 369
person 0.0010 125 37 221 205
person 0.0010 0 130 5 279
pottedplant 0.0419 464 0 480 24
pottedplant 0.0068 454 0 480 29
pottedplant 0.0036 430 -1 482 25
