boat 0.9557 194 42 350 259
boat 0.9177 32 -2 97 91
boat 0.8740 433 22 500 63
boat 0.8085 157 5 193 74
boat 0.8048 283 1 323 25
boat 0.7435 356 47 425 85
boat 0.6266 204 0 250 36
boat 0.2353 299 61 363 98
boat 0.1586 238 44 258 58
boat 0.1374 206 17 247 34
boat 0.0328 386 0 432 28
boat 0.0182 160 59 189 76
boat 0.0142 29 73 97 96
boat 0.0124 66 20 90 36
boat 0.0093 304 64 355 85
boat 0.0091 119 90 140 102
boat 0.0076 434 45 501 63
boat 0.0068 425 0 507 81
boat 0.0064 236 43 270 60
boat 0.0052 288 14 319 24
boat 0.0044 145 12 214 68
boat 0.0036 361 46 415 68
boat 0.0035 289 6 317 21
boat 0.0030 491 55 499 66
boat 0.0026 486 28 499 59
boat 0.0025 344 0 397 26
boat 0.0023 347 24 432 107
boat 0.0022 352 0 434 32
boat 0.0021 0 48 6 62
boat 0.0021 0 46 6 56
boat 0.0019 455 16 481 49
boat 0.0019 471 0 502 57
boat 0.0017 2 -5 122 82
boat 0.0016 451 29 481 60
boat 0.0014 396 0 422 22
boat 0.0014 490 49 499 64
boat 0.0014 12 42 32 49
boat 0.0014 344 38 372 47
boat 0.0014 300 1 321 17
boat 0.0013 54 8 444 262
boat 0.0012 209 26 241 34
boat 0.0012 490 -1 499 43
boat 0.0011 347 0 399 55
boat 0.0010 219 0 247 23
boat 0.0010 262 -2 335 22
boat 0.0010 454 24 497 53
boat 0.0010 417 29 438 48
boat 0.0010 0 0 13 4
person 0.0012 295 233 306 244
