sheep 0.9426 11 154 316 327
sheep 0.8673 190 83 395 188
sheep 0.6744 323 25 497 194
sheep 0.6026 236 137 503 332
sheep 0.5722 4 65 189 309
sheep 0.3741 22 17 315 147
sheep 0.1786 96 66 411 206
sheep 0.1235 2 83 177 191
sheep 0.0668 125 151 307 232
sheep 0.0605 332 28 462 135
sheep 0.0287 -27 55 365 323
sheep 0.0123 39 167 299 263
sheep 0.0087 0 45 261 230
sheep 0.0063 20 14 185 110
sheep 0.0052 -1 85 100 280
sheep 0.0047 240 263 491 326
sheep 0.0040 4 128 176 244
sheep 0.0039 139 134 351 297
sheep 0.0033 87 18 400 108
sheep 0.0033 17 35 476 239
sheep 0.0033 301 151 498 278
sheep 0.0031 222 60 511 210
sheep 0.0029 362 40 510 286
sheep 0.0029 91 181 406 339
sheep 0.0027 402 72 498 165
sheep 0.0025 177 46 545 335
sheep 0.0023 180 288 480 328
sheep 0.0017 110 0 453 175
sheep 0.0015 15 116 240 209
sheep 0.0014 0 64 5 143
sheep 0.0012 107 133 318 202
sheep 0.0010 2 6 200 166
