chair 0.3909 186 264 266 303
chair 0.0116 83 186 125 238
chair 0.0077 37 232 235 372
chair 0.0017 178 263 267 358
diningtable 0.6380 78 289 489 373
diningtable 0.0033 36 281 322 375
person 0.9988 266 76 392 302
person 0.9979 46 181 229 372
person 0.9970 402 155 499 327
person 0.5005 0 73 125 369
person 0.0479 15 64 247 370
person 0.0095 482 155 499 349
person 0.0066 86 175 324 374
person 0.0025 -1 70 65 379
person 0.0024 494 174 499 321
person 0.0018 433 192 501 365
person 0.0016 264 97 338 290
person 0.0014 -53 159 399 387
person 0.0011 123 186 240 350
person 0.0010 90 54 566 320
person 0.0010 401 203 500 268
