chair 0.9580 101 302 259 373
chair 0.6440 442 237 500 348
chair 0.5951 241 294 499 373
chair 0.1352 31 363 130 375
chair 0.0314 236 326 401 376
chair 0.0297 1 351 47 374
chair 0.0210 94 300 403 372
chair 0.0194 0 330 66 374
chair 0.0171 3 354 80 374
chair 0.0137 0 339 28 374
chair 0.0112 1 364 84 374
chair 0.0100 0 339 12 373
chair 0.0083 0 314 10 371
chair 0.0071 0 334 130 374
chair 0.0060 0 311 93 374
chair 0.0056 0 351 9 375
chair 0.0046 0 303 25 376
chair 0.0046 206 331 314 374
chair 0.0037 51 365 187 374
chair 0.0030 0 249 21 370
chair 0.0025 60 328 231 374
chair 0.0024 58 358 159 374
chair 0.0021 0 363 11 375
chair 0.0018 105 351 262 375
chair 0.0016 372 306 495 375
chair 0.0012 0 271 7 370
chair 0.0012 133 302 199 373
chair 0.0012 1 283 48 370
chair 0.0011 166 326 272 373
chair 0.0010 107 367 247 375
chair 0.0010 33 310 140 374
diningtable 0.1386 -4 297 202 373
diningtable 0.0304 5 234 174 375
diningtable 0.0098 0 356 170 373
diningtable 0.0026 41 332 210 374
diningtable 0.0015 -39 324 174 379
person 0.2250 339 205 386 307
pottedplant 0.0125 -4 5 130 137
pottedplant 0.0026 -9 6 133 309
pottedplant 0.0021 1 -3 179 204
pottedplant 0.0019 398 58 421 92
pottedplant 0.0019 0 -1 24 130
pottedplant 0.0015 451 115 499 214
pottedplant 0.0011 402 66 417 84
sofa 0.7071 443 238 500 329
sofa 0.0068 235 239 502 371
