bicycle 0.0013 489 300 500 333
car 0.8091 -1 74 501 317
car 0.0840 107 90 389 303
car 0.0418 20 127 323 352
car 0.0017 134 161 514 324
car 0.0015 -3 87 97 134
motorbike 0.0013 478 240 500 335
motorbike 0.0012 54 202 444 335
person 0.9904 0 89 103 209
person 0.9874 71 200 163 331
person 0.9645 157 13 493 326
person 0.0304 486 147 500 302
person 0.0238 490 187 500 267
person 0.0135 0 94 5 193
person 0.0063 492 213 500 304
person 0.0062 479 133 496 150
person 0.0042 481 213 500 337
person 0.0040 492 158 499 244
person 0.0040 0 88 21 205
person 0.0026 -1 83 61 258
person 0.0017 -4 90 126 288
person 0.0016 187 137 294 311
person 0.0014 0 324 9 333
person 0.0013 12 89 109 154
person 0.0013 0 127 105 187
person 0.0012 0 314 9 333
person 0.0010 468 131 479 147
