bottle 0.0077 474 353 498 374
bottle 0.0068 374 70 383 86
bottle 0.0055 493 352 500 377
bottle 0.0028 383 69 393 86
bottle 0.0016 451 353 500 375
bottle 0.0011 472 365 500 374
bottle 0.0011 491 335 500 378
chair 0.2248 -12 338 182 375
chair 0.0786 6 315 120 358
chair 0.0216 53 339 234 374
chair 0.0197 0 321 15 360
chair 0.0113 26 331 313 376
chair 0.0112 -4 330 109 373
chair 0.0054 24 332 117 353
chair 0.0043 0 313 27 367
chair 0.0035 1 315 50 363
chair 0.0012 -3 307 193 372
chair 0.0011 -18 348 121 376
chair 0.0010 64 350 298 376
diningtable 0.0042 -33 328 168 380
sofa 0.0017 60 332 435 377
tvmonitor 0.9635 457 177 498 293
tvmonitor 0.0025 451 202 513 271
tvmonitor 0.0013 456 132 497 259
tvmonitor 0.0010 466 85 501 304
