pottedplant 0.9210 207 67 461 368
pottedplant 0.2543 340 336 452 375
pottedplant 0.1506 0 213 191 379
pottedplant 0.1208 11 3 487 372
pottedplant 0.0965 241 338 322 375
pottedplant 0.0463 255 332 377 374
pottedplant 0.0444 302 332 409 374
pottedplant 0.0239 112 216 183 319
pottedplant 0.0198 357 201 427 331
pottedplant 0.0190 108 243 182 373
pottedplant 0.0177 79 209 128 295
pottedplant 0.0164 317 330 361 375
pottedplant 0.0094 197 164 399 376
pottedplant 0.0076 134 252 182 337
pottedplant 0.0057 0 214 93 374
pottedplant 0.0056 295 195 424 336
pottedplant 0.0039 71 306 182 372
pottedplant 0.0036 217 212 269 374
pottedplant 0.0035 -2 7 196 254
pottedplant 0.0032 260 328 468 381
pottedplant 0.0028 74 207 183 355
pottedplant 0.0027 223 240 333 376
pottedplant 0.0026 220 236 432 366
pottedplant 0.0022 305 120 500 365
pottedplant 0.0015 5 321 190 381
pottedplant 0.0012 138 275 183 373
pottedplant 0.0011 444 68 500 320
pottedplant 0.0011 1 11 94 264
pottedplant 0.0010 133 217 183 289
pottedplant 0.0010 96 329 187 373
pottedplant 0.0010 44 206 131 358
pottedplant 0.0010 270 345 401 378
