boat 0.0027 -10 -2 509 207
car 0.9443 2 -7 498 380
car 0.0033 0 42 55 314
car 0.0018 -8 -10 131 213
person 0.9955 397 5 477 126
person 0.9950 324 3 413 118
person 0.9934 167 1 235 105
person 0.9621 225 3 328 120
person 0.9345 480 -1 500 132
person 0.8412 80 1 144 48
person 0.3530 0 -2 64 135
person 0.0476 1 19 57 219
person 0.0314 -4 0 71 18
person 0.0242 443 0 499 126
person 0.0192 128 26 172 76
person 0.0153 0 1 82 70
person 0.0134 77 -3 160 77
person 0.0119 0 31 20 183
person 0.0083 298 9 333 116
person 0.0080 300 3 382 120
person 0.0064 0 0 23 130
person 0.0055 161 -4 353 145
person 0.0051 4 5 122 149
person 0.0043 398 -1 496 213
person 0.0043 370 18 509 355
person 0.0038 197 -2 286 110
person 0.0031 371 4 414 121
person 0.0027 488 18 500 144
person 0.0023 475 0 499 48
person 0.0023 -8 -2 130 259
person 0.0023 484 22 500 220
person 0.0022 1 51 52 159
person 0.0021 14 -3 168 95
person 0.0021 0 5 28 237
person 0.0020 -3 0 57 10
person 0.0020 136 41 183 109
person 0.0019 372 0 421 68
person 0.0019 168 53 192 83
person 0.0017 237 9 417 118
person 0.0017 329 -1 420 50
person 0.0016 486 -9 500 58
person 0.0016 86 1 116 35
person 0.0015 67 26 111 100
person 0.0015 374 -6 455 115
person 0.0014 74 44 104 78
person 0.0014 160 -1 213 76
person 0.0014 79 -2 264 94
person 0.0013 0 73 10 150
person 0.0013 0 -10 6 104
person 0.0012 285 0 345 125
person 0.0012 315 -4 356 107
person 0.0012 488 0 500 9
person 0.0011 1 -1 63 48
person 0.0010 0 48 17 311
