bottle 0.0046 461 186 472 205
chair 0.0492 133 172 178 192
chair 0.0115 398 159 465 203
chair 0.0011 224 182 269 198
diningtable 0.0082 50 287 451 376
diningtable 0.0017 10 286 259 374
pottedplant 0.4696 174 109 204 194
pottedplant 0.1202 333 87 368 110
pottedplant 0.0797 0 161 29 225
pottedplant 0.0347 218 101 232 112
pottedplant 0.0090 194 169 222 194
pottedplant 0.0044 0 162 12 220
pottedplant 0.0035 178 124 217 198
pottedplant 0.0027 209 102 228 111
pottedplant 0.0017 0 167 23 275
pottedplant 0.0015 0 172 9 237
pottedplant 0.0012 2 168 40 246
pottedplant 0.0011 209 119 221 133
pottedplant 0.0010 0 114 23 221
sofa 0.1613 125 191 369 288
sofa 0.0061 110 192 460 355
tvmonitor 0.9196 352 218 500 376
tvmonitor 0.0791 293 149 344 183
tvmonitor 0.0031 296 149 324 179
