bird 0.0012 0 5 146 331
bottle 0.9955 48 375 113 500
bottle 0.0095 0 371 16 496
bottle 0.0063 0 470 6 499
bottle 0.0045 0 453 9 498
bottle 0.0042 0 452 18 498
bottle 0.0037 0 401 7 493
bottle 0.0022 13 471 145 500
bottle 0.0018 -2 439 74 500
bottle 0.0017 0 405 35 500
bottle 0.0014 38 441 121 499
bottle 0.0013 0 349 5 506
bottle 0.0013 0 483 7 500
diningtable 0.0012 -11 472 142 499
diningtable 0.0010 46 443 325 504
person 0.0013 0 117 97 324
person 0.0013 361 89 374 352
person 0.0010 331 128 375 429
pottedplant 0.8827 175 69 372 444
pottedplant 0.0511 124 115 312 452
pottedplant 0.0202 14 49 358 455
pottedplant 0.0036 303 126 374 393
pottedplant 0.0031 -1 -9 150 280
pottedplant 0.0025 268 153 353 404
pottedplant 0.0015 333 76 374 365
