bottle 0.0337 202 50 215 75
bottle 0.0071 130 115 149 164
bottle 0.0042 351 78 363 101
bottle 0.0030 360 75 376 103
bottle 0.0026 335 66 350 99
bottle 0.0015 155 142 174 180
bottle 0.0015 219 175 230 195
bottle 0.0014 339 64 358 100
bottle 0.0011 207 52 217 78
bottle 0.0010 154 134 175 163
chair 0.0010 -6 232 140 380
diningtable 0.8989 77 160 486 372
diningtable 0.0021 109 192 459 308
diningtable 0.0017 120 149 376 223
diningtable 0.0012 116 249 457 367
diningtable 0.0010 119 170 448 263
person 0.9985 2 163 140 376
person 0.9959 150 88 226 161
person 0.9947 368 107 490 278
person 0.9934 14 78 150 295
person 0.9932 251 83 358 186
person 0.9250 294 90 410 219
person 0.9223 94 83 141 187
person 0.4582 467 97 500 322
person 0.4060 358 90 418 219
person 0.1085 444 295 500 375
person 0.0836 33 85 136 222
person 0.0399 476 73 500 258
person 0.0385 479 122 500 379
person 0.0250 365 282 501 374
person 0.0198 404 115 499 358
person 0.0136 309 171 498 377
person 0.0110 252 80 306 166
person 0.0067 449 116 498 385
person 0.0053 59 165 289 380
person 0.0051 480 22 500 194
person 0.0043 244 50 397 220
person 0.0039 -2 73 102 259
person 0.0031 449 71 500 265
person 0.0030 0 155 63 377
person 0.0027 490 98 500 195
person 0.0027 254 283 488 377
person 0.0021 137 217 515 376
person 0.0020 471 277 499 375
person 0.0018 -1 57 54 243
person 0.0018 48 288 292 375
person 0.0015 383 100 484 208
person 0.0015 109 70 538 367
person 0.0015 0 -2 54 162
person 0.0015 0 82 21 248
person 0.0013 88 78 156 280
person 0.0011 107 327 218 375
person 0.0011 0 165 16 367
