bottle 0.4529 104 437 160 499
bottle 0.0050 366 380 375 493
chair 0.6337 0 255 66 498
chair 0.5548 214 199 375 467
chair 0.3732 94 22 324 339
chair 0.2141 0 161 205 493
chair 0.0919 2 169 95 495
chair 0.0070 20 33 237 318
chair 0.0070 7 231 121 432
chair 0.0068 0 166 47 472
chair 0.0062 94 43 219 220
chair 0.0052 0 328 15 498
chair 0.0046 139 -13 402 436
chair 0.0021 0 199 13 473
chair 0.0013 0 331 66 418
chair 0.0012 0 0 36 97
chair 0.0012 3 70 134 267
chair 0.0011 1 331 36 494
chair 0.0010 272 131 380 452
chair 0.0010 117 89 303 254
dog 0.9750 205 225 351 477
person 0.9819 85 30 299 398
person 0.9717 -2 71 250 492
person 0.0164 2 52 143 375
person 0.0116 138 107 286 463
person 0.0115 1 74 69 446
person 0.0052 99 124 281 295
person 0.0019 362 135 374 463
person 0.0018 364 270 374 518
person 0.0015 353 38 376 483
person 0.0012 0 91 11 428
person 0.0011 332 21 375 462
person 0.0010 116 205 259 370
