aeroplane 0.0083 158 180 212 200
aeroplane 0.0010 119 166 209 201
bicycle 0.0033 0 195 11 214
car 0.0153 0 238 9 288
car 0.0085 0 253 11 299
car 0.0048 0 253 7 330
car 0.0015 0 237 3 274
car 0.0013 0 209 16 352
chair 0.0034 483 271 499 376
person 0.9986 210 45 334 378
person 0.9964 315 75 426 375
person 0.0304 450 124 499 378
person 0.0041 197 108 328 274
person 0.0039 480 151 499 382
person 0.0030 169 64 561 377
person 0.0023 0 227 16 364
person 0.0018 230 112 440 368
person 0.0017 78 16 418 372
person 0.0013 0 191 5 290
