bottle 0.0075 182 200 252 245
chair 0.6288 2 82 92 214
chair 0.5900 375 25 500 287
chair 0.1243 156 0 480 374
chair 0.1080 429 33 501 242
chair 0.0316 0 67 20 206
chair 0.0265 47 81 90 193
chair 0.0177 3 78 47 195
chair 0.0136 23 84 71 191
chair 0.0099 66 80 100 192
chair 0.0052 415 -1 498 70
chair 0.0042 0 92 6 216
chair 0.0013 0 74 8 177
chair 0.0012 0 111 19 243
chair 0.0011 406 118 501 295
chair 0.0010 200 114 439 368
diningtable 0.5649 0 97 91 221
diningtable 0.0013 -9 55 121 319
diningtable 0.0010 16 99 104 174
person 0.9785 6 1 413 374
person 0.7917 128 71 372 359
person 0.0085 151 135 351 238
person 0.0077 213 125 341 285
person 0.0035 134 0 435 259
person 0.0021 0 25 16 193
