bus 0.9857 3 114 95 196
bus 0.9369 96 111 342 238
bus 0.0041 2 112 56 184
bus 0.0024 3 95 272 243
bus 0.0015 6 116 169 206
bus 0.0011 18 109 102 253
bus 0.0011 -8 86 436 288
car 0.9964 1 178 146 312
car 0.9930 235 184 491 294
car 0.8431 210 184 303 256
car 0.0149 204 177 368 285
car 0.0036 9 1 36 8
car 0.0025 4 207 131 259
car 0.0018 5 175 90 222
car 0.0015 226 184 361 234
car 0.0014 4 173 97 278
car 0.0012 172 131 345 297
car 0.0012 121 180 317 252
car 0.0011 205 181 314 218
car 0.0010 2 1 43 16
car 0.0010 494 189 499 273
person 0.5592 110 147 144 193
person 0.0332 386 194 406 226
person 0.0027 493 182 499 255
person 0.0011 495 202 499 234
person 0.0010 375 187 411 233
person 0.0010 484 155 500 289
