car 0.9911 0 92 189 204
car 0.9887 52 93 366 293
car 0.9883 327 98 427 167
car 0.9230 412 93 457 144
car 0.6971 146 86 212 111
car 0.5549 236 83 326 114
car 0.4012 0 126 56 344
car 0.2647 0 90 42 153
car 0.1245 439 94 477 129
car 0.0653 365 94 459 146
car 0.0284 443 97 466 135
car 0.0144 204 84 324 128
car 0.0139 0 77 51 268
car 0.0116 -1 94 33 195
car 0.0103 462 91 486 120
car 0.0093 492 181 499 207
car 0.0050 330 92 426 131
car 0.0035 1 94 86 303
car 0.0033 390 92 438 149
car 0.0031 495 88 500 110
car 0.0028 -1 232 61 334
car 0.0028 141 69 175 92
car 0.0027 6 129 188 241
car 0.0026 317 101 340 119
car 0.0023 444 88 486 113
car 0.0023 83 118 336 224
car 0.0021 1 61 44 133
car 0.0021 401 88 431 98
car 0.0018 492 150 499 213
car 0.0017 140 91 221 143
car 0.0016 137 83 253 112
car 0.0013 -6 13 199 229
car 0.0011 73 158 345 271
car 0.0011 295 64 447 215
person 0.9261 36 70 54 102
person 0.6715 50 72 74 95
person 0.1092 49 65 89 94
person 0.0198 144 73 166 95
person 0.0063 331 83 357 113
person 0.0044 207 78 220 97
person 0.0031 38 67 62 96
person 0.0026 60 77 77 93
person 0.0026 26 71 61 101
person 0.0011 43 75 57 95
person 0.0011 75 98 106 127
