bottle 0.0026 4 129 23 167
bottle 0.0017 16 130 25 151
bottle 0.0015 440 158 456 195
bottle 0.0011 10 129 22 152
bottle 0.0010 370 245 388 293
chair 0.2993 -1 174 93 329
chair 0.0186 6 174 168 318
chair 0.0029 396 182 497 236
chair 0.0019 0 176 16 357
diningtable 0.8682 9 241 492 373
diningtable 0.0011 0 207 497 519
person 0.9972 78 57 316 305
person 0.9191 243 74 402 258
person 0.8382 23 46 136 169
person 0.3918 101 71 143 107
person 0.0284 237 85 323 243
person 0.0076 212 58 310 217
person 0.0068 -3 36 138 280
person 0.0030 -1 109 57 308
person 0.0028 471 79 499 165
person 0.0026 476 92 499 239
person 0.0022 102 68 144 140
person 0.0019 0 100 21 230
person 0.0017 0 99 11 167
person 0.0015 0 125 19 322
person 0.0013 38 38 463 282
person 0.0013 480 136 500 281
person 0.0010 206 60 229 90
person 0.0010 -2 87 29 331
tvmonitor 0.0016 0 131 15 166
