boat 0.7650 3 123 81 243
boat 0.5715 174 154 402 222
boat 0.2057 0 206 20 251
boat 0.1064 471 274 499 374
boat 0.0080 1 162 21 259
boat 0.0071 480 177 501 203
boat 0.0065 -1 43 65 263
boat 0.0056 3 201 80 247
boat 0.0038 409 150 499 207
boat 0.0038 448 182 497 383
boat 0.0038 408 267 498 376
boat 0.0028 478 190 498 373
boat 0.0015 478 144 500 214
boat 0.0014 411 122 497 179
boat 0.0012 0 214 15 241
boat 0.0011 0 180 13 245
boat 0.0011 0 215 42 252
dog 0.0010 30 -5 234 87
person 0.0012 478 158 499 347
person 0.0012 446 150 499 358
