chair 0.5112 5 0 493 372
chair 0.0503 105 49 396 325
chair 0.0058 94 -3 401 148
chair 0.0053 321 -1 493 92
chair 0.0033 477 -2 500 104
chair 0.0032 144 141 355 234
chair 0.0029 13 0 159 45
chair 0.0028 129 0 226 18
chair 0.0027 7 -1 346 259
chair 0.0021 87 0 337 85
chair 0.0018 310 -3 491 203
chair 0.0017 402 -3 500 106
chair 0.0013 242 0 351 37
chair 0.0012 3 0 187 74
chair 0.0011 262 0 342 22
chair 0.0010 449 1 498 100
dog 0.0053 232 101 361 257
person 0.0017 -26 0 305 374
person 0.0012 107 144 314 233
sofa 0.1314 3 50 495 377
sofa 0.0011 132 170 364 261
