car 0.1191 46 -1 303 47
car 0.0227 74 1 420 71
car 0.0147 -11 -3 204 49
car 0.0129 73 0 179 49
car 0.0027 3 2 263 68
car 0.0021 165 -7 480 49
car 0.0018 162 0 313 39
car 0.0018 91 0 311 22
car 0.0015 -20 0 150 79
car 0.0011 82 -2 414 145
car 0.0011 168 0 282 19
pottedplant 0.9227 229 156 335 262
pottedplant 0.0614 164 44 340 274
pottedplant 0.0583 330 0 494 77
pottedplant 0.0142 350 1 442 66
pottedplant 0.0051 402 1 500 68
pottedplant 0.0037 -1 62 56 354
pottedplant 0.0036 335 188 491 303
pottedplant 0.0036 207 76 318 258
pottedplant 0.0022 211 115 352 315
pottedplant 0.0019 407 96 497 236
pottedplant 0.0017 31 15 463 302
