chair 0.9656 23 102 192 474
chair 0.9549 131 77 297 365
chair 0.9325 0 0 92 165
chair 0.9162 0 8 35 239
chair 0.9152 291 0 333 216
chair 0.1136 320 4 334 210
chair 0.0476 249 1 333 215
chair 0.0251 0 52 33 430
chair 0.0228 0 226 10 485
chair 0.0226 141 103 291 254
chair 0.0119 287 0 335 10
chair 0.0098 214 0 306 8
chair 0.0082 97 3 295 259
chair 0.0078 323 76 333 244
chair 0.0071 0 0 19 213
chair 0.0070 84 31 346 400
chair 0.0067 0 325 14 497
chair 0.0059 313 0 334 8
chair 0.0050 38 194 181 378
chair 0.0039 26 77 260 348
chair 0.0039 -6 -8 84 351
chair 0.0035 290 0 319 6
chair 0.0034 327 91 334 224
chair 0.0033 311 -18 336 200
chair 0.0031 183 0 273 8
chair 0.0029 297 -1 334 99
chair 0.0026 205 0 346 22
chair 0.0026 0 228 36 481
chair 0.0025 257 0 326 8
chair 0.0023 315 -5 334 105
chair 0.0023 0 -2 19 100
chair 0.0022 279 0 304 5
chair 0.0020 329 14 333 186
chair 0.0020 0 120 19 477
chair 0.0017 326 0 334 11
chair 0.0017 -1 0 68 94
chair 0.0016 286 0 336 24
chair 0.0014 155 198 285 366
chair 0.0013 49 0 118 60
chair 0.0012 2 134 61 464
chair 0.0012 0 323 30 466
chair 0.0011 2 38 86 126
chair 0.0011 243 0 335 57
chair 0.0010 195 0 339 125
chair 0.0010 0 275 8 426
chair 0.0010 0 0 32 134
chair 0.0010 0 -5 7 91
chair 0.0010 328 -1 334 28
diningtable 0.6872 138 4 338 194
diningtable 0.3719 1 69 331 502
diningtable 0.0875 42 81 297 349
diningtable 0.0053 84 -15 357 282
diningtable 0.0023 116 2 282 115
diningtable 0.0012 129 -6 310 72
diningtable 0.0011 68 179 266 321
