motorbike 0.9596 86 54 395 328
motorbike 0.7217 0 2 134 175
motorbike 0.0398 451 0 497 40
motorbike 0.0382 0 0 95 39
motorbike 0.0126 15 -1 117 22
motorbike 0.0114 0 1 128 83
motorbike 0.0081 277 13 322 67
motorbike 0.0068 34 0 133 34
motorbike 0.0061 247 5 346 64
motorbike 0.0032 340 1 411 38
motorbike 0.0030 406 18 498 197
motorbike 0.0024 -7 26 131 305
motorbike 0.0021 355 2 395 57
motorbike 0.0019 228 8 298 71
motorbike 0.0018 0 1 58 61
motorbike 0.0016 0 2 58 160
motorbike 0.0012 48 1 96 25
person 0.7369 156 0 198 84
person 0.5087 238 1 291 68
person 0.4909 480 -10 500 229
person 0.3333 195 -1 240 71
person 0.1063 298 0 338 63
person 0.0806 450 5 499 214
person 0.0631 329 0 353 42
person 0.0420 119 0 157 18
person 0.0363 55 0 105 21
person 0.0297 99 1 140 110
person 0.0279 355 0 382 29
person 0.0278 386 0 414 32
person 0.0245 88 0 131 18
person 0.0165 308 0 334 46
person 0.0142 182 1 226 80
person 0.0134 403 0 455 61
person 0.0133 356 1 395 38
person 0.0125 319 0 355 61
person 0.0119 233 0 256 8
person 0.0107 306 0 334 20
person 0.0080 157 1 198 42
person 0.0066 329 0 371 20
person 0.0066 475 93 500 222
person 0.0065 235 0 253 17
person 0.0063 378 1 453 40
person 0.0061 350 0 374 21
person 0.0050 278 2 321 66
person 0.0042 322 0 344 43
person 0.0041 79 0 105 20
person 0.0040 334 0 362 31
person 0.0037 481 3 500 111
person 0.0036 226 0 248 8
person 0.0034 89 0 129 64
person 0.0030 221 0 259 67
person 0.0029 366 0 394 8
person 0.0025 356 0 398 21
person 0.0024 275 5 357 60
person 0.0024 406 4 496 189
person 0.0024 357 0 382 7
person 0.0024 385 0 413 6
person 0.0023 294 0 309 17
person 0.0021 99 0 123 16
person 0.0021 376 0 401 7
person 0.0020 378 5 413 81
person 0.0020 379 0 453 86
person 0.0019 292 0 312 9
person 0.0019 9 0 95 19
person 0.0019 278 0 305 20
person 0.0018 104 0 176 115
person 0.0018 107 0 132 8
person 0.0018 139 0 157 18
person 0.0017 91 12 155 150
person 0.0016 239 0 267 7
person 0.0016 146 0 168 20
person 0.0015 127 0 152 9
person 0.0015 107 0 130 16
person 0.0015 465 -2 501 42
person 0.0015 154 0 198 21
person 0.0015 95 0 144 11
person 0.0014 138 0 159 8
person 0.0014 177 0 199 8
person 0.0013 364 0 411 31
person 0.0013 358 1 378 18
person 0.0013 149 4 210 134
person 0.0013 87 0 160 37
person 0.0012 280 0 303 9
person 0.0012 475 0 498 6
person 0.0012 147 0 170 7
person 0.0011 340 1 361 16
person 0.0011 185 0 207 9
person 0.0010 490 0 500 7
person 0.0010 234 0 256 28
person 0.0010 347 0 393 10
person 0.0010 0 0 10 8
person 0.0010 154 0 181 6
