bottle 0.0223 244 132 264 182
chair 0.6369 207 97 324 129
chair 0.3498 319 100 505 133
chair 0.3413 0 251 206 333
chair 0.0530 252 257 483 334
chair 0.0410 442 169 500 332
chair 0.0410 1 136 92 313
chair 0.0327 57 83 163 129
chair 0.0281 0 151 190 330
chair 0.0267 400 141 501 309
chair 0.0205 303 150 501 333
chair 0.0172 145 117 226 147
chair 0.0159 400 102 498 135
chair 0.0152 0 72 27 144
chair 0.0120 0 130 17 317
chair 0.0108 3 117 94 152
chair 0.0096 0 65 48 128
chair 0.0080 149 112 209 129
chair 0.0075 353 103 442 132
chair 0.0072 201 99 308 115
chair 0.0066 0 82 21 211
chair 0.0062 271 315 477 333
chair 0.0061 0 83 9 154
chair 0.0055 -1 165 59 334
chair 0.0053 -5 78 131 314
chair 0.0045 253 106 331 129
chair 0.0041 313 85 360 130
chair 0.0040 364 255 505 332
chair 0.0040 0 89 50 150
chair 0.0028 448 243 499 332
chair 0.0027 372 102 503 121
chair 0.0026 0 215 20 335
chair 0.0025 430 111 501 137
chair 0.0025 478 161 499 338
chair 0.0023 290 286 509 336
chair 0.0019 -6 214 140 331
chair 0.0018 18 50 173 133
chair 0.0018 300 88 415 130
chair 0.0018 0 44 60 147
chair 0.0017 0 107 97 240
chair 0.0016 316 93 346 128
chair 0.0016 0 73 10 124
chair 0.0015 4 99 87 144
chair 0.0015 305 94 501 169
chair 0.0014 378 191 492 333
chair 0.0013 8 293 202 332
chair 0.0012 476 240 500 334
chair 0.0012 261 89 370 129
chair 0.0011 466 132 502 343
chair 0.0011 0 247 48 329
chair 0.0011 481 114 500 283
chair 0.0010 116 244 205 333
chair 0.0010 -3 86 28 286
diningtable 0.9774 0 118 498 314
diningtable 0.0050 33 130 466 203
diningtable 0.0029 47 164 454 272
diningtable 0.0013 -3 26 502 256
