chair 0.0121 477 194 500 366
chair 0.0036 177 245 228 343
chair 0.0026 472 274 500 374
chair 0.0026 90 252 155 364
chair 0.0025 450 300 500 376
chair 0.0019 338 172 405 323
chair 0.0012 492 241 500 356
diningtable 0.2247 37 246 476 371
diningtable 0.0011 235 277 498 374
diningtable 0.0011 6 157 495 390
person 0.9908 340 159 401 288
person 0.9860 240 147 304 298
person 0.9358 185 153 247 314
person 0.1570 475 130 499 345
person 0.0251 450 142 498 362
person 0.0034 480 77 500 284
person 0.0016 40 145 67 177
person 0.0012 493 164 499 303
