bottle 0.0112 242 193 260 243
bottle 0.0031 238 177 271 242
chair 0.9750 -1 215 148 376
chair 0.9726 171 231 350 373
chair 0.8931 327 207 437 326
chair 0.3994 350 177 405 237
chair 0.3796 85 179 165 348
chair 0.2170 70 198 281 368
chair 0.1690 192 174 243 233
chair 0.0369 300 184 448 362
chair 0.0178 87 209 200 379
chair 0.0053 84 182 162 240
chair 0.0047 0 216 62 371
chair 0.0032 336 174 408 272
chair 0.0029 341 206 438 273
chair 0.0020 5 123 188 376
chair 0.0019 71 189 207 308
chair 0.0017 0 184 19 349
chair 0.0014 376 210 501 339
chair 0.0013 325 161 341 220
chair 0.0011 0 199 99 341
chair 0.0011 131 218 231 372
chair 0.0011 306 288 492 374
chair 0.0011 172 204 272 361
diningtable 0.9815 49 218 379 371
diningtable 0.0172 7 185 479 409
tvmonitor 0.1584 409 214 501 344
