bus 0.9739 -3 177 225 295
bus 0.9430 291 307 464 374
bus 0.8854 102 44 394 209
bus 0.8062 -5 75 289 254
bus 0.1702 196 63 382 187
bus 0.1407 399 304 500 373
bus 0.1142 42 129 305 238
bus 0.0176 176 132 321 240
bus 0.0131 92 101 332 216
bus 0.0072 -18 21 443 241
bus 0.0062 46 168 297 266
bus 0.0062 252 49 402 165
bus 0.0060 -5 107 208 216
bus 0.0022 310 9 500 121
bus 0.0014 219 129 515 364
bus 0.0011 12 222 244 307
car 0.0461 310 0 516 18
car 0.0110 283 0 418 6
car 0.0106 306 2 499 83
car 0.0083 319 0 506 35
car 0.0077 308 0 469 7
car 0.0017 362 0 511 8
car 0.0017 328 0 374 3
car 0.0013 -1 0 96 44
car 0.0013 470 0 501 5
car 0.0012 -9 0 93 20
car 0.0011 0 0 53 71
