aeroplane 0.0019 327 87 466 129
boat 0.0117 365 88 501 128
boat 0.0012 323 67 493 140
car 0.7092 474 111 500 194
car 0.0039 476 108 499 144
car 0.0037 231 130 252 145
car 0.0036 487 104 499 177
car 0.0028 479 89 499 298
car 0.0015 456 121 497 202
car 0.0015 453 124 527 181
person 0.9976 140 83 215 369
person 0.9963 309 80 391 390
person 0.9885 206 90 314 381
person 0.0615 23 131 41 161
person 0.0479 8 131 24 162
person 0.0122 15 131 35 161
person 0.0047 296 152 415 330
person 0.0029 482 72 499 346
person 0.0024 10 144 23 162
person 0.0018 271 73 320 378
person 0.0015 0 120 5 143
person 0.0011 57 94 447 383
person 0.0010 3 113 49 158
pottedplant 0.0067 96 248 125 273
