aeroplane 0.9887 93 175 191 234
aeroplane 0.0031 105 188 260 233
aeroplane 0.0014 80 157 257 231
car 0.1979 175 201 255 235
car 0.0011 213 207 254 232
person 0.5955 288 274 448 376
person 0.0380 18 273 247 375
person 0.0076 0 300 51 376
person 0.0065 164 218 173 234
person 0.0027 0 327 91 375
person 0.0024 -8 281 138 376
person 0.0021 352 277 514 376
person 0.0020 0 276 26 375
person 0.0014 109 264 219 376
person 0.0014 492 353 500 376
person 0.0013 111 221 122 234
person 0.0012 480 272 500 376
person 0.0011 490 365 500 375
person 0.0011 155 280 424 375
person 0.0011 133 219 142 233
person 0.0010 0 241 57 378
pottedplant 0.0014 40 -1 137 44
