bottle 0.0515 337 17 352 51
bottle 0.0019 334 24 348 66
bottle 0.0015 326 28 342 64
chair 0.3922 0 61 68 181
chair 0.0763 0 124 54 296
chair 0.0362 0 179 53 354
chair 0.0163 0 129 21 289
chair 0.0093 0 277 28 374
chair 0.0052 0 187 23 346
chair 0.0045 469 154 500 322
chair 0.0031 0 266 54 379
chair 0.0029 479 45 499 257
chair 0.0027 0 181 14 259
chair 0.0026 0 144 8 224
chair 0.0026 1 169 191 380
chair 0.0024 0 91 18 241
chair 0.0023 329 79 414 140
chair 0.0020 -2 159 92 349
chair 0.0019 -3 206 34 386
chair 0.0014 452 115 498 334
chair 0.0014 303 241 501 372
chair 0.0012 0 83 88 280
chair 0.0012 -2 90 30 302
chair 0.0010 0 241 90 380
diningtable 0.9658 21 119 483 372
diningtable 0.0017 91 149 412 228
person 0.0091 482 0 499 247
person 0.0040 446 -21 499 238
pottedplant 0.0013 169 64 226 150
tvmonitor 0.4913 380 4 454 58
tvmonitor 0.0129 -1 0 68 48
