diningtable 0.0011 74 334 426 375
person 0.9984 142 122 416 379
person 0.9470 0 15 163 375
person 0.8833 112 10 252 370
person 0.8269 262 6 488 371
person 0.0205 0 49 15 367
person 0.0192 135 16 273 247
person 0.0091 0 11 348 368
person 0.0036 0 36 52 380
person 0.0033 362 54 508 373
person 0.0026 56 56 155 336
person 0.0021 109 111 252 260
person 0.0015 164 172 399 320
person 0.0014 241 133 358 283
person 0.0013 -6 112 147 265
person 0.0013 117 79 213 334
person 0.0011 -1 86 27 387
person 0.0010 0 171 20 363
person 0.0010 -87 24 130 356
