bottle 0.7718 118 4 221 495
bottle 0.1152 37 1 292 497
bottle 0.0416 123 249 219 482
bottle 0.0242 87 285 249 506
bottle 0.0207 -1 56 33 309
bottle 0.0206 123 2 214 118
bottle 0.0137 132 68 211 341
bottle 0.0114 0 198 329 524
bottle 0.0081 0 97 18 341
bottle 0.0061 0 412 41 488
bottle 0.0038 0 14 13 273
bottle 0.0011 106 0 228 271
bottle 0.0011 0 153 12 440
diningtable 0.0127 1 259 330 532
diningtable 0.0113 101 304 237 501
diningtable 0.0052 41 377 293 504
diningtable 0.0022 36 441 296 506
person 0.4254 85 -7 351 508
person 0.0395 201 6 333 495
