bus 0.0977 -2 33 61 81
bus 0.0132 0 29 32 83
bus 0.0021 -3 21 63 114
bus 0.0010 0 26 29 58
car 0.0106 -1 44 62 88
car 0.0021 99 55 188 91
car 0.0017 16 51 65 79
motorbike 0.9951 286 121 461 226
motorbike 0.9914 119 99 272 189
motorbike 0.9665 37 101 146 165
motorbike 0.7576 299 69 338 100
motorbike 0.1015 84 86 162 171
motorbike 0.0238 43 93 214 172
motorbike 0.0139 285 61 350 99
motorbike 0.0039 101 73 250 170
motorbike 0.0022 361 93 455 218
motorbike 0.0019 310 70 332 88
motorbike 0.0011 200 90 271 193
motorbike 0.0011 -4 78 149 160
motorbike 0.0011 314 62 341 95
person 0.9979 359 73 444 196
person 0.9895 75 65 168 152
person 0.6137 135 60 184 125
person 0.5176 308 55 336 92
person 0.2208 194 85 244 158
person 0.1744 153 86 251 185
person 0.0887 101 60 186 108
person 0.0416 96 76 152 163
person 0.0300 153 59 184 99
person 0.0214 113 68 171 140
person 0.0062 198 83 269 185
person 0.0059 42 63 141 156
person 0.0050 184 87 228 179
person 0.0027 132 59 185 88
person 0.0013 314 63 331 82
person 0.0013 477 87 500 179
person 0.0011 77 82 134 159
person 0.0010 314 55 340 80
