dog 0.0058 85 205 138 226
dog 0.0041 38 208 85 230
dog 0.0013 47 186 91 216
dog 0.0013 47 189 73 214
horse 0.9893 187 150 332 249
horse 0.0011 434 188 460 224
person 0.9959 219 105 258 210
person 0.9869 89 151 113 216
person 0.9812 411 163 436 223
person 0.9802 55 154 88 214
person 0.9721 359 164 389 222
person 0.9261 454 171 485 222
person 0.8221 133 152 169 220
person 0.0330 62 155 84 198
person 0.0045 32 158 102 210
person 0.0042 203 123 275 193
person 0.0032 437 172 474 221
person 0.0028 138 153 161 185
person 0.0028 233 110 272 206
person 0.0026 106 155 185 217
person 0.0021 338 168 412 220
person 0.0018 407 174 444 213
person 0.0015 413 163 436 190
person 0.0015 425 170 443 219
person 0.0015 229 108 255 153
person 0.0014 65 150 98 203
person 0.0012 473 168 500 226
person 0.0012 336 167 375 223
person 0.0010 493 167 500 235
