bus 0.0026 370 278 452 326
car 0.1026 490 301 500 321
car 0.0368 437 309 492 327
car 0.0282 341 298 378 319
car 0.0119 321 304 344 317
car 0.0086 492 290 499 320
car 0.0058 320 303 361 319
car 0.0051 340 302 361 317
car 0.0043 438 314 459 327
car 0.0013 450 300 497 322
car 0.0012 433 299 485 323
car 0.0011 437 294 494 316
train 0.8167 9 259 252 392
train 0.2078 259 296 288 323
train 0.0424 12 28 250 378
train 0.0034 -4 20 127 384
train 0.0018 -50 113 317 404
train 0.0017 247 291 286 318
train 0.0013 26 181 239 284
train 0.0012 121 258 246 402
