chair 0.9974 44 231 144 359
chair 0.9857 251 240 349 355
chair 0.5368 189 254 285 372
chair 0.3697 119 211 176 243
chair 0.3484 0 216 13 266
chair 0.3460 1 197 41 254
chair 0.2662 151 246 249 375
chair 0.0417 25 202 59 278
chair 0.0241 55 227 144 303
chair 0.0240 27 187 63 204
chair 0.0217 239 255 286 367
chair 0.0154 168 301 233 372
chair 0.0080 39 225 86 304
chair 0.0071 5 208 46 287
chair 0.0068 0 196 29 228
chair 0.0067 -1 187 26 208
chair 0.0058 0 185 29 198
chair 0.0054 0 205 22 262
chair 0.0043 0 196 13 244
chair 0.0040 84 217 165 321
chair 0.0036 78 222 134 285
chair 0.0033 215 264 355 376
chair 0.0031 26 202 57 237
chair 0.0026 113 211 170 292
chair 0.0025 288 249 346 345
chair 0.0025 0 216 10 252
chair 0.0021 74 232 132 331
chair 0.0019 0 230 10 265
chair 0.0018 76 220 123 235
chair 0.0015 164 284 271 383
chair 0.0014 32 205 107 303
chair 0.0014 370 269 457 374
chair 0.0013 23 223 45 274
chair 0.0013 253 247 302 349
chair 0.0013 0 199 10 225
chair 0.0012 35 218 65 308
chair 0.0011 98 216 149 290
chair 0.0011 269 257 326 355
chair 0.0011 0 196 25 210
chair 0.0010 30 218 50 278
chair 0.0010 1 197 39 216
chair 0.0010 28 208 54 258
diningtable 0.1306 166 252 333 374
diningtable 0.0291 75 222 172 345
diningtable 0.0038 101 242 259 375
diningtable 0.0020 36 188 161 369
person 0.9942 149 166 246 372
person 0.3703 0 162 21 189
person 0.1425 251 189 314 255
person 0.0083 116 167 172 224
person 0.0028 0 161 14 181
person 0.0022 248 194 347 345
person 0.0020 0 171 14 191
person 0.0014 156 172 247 279
person 0.0010 -26 148 453 394
