bottle 0.0010 124 179 149 216
chair 0.0354 29 208 74 231
chair 0.0020 336 331 452 374
chair 0.0016 307 367 414 375
chair 0.0010 356 278 507 374
diningtable 0.9327 -26 223 436 377
diningtable 0.0109 -6 281 364 379
diningtable 0.0098 0 109 499 381
diningtable 0.0012 260 278 480 377
diningtable 0.0011 148 243 429 367
diningtable 0.0010 108 208 388 288
person 0.9986 73 129 169 235
person 0.9982 159 136 270 232
person 0.7037 313 227 499 374
person 0.5955 85 102 123 149
person 0.3314 0 123 24 266
person 0.2188 0 86 35 215
person 0.1642 288 222 451 337
person 0.0643 438 197 495 229
person 0.0538 0 144 8 251
person 0.0484 402 219 449 291
person 0.0446 401 204 500 363
person 0.0428 198 225 462 378
person 0.0294 392 0 432 47
person 0.0262 0 115 47 272
person 0.0189 143 121 190 210
person 0.0167 0 77 34 140
person 0.0141 0 163 23 339
person 0.0134 371 221 455 371
person 0.0060 340 222 448 284
person 0.0050 134 101 291 262
person 0.0048 321 206 490 295
person 0.0043 372 0 455 46
person 0.0040 302 238 414 377
person 0.0035 481 211 500 380
person 0.0027 0 158 54 343
person 0.0025 0 132 12 220
person 0.0022 0 174 7 293
person 0.0021 395 215 465 317
person 0.0018 155 121 198 182
person 0.0017 -3 187 30 400
person 0.0015 51 104 203 264
person 0.0015 406 192 498 288
person 0.0014 440 199 471 227
person 0.0014 409 197 499 245
person 0.0014 44 125 135 231
person 0.0013 155 128 182 165
person 0.0011 435 235 501 374
person 0.0011 143 125 223 234
person 0.0011 134 188 595 412
