chair 0.9983 149 198 217 302
chair 0.9977 33 189 98 289
chair 0.6040 328 192 388 299
chair 0.1004 143 162 224 259
chair 0.0890 12 159 93 242
chair 0.0297 181 152 217 196
chair 0.0289 304 135 336 259
chair 0.0147 144 166 188 253
chair 0.0110 329 162 387 233
chair 0.0067 296 174 330 271
chair 0.0046 177 154 224 242
chair 0.0045 91 136 151 305
chair 0.0042 158 155 209 212
chair 0.0033 314 139 345 231
chair 0.0025 203 176 242 268
chair 0.0017 222 177 246 270
chair 0.0016 174 154 200 197
chair 0.0014 148 159 186 214
chair 0.0012 202 151 238 219
chair 0.0012 291 134 316 262
diningtable 0.0437 154 161 244 261
diningtable 0.0038 116 184 237 299
person 0.9983 393 85 444 316
person 0.9975 86 88 148 302
person 0.9970 236 82 295 318
person 0.0014 187 86 322 300
person 0.0012 393 105 437 237
person 0.0010 413 105 445 290
