car 0.9896 11 81 492 355
car 0.8037 0 114 68 166
car 0.0070 443 39 470 53
car 0.0058 6 116 118 161
car 0.0035 0 107 29 169
car 0.0026 444 45 468 58
car 0.0018 445 36 484 57
car 0.0018 19 122 65 200
car 0.0014 -4 92 88 188
car 0.0014 0 94 8 115
car 0.0012 0 105 6 132
car 0.0011 0 100 7 122
chair 0.0013 0 186 21 347
person 0.9620 314 70 360 169
person 0.9583 128 79 161 119
person 0.9526 433 52 485 188
person 0.9079 96 80 121 116
person 0.8774 417 67 441 145
person 0.8260 71 91 98 131
person 0.7752 466 60 500 247
person 0.7133 157 77 185 116
person 0.5391 18 115 64 178
person 0.4391 23 119 57 159
person 0.1791 158 72 184 169
person 0.0693 474 41 500 83
person 0.0130 469 57 499 161
person 0.0117 187 76 206 116
person 0.0104 487 43 500 92
person 0.0087 328 67 369 154
person 0.0077 179 78 194 115
person 0.0061 95 91 124 126
person 0.0046 27 118 73 147
person 0.0035 100 84 118 108
person 0.0033 494 53 500 83
person 0.0031 49 117 74 138
person 0.0019 306 68 368 123
person 0.0018 339 71 361 121
person 0.0018 180 78 190 99
person 0.0018 424 79 491 159
person 0.0017 471 39 501 118
person 0.0016 308 68 340 149
person 0.0014 490 38 499 56
person 0.0014 48 88 125 130
person 0.0012 112 76 177 119
person 0.0011 42 119 60 136
person 0.0011 179 82 217 161
person 0.0011 424 73 485 253
person 0.0011 398 69 438 143
person 0.0011 489 54 500 108
person 0.0010 353 80 388 161
person 0.0010 122 79 141 117
pottedplant 0.0426 31 75 66 118
