bottle 0.9939 393 235 434 361
bottle 0.0263 393 237 435 300
bottle 0.0134 379 269 446 347
bottle 0.0068 317 143 332 157
bottle 0.0035 389 244 461 372
bottle 0.0034 363 242 438 374
bottle 0.0032 409 254 441 366
bottle 0.0014 309 146 320 159
bottle 0.0011 389 298 439 373
chair 0.1793 0 159 280 379
chair 0.0014 -10 125 138 370
diningtable 0.0110 231 303 502 374
diningtable 0.0034 312 335 513 374
diningtable 0.0031 293 353 532 375
diningtable 0.0011 110 331 472 377
person 0.9971 0 120 340 327
person 0.9952 227 146 510 304
person 0.0060 22 130 312 251
person 0.0022 187 151 397 279
person 0.0018 159 131 574 352
person 0.0016 482 202 500 361
person 0.0015 229 220 503 319
person 0.0012 23 332 320 378
person 0.0012 97 352 305 375
person 0.0011 223 132 335 284
person 0.0010 156 47 179 88
sofa 0.4488 174 151 499 324
sofa 0.3929 2 160 334 377
sofa 0.0022 62 332 437 378
sofa 0.0014 137 223 442 320
