boat 0.9726 207 68 368 188
boat 0.5217 353 142 401 180
boat 0.0460 0 132 176 359
boat 0.0245 159 58 176 78
boat 0.0207 178 156 257 261
boat 0.0152 6 45 172 273
boat 0.0080 -2 76 100 227
boat 0.0055 198 180 247 261
boat 0.0054 0 144 57 216
boat 0.0046 -2 168 344 376
boat 0.0043 81 30 170 73
boat 0.0041 189 159 249 228
boat 0.0040 218 219 245 248
boat 0.0039 315 141 404 183
boat 0.0029 3 159 173 275
boat 0.0027 188 120 390 377
boat 0.0026 235 189 254 220
boat 0.0022 1 124 134 248
boat 0.0018 297 194 370 370
boat 0.0018 0 164 57 249
boat 0.0018 183 189 217 282
boat 0.0015 204 69 300 82
boat 0.0012 -2 42 129 159
boat 0.0012 197 160 235 180
boat 0.0012 1 240 177 373
boat 0.0012 243 184 280 261
boat 0.0011 120 119 309 372
bottle 0.0018 99 93 117 128
car 0.0096 188 253 211 287
car 0.0015 252 229 277 268
chair 0.0036 0 99 25 136
person 0.9970 4 54 38 138
person 0.9531 106 60 139 117
person 0.9509 50 67 116 259
person 0.3653 83 54 113 95
person 0.1959 70 55 113 128
person 0.0537 64 67 112 174
person 0.0140 0 51 6 128
person 0.0034 0 64 4 101
person 0.0032 -1 139 89 250
person 0.0026 57 44 119 148
person 0.0024 -6 60 62 130
person 0.0021 66 56 140 107
person 0.0020 277 325 282 345
person 0.0016 0 75 4 117
person 0.0014 0 115 23 216
person 0.0014 90 63 158 115
person 0.0012 0 81 10 140
person 0.0012 61 96 108 230
