chair 0.0043 -10 354 144 375
chair 0.0042 11 355 93 375
chair 0.0041 0 187 11 239
chair 0.0026 0 187 23 238
chair 0.0025 13 192 34 232
chair 0.0011 28 355 258 375
chair 0.0011 0 198 6 285
chair 0.0011 -3 332 98 375
chair 0.0010 453 181 499 215
chair 0.0010 0 207 4 245
diningtable 0.0855 17 279 311 375
pottedplant 0.1911 304 220 337 284
pottedplant 0.0042 0 198 21 306
pottedplant 0.0036 475 151 499 187
pottedplant 0.0029 0 214 7 297
pottedplant 0.0015 0 194 89 312
pottedplant 0.0015 305 219 335 252
pottedplant 0.0013 130 261 187 292
sofa 0.9903 364 188 495 375
