pottedplant 0.3388 23 103 207 328
pottedplant 0.2550 58 61 223 191
pottedplant 0.2065 80 191 260 463
pottedplant 0.0479 27 145 88 227
pottedplant 0.0427 58 151 135 323
pottedplant 0.0372 49 177 231 308
pottedplant 0.0126 -7 75 290 422
pottedplant 0.0107 119 243 252 410
pottedplant 0.0062 78 141 162 308
pottedplant 0.0043 123 184 253 312
pottedplant 0.0035 32 57 105 118
pottedplant 0.0035 40 146 123 221
pottedplant 0.0035 138 60 208 191
pottedplant 0.0034 2 83 59 163
pottedplant 0.0031 1 4 128 116
pottedplant 0.0027 1 32 177 161
pottedplant 0.0023 52 155 87 239
pottedplant 0.0022 30 140 107 302
pottedplant 0.0021 151 192 220 283
pottedplant 0.0017 22 69 94 136
pottedplant 0.0016 0 66 17 178
pottedplant 0.0015 59 73 71 94
pottedplant 0.0014 13 129 84 275
pottedplant 0.0013 24 173 89 261
pottedplant 0.0011 112 54 185 197
pottedplant 0.0011 0 76 34 168
pottedplant 0.0011 85 52 158 196
pottedplant 0.0010 70 45 254 296
pottedplant 0.0010 223 286 316 442
pottedplant 0.0010 63 145 96 223
