car 0.9983 175 202 255 229
car 0.9922 408 188 502 229
car 0.9675 54 188 105 228
car 0.8822 124 192 179 227
car 0.5221 276 184 330 228
car 0.1615 273 199 361 228
car 0.0636 327 205 368 229
car 0.0151 34 205 57 224
car 0.0092 490 175 499 204
car 0.0086 0 203 9 232
car 0.0070 0 209 7 227
car 0.0066 6 208 35 226
car 0.0056 491 182 500 215
car 0.0042 47 176 115 238
car 0.0036 493 183 499 205
car 0.0026 0 212 5 232
car 0.0023 0 203 28 225
car 0.0021 168 184 262 249
car 0.0016 114 199 256 228
car 0.0012 0 208 7 247
car 0.0010 113 179 185 236
car 0.0010 270 145 331 228
person 0.0357 0 203 10 225
