bottle 0.9721 146 182 204 270
bottle 0.0038 0 219 64 371
bottle 0.0018 22 354 101 375
car 0.0269 33 45 85 74
car 0.0023 15 33 84 73
chair 0.8504 399 138 497 367
chair 0.7727 110 43 387 350
chair 0.0057 -60 39 333 389
chair 0.0055 57 174 369 376
chair 0.0051 321 162 498 379
chair 0.0039 46 47 230 382
chair 0.0026 105 159 329 269
chair 0.0021 377 20 504 360
chair 0.0015 198 188 380 309
chair 0.0012 395 224 500 278
chair 0.0011 108 193 316 306
person 0.7486 117 54 385 375
person 0.0099 0 96 23 263
person 0.0043 142 153 360 276
person 0.0022 0 148 22 324
person 0.0013 0 117 51 329
person 0.0012 0 34 21 211
