chair 0.0127 451 57 497 107
chair 0.0061 458 59 489 95
chair 0.0039 347 54 430 112
chair 0.0020 490 100 500 122
chair 0.0016 491 49 500 114
chair 0.0013 475 55 500 129
chair 0.0013 4 218 122 374
person 0.0014 376 40 399 77
pottedplant 0.8461 408 39 446 65
pottedplant 0.6024 377 32 396 57
pottedplant 0.4637 409 40 428 65
pottedplant 0.0510 415 44 439 62
pottedplant 0.0097 414 16 452 82
pottedplant 0.0088 425 6 450 42
pottedplant 0.0058 402 39 422 67
pottedplant 0.0045 417 51 436 65
pottedplant 0.0032 425 21 449 58
pottedplant 0.0028 425 44 446 62
pottedplant 0.0018 425 78 450 115
pottedplant 0.0017 491 57 500 121
pottedplant 0.0017 427 22 447 39
pottedplant 0.0016 490 44 500 94
pottedplant 0.0016 414 0 451 50
pottedplant 0.0015 371 28 404 56
pottedplant 0.0015 371 33 395 71
pottedplant 0.0012 346 71 396 108
sofa 0.9940 1 107 494 318
sofa 0.0035 -3 159 132 388
sofa 0.0021 235 117 499 367
sofa 0.0014 -14 92 284 285
