chair 0.6578 145 0 228 209
chair 0.4372 58 106 356 373
chair 0.2146 7 33 253 355
chair 0.1273 232 33 497 352
chair 0.0555 0 46 136 342
chair 0.0419 179 168 484 373
chair 0.0234 1 151 96 355
chair 0.0095 -1 37 56 351
chair 0.0075 165 62 405 322
chair 0.0041 367 23 505 293
chair 0.0040 5 163 178 380
chair 0.0028 7 79 168 229
chair 0.0021 35 14 225 244
chair 0.0021 125 -4 291 206
chair 0.0018 0 54 60 219
chair 0.0016 0 55 91 275
chair 0.0012 0 57 19 216
chair 0.0012 112 137 311 238
chair 0.0011 176 3 266 156
chair 0.0011 122 3 212 158
chair 0.0010 73 53 175 246
diningtable 0.0018 0 46 60 198
person 0.9732 227 78 498 372
person 0.9496 4 46 180 379
person 0.6873 124 88 371 355
person 0.1933 366 103 497 384
person 0.0426 448 55 500 363
person 0.0300 484 53 499 248
person 0.0179 472 47 499 343
person 0.0056 317 229 496 377
person 0.0056 204 2 276 128
person 0.0049 407 69 500 319
person 0.0045 485 13 499 174
person 0.0030 394 193 500 370
person 0.0030 492 93 499 214
person 0.0027 481 114 500 359
person 0.0026 490 50 499 157
person 0.0026 -70 22 273 364
person 0.0026 251 155 476 283
person 0.0026 147 151 348 279
person 0.0024 5 138 169 287
person 0.0015 478 220 499 370
person 0.0013 210 0 268 72
person 0.0013 314 164 494 326
person 0.0010 196 0 243 72
sofa 0.0017 121 158 533 381
tvmonitor 0.0010 491 30 500 119
