bicycle 0.0020 142 223 194 257
chair 0.0010 400 331 502 375
person 0.9932 396 112 464 384
person 0.9924 234 182 333 371
person 0.9893 67 138 170 372
person 0.9778 218 183 275 352
person 0.8879 355 174 406 333
person 0.8116 322 183 364 356
person 0.0277 340 124 482 371
person 0.0089 276 187 355 366
person 0.0011 58 226 179 277
train 0.7862 13 142 182 365
train 0.0122 1 155 95 348
train 0.0080 2 22 495 353
train 0.0039 -92 116 364 381
tvmonitor 0.0024 480 138 498 337
tvmonitor 0.0024 491 146 499 235
