bottle 0.0017 391 -1 476 115
pottedplant 0.9959 302 121 399 217
pottedplant 0.9955 235 117 327 204
pottedplant 0.9405 59 150 144 265
pottedplant 0.9030 180 98 265 191
pottedplant 0.8808 226 193 328 312
pottedplant 0.8762 111 156 201 269
pottedplant 0.8714 374 139 481 285
pottedplant 0.8435 10 128 91 243
pottedplant 0.7064 299 201 417 329
pottedplant 0.6858 126 99 207 174
pottedplant 0.6211 161 181 255 292
pottedplant 0.5759 474 102 499 246
pottedplant 0.0215 64 105 187 163
pottedplant 0.0213 220 195 436 336
pottedplant 0.0168 206 90 266 156
pottedplant 0.0127 52 90 107 150
pottedplant 0.0122 15 134 162 248
pottedplant 0.0070 31 324 57 332
pottedplant 0.0062 160 184 255 239
pottedplant 0.0058 115 153 199 216
pottedplant 0.0051 327 122 492 315
pottedplant 0.0050 478 149 500 296
pottedplant 0.0049 455 113 498 257
pottedplant 0.0046 50 90 127 177
pottedplant 0.0046 82 101 248 172
pottedplant 0.0042 15 129 110 188
pottedplant 0.0040 62 98 189 220
pottedplant 0.0032 19 90 111 209
pottedplant 0.0032 52 177 90 248
pottedplant 0.0030 324 132 384 208
pottedplant 0.0029 24 323 80 333
pottedplant 0.0028 118 111 206 237
pottedplant 0.0027 0 102 129 283
pottedplant 0.0022 301 171 402 218
pottedplant 0.0022 480 52 499 218
pottedplant 0.0019 123 135 206 183
pottedplant 0.0016 38 102 225 285
pottedplant 0.0013 60 147 143 199
pottedplant 0.0013 399 128 498 249
pottedplant 0.0012 147 169 357 326
pottedplant 0.0012 10 316 75 332
pottedplant 0.0012 18 160 114 256
pottedplant 0.0011 140 153 195 184
pottedplant 0.0011 73 161 272 326
pottedplant 0.0011 2 323 64 332
pottedplant 0.0011 52 100 97 136
pottedplant 0.0011 73 113 137 176
pottedplant 0.0010 57 143 205 242
