car 0.3638 113 12 459 76
car 0.1777 0 35 48 110
car 0.1109 114 14 309 96
car 0.0029 255 13 383 74
car 0.0028 123 33 280 79
car 0.0026 252 15 471 96
car 0.0017 151 45 348 127
car 0.0010 112 22 248 69
motorbike 0.9870 427 49 498 114
motorbike 0.9588 77 111 346 277
motorbike 0.8699 120 55 176 131
motorbike 0.6905 1 50 48 140
motorbike 0.2552 0 52 25 139
motorbike 0.1673 61 51 98 141
motorbike 0.0681 96 58 150 133
motorbike 0.0220 86 75 132 134
motorbike 0.0072 489 45 499 100
motorbike 0.0065 0 63 9 145
motorbike 0.0062 70 51 199 131
motorbike 0.0060 196 100 323 268
motorbike 0.0058 37 49 69 140
motorbike 0.0049 106 45 178 97
motorbike 0.0038 473 48 500 85
motorbike 0.0037 21 83 467 289
motorbike 0.0027 11 44 80 143
motorbike 0.0025 33 61 106 131
motorbike 0.0021 177 131 388 293
motorbike 0.0013 143 29 358 204
motorbike 0.0013 442 50 491 82
motorbike 0.0013 159 64 342 161
motorbike 0.0012 436 75 497 109
motorbike 0.0010 495 56 500 89
person 0.9954 400 14 432 121
person 0.9942 379 21 406 118
person 0.9895 161 58 347 273
person 0.9885 249 14 285 91
person 0.9863 198 55 232 126
person 0.5824 472 16 498 52
person 0.3854 51 36 89 134
person 0.0978 1 34 27 131
person 0.0663 490 17 500 52
person 0.0308 460 15 496 70
person 0.0301 494 20 500 49
person 0.0231 472 22 499 90
person 0.0148 489 20 499 86
person 0.0148 37 37 67 129
person 0.0099 62 28 99 115
person 0.0095 238 17 313 79
person 0.0077 66 31 93 61
person 0.0071 494 13 500 31
person 0.0047 495 31 500 62
person 0.0043 51 27 92 86
person 0.0041 51 42 70 76
person 0.0031 116 41 173 100
person 0.0031 203 40 223 67
person 0.0027 84 49 123 120
person 0.0024 408 10 442 109
person 0.0024 402 68 419 116
person 0.0023 129 33 148 61
person 0.0018 185 61 256 123
person 0.0015 406 18 429 74
person 0.0014 480 16 496 30
person 0.0014 478 23 494 45
person 0.0013 464 30 487 64
person 0.0013 191 76 361 206
person 0.0012 61 42 83 76
person 0.0010 200 58 226 102
person 0.0010 202 55 226 80
person 0.0010 82 46 493 283
