bottle 0.9365 16 148 40 233
bottle 0.8784 0 106 14 238
bottle 0.0531 10 95 33 135
bottle 0.0203 73 95 100 171
bottle 0.0101 7 140 20 211
bottle 0.0094 0 105 10 191
bottle 0.0043 1 94 27 134
bottle 0.0027 2 127 21 170
bottle 0.0020 3 92 42 142
bottle 0.0018 0 104 5 137
bottle 0.0015 23 96 38 135
bottle 0.0014 10 109 41 213
bottle 0.0014 0 76 18 187
bottle 0.0011 0 152 11 240
bottle 0.0010 78 93 97 149
cat 0.0018 465 133 480 164
chair 0.0029 385 350 490 359
chair 0.0021 454 351 480 360
chair 0.0017 471 339 480 361
chair 0.0014 469 350 480 359
chair 0.0014 357 354 463 360
chair 0.0010 398 342 478 359
diningtable 0.0025 239 342 443 360
diningtable 0.0011 334 353 450 360
person 0.9761 151 126 266 229
person 0.0023 142 97 317 258
person 0.0013 2 25 479 330
pottedplant 0.0624 340 254 420 361
pottedplant 0.0207 315 237 471 359
