chair 0.3908 1 177 50 312
chair 0.1471 292 197 356 325
chair 0.0970 331 235 374 402
chair 0.0123 0 374 139 501
chair 0.0059 0 357 68 502
chair 0.0054 353 266 375 445
chair 0.0034 301 218 376 386
chair 0.0020 0 293 14 495
chair 0.0016 -1 442 99 501
chair 0.0014 7 185 132 310
chair 0.0013 359 332 375 493
chair 0.0013 -11 471 139 500
chair 0.0012 227 233 376 500
chair 0.0012 240 220 369 355
diningtable 0.9641 0 232 374 493
diningtable 0.0518 14 243 359 350
diningtable 0.0071 -5 379 378 502
diningtable 0.0065 6 50 368 447
person 0.2099 0 62 47 331
person 0.0035 162 2 226 86
person 0.0032 1 40 38 132
pottedplant 0.8059 104 34 283 296
pottedplant 0.0025 151 -7 334 279
pottedplant 0.0013 30 3 348 335
