bicycle 0.2632 239 237 404 373
bicycle 0.0017 236 247 329 374
bicycle 0.0013 265 188 366 377
boat 0.1593 -1 80 51 113
boat 0.1246 0 68 106 113
boat 0.0961 275 60 391 116
boat 0.0294 0 76 28 104
boat 0.0154 26 88 52 110
boat 0.0119 -1 51 51 110
boat 0.0090 22 89 104 106
boat 0.0052 0 26 29 105
boat 0.0049 8 60 57 91
boat 0.0046 0 56 26 93
boat 0.0037 208 55 387 129
boat 0.0031 0 44 11 91
boat 0.0031 0 87 26 117
boat 0.0031 -1 67 33 118
boat 0.0023 0 8 98 121
boat 0.0021 2 88 24 105
boat 0.0019 315 86 385 110
boat 0.0016 26 64 54 97
boat 0.0016 1 2 47 100
boat 0.0012 2 76 25 91
boat 0.0012 2 75 10 91
boat 0.0012 15 86 107 120
boat 0.0012 -1 69 49 98
boat 0.0011 19 53 78 110
boat 0.0011 20 66 84 97
boat 0.0010 99 73 140 88
bottle 0.0107 326 178 341 202
person 0.9963 136 120 228 378
person 0.9944 266 105 366 339
person 0.9563 198 87 272 379
person 0.0061 163 100 325 381
person 0.0017 123 65 532 370
person 0.0011 -29 95 376 390
