bird 0.9903 260 221 308 257
bird 0.9570 215 160 251 223
bird 0.9495 188 136 229 201
bird 0.6577 176 192 216 262
bird 0.3146 174 190 199 218
bird 0.2280 288 80 304 110
bird 0.1385 231 47 251 74
bird 0.1333 252 52 271 80
bird 0.1014 15 353 70 375
bird 0.0923 333 85 355 108
bird 0.0807 325 128 352 164
bird 0.0570 277 0 304 21
bird 0.0451 273 1 297 16
bird 0.0402 197 197 214 229
bird 0.0328 262 1 305 33
bird 0.0320 317 0 342 9
bird 0.0242 37 353 84 374
bird 0.0237 300 64 328 99
bird 0.0206 299 49 335 103
bird 0.0201 309 0 338 21
bird 0.0081 287 0 314 34
bird 0.0073 280 0 303 11
bird 0.0052 235 2 321 40
bird 0.0050 196 201 218 251
bird 0.0050 251 13 296 39
bird 0.0042 252 0 273 6
bird 0.0039 329 0 371 18
bird 0.0037 303 0 323 7
bird 0.0036 204 157 246 253
bird 0.0034 173 177 204 248
bird 0.0033 177 209 202 261
bird 0.0033 185 141 225 242
bird 0.0028 309 11 334 37
bird 0.0028 264 0 303 13
bird 0.0026 251 0 298 20
bird 0.0024 337 0 366 9
bird 0.0023 242 0 269 6
bird 0.0023 262 0 286 9
bird 0.0022 490 193 500 217
bird 0.0022 212 145 233 194
bird 0.0020 321 90 354 157
bird 0.0020 203 142 228 195
bird 0.0020 287 80 320 111
bird 0.0020 289 65 312 102
bird 0.0019 0 366 25 375
bird 0.0019 170 174 229 275
bird 0.0019 286 23 304 38
bird 0.0018 181 189 209 221
bird 0.0018 311 7 333 25
bird 0.0018 304 1 322 18
bird 0.0018 307 46 337 77
bird 0.0018 319 47 340 74
bird 0.0017 0 365 13 374
bird 0.0017 486 194 499 231
bird 0.0016 330 1 352 16
bird 0.0014 -4 361 72 375
bird 0.0014 232 163 251 219
bird 0.0014 241 1 287 34
bird 0.0013 -13 355 148 375
bird 0.0013 328 0 353 10
bird 0.0013 263 1 371 39
bird 0.0013 301 11 323 38
bird 0.0012 475 196 499 228
bird 0.0012 194 183 239 262
bird 0.0011 259 224 328 268
bird 0.0011 183 196 210 242
bird 0.0011 252 40 272 72
bird 0.0010 303 22 320 39
bird 0.0010 259 23 289 38
bird 0.0010 213 162 239 208
