bottle 0.9837 304 181 345 318
bottle 0.9804 266 170 306 252
bottle 0.0064 254 168 307 336
bottle 0.0036 293 211 354 289
bottle 0.0024 398 369 439 375
bottle 0.0024 298 171 344 249
bottle 0.0014 312 154 335 198
bottle 0.0010 384 368 452 374
chair 0.9974 89 20 194 148
chair 0.9740 1 34 104 129
chair 0.1068 2 105 497 385
chair 0.0121 0 34 23 124
chair 0.0095 0 39 182 139
chair 0.0091 4 120 183 371
chair 0.0049 6 40 118 199
chair 0.0025 0 34 52 123
chair 0.0016 1 123 91 382
chair 0.0014 0 56 13 124
chair 0.0014 -11 -9 123 155
chair 0.0012 449 276 500 372
chair 0.0011 201 163 455 265
diningtable 0.0276 151 282 489 374
diningtable 0.0127 2 28 180 134
diningtable 0.0049 17 241 490 370
diningtable 0.0031 156 169 499 374
person 0.9851 252 19 424 250
person 0.0880 16 19 488 358
person 0.0366 446 166 499 368
person 0.0094 477 166 499 367
person 0.0056 407 115 501 361
person 0.0042 469 74 501 376
person 0.0027 230 132 428 241
person 0.0025 482 90 500 329
person 0.0016 465 207 503 381
person 0.0016 364 43 511 339
person 0.0012 0 94 22 295
person 0.0010 315 284 497 373
pottedplant 0.0027 0 326 48 374
sofa 0.0385 179 99 479 336
sofa 0.0105 305 121 499 366
sofa 0.0080 4 98 185 339
sofa 0.0040 3 128 176 241
tvmonitor 0.0021 12 0 73 20
