bottle 0.9981 102 1 145 106
bottle 0.9955 315 249 405 400
bottle 0.9803 141 0 172 99
bottle 0.9776 239 1 277 97
bottle 0.9768 167 1 204 102
bottle 0.9644 210 1 244 97
bottle 0.9532 160 157 255 215
bottle 0.3984 183 2 213 84
bottle 0.2027 178 -5 213 136
bottle 0.1549 247 141 307 211
bottle 0.0414 205 -3 269 104
bottle 0.0395 138 221 176 291
bottle 0.0316 162 0 192 36
bottle 0.0275 162 220 206 291
bottle 0.0204 191 284 291 325
bottle 0.0132 167 -1 226 167
bottle 0.0103 202 0 224 36
bottle 0.0056 490 53 500 124
bottle 0.0053 298 280 380 398
bottle 0.0051 214 0 238 10
bottle 0.0044 204 0 228 10
bottle 0.0042 184 0 209 36
bottle 0.0041 145 0 169 25
bottle 0.0039 202 214 250 267
bottle 0.0038 138 -3 185 170
bottle 0.0037 341 237 436 397
bottle 0.0035 143 2 180 50
bottle 0.0034 112 290 293 333
bottle 0.0030 0 377 7 400
bottle 0.0027 156 0 180 37
bottle 0.0027 139 1 154 81
bottle 0.0025 184 0 209 9
bottle 0.0024 214 1 239 37
bottle 0.0024 196 0 219 9
bottle 0.0023 290 322 346 398
bottle 0.0023 348 252 397 382
bottle 0.0022 410 -3 500 108
bottle 0.0021 195 0 219 25
bottle 0.0018 209 215 262 288
bottle 0.0018 196 -6 251 139
bottle 0.0017 175 0 217 24
bottle 0.0017 224 4 291 79
bottle 0.0017 205 0 224 20
bottle 0.0016 0 10 126 392
bottle 0.0016 107 0 131 37
bottle 0.0016 108 106 132 148
bottle 0.0016 161 9 175 88
bottle 0.0016 223 0 246 9
bottle 0.0015 138 0 159 37
bottle 0.0015 0 361 9 399
bottle 0.0015 164 0 193 9
bottle 0.0015 282 294 447 400
bottle 0.0014 137 -2 163 131
bottle 0.0013 317 268 359 395
bottle 0.0013 481 30 500 200
bottle 0.0013 240 138 320 277
bottle 0.0013 207 1 241 53
bottle 0.0012 144 0 170 10
bottle 0.0012 281 -1 459 86
bottle 0.0012 198 0 217 49
bottle 0.0012 423 1 486 75
bottle 0.0011 184 153 287 206
bottle 0.0011 169 150 261 262
bottle 0.0011 95 -2 129 85
bottle 0.0011 189 11 256 88
bottle 0.0010 204 14 276 181
bottle 0.0010 224 10 242 87
bottle 0.0010 103 0 147 52
bottle 0.0010 173 0 202 8
bottle 0.0010 286 0 389 49
bottle 0.0010 0 361 24 399
bottle 0.0010 251 0 277 8
bottle 0.0010 448 347 498 400
person 0.0049 157 0 197 25
person 0.0010 154 0 200 11
tvmonitor 0.0081 369 14 500 385
tvmonitor 0.0037 409 0 499 73
tvmonitor 0.0017 2 28 89 386
