bottle 0.0028 155 60 163 78
bus 0.9709 5 17 495 362
bus 0.0400 -5 49 267 379
bus 0.0129 2 106 87 225
bus 0.0068 0 104 20 227
bus 0.0051 77 172 429 366
bus 0.0050 223 64 507 305
bus 0.0030 0 42 187 276
bus 0.0024 0 165 185 265
bus 0.0022 -17 73 143 357
bus 0.0022 -7 130 132 240
bus 0.0019 482 102 499 258
bus 0.0017 0 99 5 194
bus 0.0015 1 100 178 216
bus 0.0013 3 115 47 214
bus 0.0012 -1 92 61 324
bus 0.0012 5 122 88 180
car 0.0071 0 88 3 108
person 0.9937 75 130 132 203
person 0.9748 318 148 387 383
person 0.9560 281 220 328 372
person 0.5854 234 198 270 339
person 0.0176 97 131 148 204
person 0.0125 484 173 500 273
person 0.0109 491 174 500 263
person 0.0085 77 141 127 180
person 0.0073 160 156 245 350
person 0.0023 2 98 87 289
person 0.0021 119 134 157 201
person 0.0017 48 160 71 192
person 0.0016 68 125 113 184
person 0.0015 42 128 138 180
person 0.0015 241 206 317 359
person 0.0014 214 213 274 371
person 0.0013 484 187 500 346
person 0.0012 0 104 18 285
person 0.0010 128 0 150 6
