bird 0.9951 139 185 193 233
bird 0.9889 6 202 72 242
bird 0.9874 78 208 106 226
bird 0.9489 203 167 238 215
bird 0.9232 137 174 176 209
bird 0.8626 319 194 341 216
bird 0.8374 94 181 131 218
bird 0.6843 206 189 240 220
bird 0.6767 321 225 403 329
bird 0.4063 11 180 41 197
bird 0.3019 270 203 296 217
bird 0.2351 308 166 327 183
bird 0.1341 8 181 24 197
bird 0.0424 0 200 7 225
bird 0.0398 202 145 229 159
bird 0.0307 319 241 482 343
bird 0.0287 90 179 113 216
bird 0.0197 2 202 26 239
bird 0.0100 225 191 245 219
bird 0.0091 0 200 9 239
bird 0.0090 475 142 487 157
bird 0.0068 231 204 275 222
bird 0.0055 315 154 496 336
bird 0.0052 142 183 188 213
bird 0.0051 276 159 287 175
bird 0.0048 135 174 159 195
bird 0.0046 178 189 191 208
bird 0.0045 90 178 107 199
bird 0.0043 0 179 9 219
bird 0.0033 210 195 236 214
bird 0.0030 1 192 26 220
bird 0.0030 103 190 132 208
bird 0.0028 0 185 6 211
bird 0.0026 0 180 8 201
bird 0.0026 131 177 152 217
bird 0.0025 264 206 287 220
bird 0.0024 265 212 280 222
bird 0.0023 210 189 235 208
bird 0.0019 94 196 130 225
bird 0.0018 124 162 202 259
bird 0.0018 496 138 500 170
bird 0.0018 142 182 172 199
bird 0.0015 473 141 490 167
bird 0.0014 0 212 5 239
bird 0.0014 210 180 235 201
bird 0.0014 91 180 150 227
bird 0.0014 141 187 175 221
bird 0.0012 297 164 330 185
bird 0.0012 237 213 274 222
bird 0.0011 0 202 7 265
bird 0.0011 100 194 125 214
bird 0.0011 144 188 173 206
bird 0.0010 136 184 160 223
bird 0.0010 8 182 40 210
bird 0.0010 302 193 323 219
chair 0.0079 400 123 498 325
chair 0.0010 481 145 499 331
dog 0.0064 347 222 508 327
