aeroplane 0.0389 -3 10 503 277
aeroplane 0.0010 399 0 500 61
boat 0.6651 -2 38 502 346
boat 0.0184 31 156 470 324
boat 0.0015 188 39 469 293
boat 0.0010 101 131 400 203
chair 0.0038 477 180 500 210
chair 0.0013 491 189 500 212
person 0.9868 186 153 244 220
person 0.4119 237 137 266 167
person 0.2259 425 153 454 187
person 0.1753 176 243 267 331
person 0.1278 210 138 237 163
person 0.0439 145 250 352 335
person 0.0369 414 155 438 184
person 0.0086 198 139 238 171
person 0.0064 192 156 276 231
person 0.0035 485 130 499 181
person 0.0034 333 141 345 150
person 0.0033 144 131 154 146
person 0.0027 489 108 500 153
person 0.0024 416 153 452 211
person 0.0023 327 137 341 150
person 0.0020 236 135 276 179
person 0.0020 474 141 499 204
person 0.0017 482 152 499 187
person 0.0014 242 141 261 160
person 0.0013 481 97 500 199
person 0.0012 209 141 229 157
person 0.0012 485 154 499 173
person 0.0011 248 137 276 165
tvmonitor 0.0119 472 160 500 193
tvmonitor 0.0024 476 173 500 203
tvmonitor 0.0016 485 162 499 201
