chair 0.9706 2 204 95 401
chair 0.9681 65 153 136 276
chair 0.9526 101 122 155 195
chair 0.8408 132 104 163 144
chair 0.7431 0 99 35 179
chair 0.6759 102 95 138 130
chair 0.2744 119 104 167 164
chair 0.2306 77 143 131 209
chair 0.1238 51 95 77 139
chair 0.0662 -3 208 132 480
chair 0.0542 0 411 62 482
chair 0.0351 339 181 359 316
chair 0.0343 0 115 8 206
chair 0.0271 103 98 157 149
chair 0.0269 100 100 142 180
chair 0.0262 8 91 54 172
chair 0.0185 326 167 360 291
chair 0.0180 267 357 360 478
chair 0.0143 0 380 141 480
chair 0.0137 132 100 150 136
chair 0.0098 0 116 33 222
chair 0.0093 -4 80 48 198
chair 0.0091 344 223 360 345
chair 0.0069 0 99 6 170
chair 0.0064 118 106 153 143
chair 0.0055 127 105 144 143
chair 0.0054 124 118 146 169
chair 0.0046 0 343 49 481
chair 0.0043 129 99 181 150
chair 0.0043 293 140 361 284
chair 0.0043 290 298 359 461
chair 0.0039 110 128 147 173
chair 0.0031 322 384 360 479
chair 0.0031 7 364 234 482
chair 0.0030 10 119 48 165
chair 0.0029 76 94 109 133
chair 0.0028 69 147 113 235
chair 0.0028 79 145 110 197
chair 0.0027 350 226 360 318
chair 0.0025 6 88 56 126
chair 0.0024 -20 411 115 487
chair 0.0023 342 353 360 480
chair 0.0023 1 252 69 428
chair 0.0022 327 208 359 326
chair 0.0021 1 201 68 342
chair 0.0021 10 426 166 478
chair 0.0015 223 82 361 322
chair 0.0015 3 262 91 341
chair 0.0015 118 108 139 160
chair 0.0015 59 203 125 283
chair 0.0015 0 101 31 147
chair 0.0014 47 93 154 312
chair 0.0014 353 186 360 303
chair 0.0014 133 90 146 103
chair 0.0014 265 428 358 475
chair 0.0013 25 228 155 387
chair 0.0013 6 112 28 173
chair 0.0012 23 92 66 139
chair 0.0012 99 133 159 252
chair 0.0012 55 166 107 291
chair 0.0011 69 95 142 135
chair 0.0011 345 242 360 441
chair 0.0011 0 101 19 166
chair 0.0010 97 102 134 141
diningtable 0.9687 14 324 357 475
diningtable 0.9325 68 219 334 331
diningtable 0.7654 128 117 296 228
diningtable 0.0713 78 140 384 333
diningtable 0.0062 33 209 373 492
diningtable 0.0047 100 114 321 284
diningtable 0.0024 34 185 284 362
diningtable 0.0015 130 75 382 258
diningtable 0.0010 157 106 241 166
pottedplant 0.0043 103 60 122 98
pottedplant 0.0038 79 86 108 105
pottedplant 0.0023 90 83 144 130
pottedplant 0.0022 95 63 131 106
sofa 0.9105 0 86 64 159
