bottle 0.9899 142 132 191 284
bottle 0.0018 133 169 197 246
chair 0.2636 322 9 499 310
chair 0.0042 0 331 95 375
chair 0.0028 0 286 189 375
chair 0.0026 327 85 497 230
chair 0.0019 368 287 502 375
chair 0.0014 -13 352 184 375
chair 0.0012 0 304 51 374
chair 0.0011 0 264 93 378
diningtable 0.0311 17 291 479 374
diningtable 0.0037 37 328 461 377
diningtable 0.0036 0 210 498 391
person 0.4045 206 141 229 185
person 0.3537 187 100 211 135
person 0.3489 204 96 228 137
person 0.1479 188 85 226 139
person 0.0832 188 151 228 237
person 0.0425 187 92 226 180
person 0.0363 188 133 228 199
person 0.0338 191 151 218 187
person 0.0101 189 153 244 293
person 0.0076 195 147 235 187
person 0.0066 190 102 206 123
person 0.0032 209 99 223 125
