dog 0.9676 100 171 306 376
dog 0.0124 192 155 281 256
person 0.9883 210 6 494 318
person 0.0777 309 0 502 92
person 0.0362 223 2 502 142
person 0.0197 367 -5 504 204
person 0.0187 402 0 502 129
person 0.0132 450 0 500 98
person 0.0126 296 0 492 36
person 0.0106 474 -2 500 103
person 0.0082 444 -18 500 204
person 0.0078 0 218 22 373
person 0.0056 477 6 500 179
person 0.0039 469 -2 502 304
person 0.0032 0 217 54 374
person 0.0024 375 35 504 339
person 0.0024 491 -8 499 101
person 0.0024 421 0 509 9
person 0.0021 246 0 320 19
person 0.0020 0 127 19 348
person 0.0019 -9 23 133 356
person 0.0016 348 0 515 22
person 0.0016 401 -1 502 43
person 0.0016 444 22 499 365
person 0.0015 0 300 27 376
person 0.0014 -2 129 276 368
person 0.0013 472 0 501 7
person 0.0012 -1 92 29 383
person 0.0011 487 0 501 9
person 0.0011 0 188 90 376
person 0.0011 0 46 56 372
person 0.0011 370 0 495 67
person 0.0010 468 -20 503 152
sofa 0.0130 226 84 501 343
sofa 0.0059 60 -11 521 278
sofa 0.0027 195 3 478 142
tvmonitor 0.0169 261 1 450 34
tvmonitor 0.0042 224 1 413 21
tvmonitor 0.0025 228 0 369 37
tvmonitor 0.0024 289 0 393 19
tvmonitor 0.0022 204 -3 462 44
