bottle 0.0032 450 364 500 374
chair 0.0125 231 291 501 375
chair 0.0100 118 291 310 375
chair 0.0083 365 286 503 374
chair 0.0063 450 277 501 375
chair 0.0042 126 334 315 374
chair 0.0031 8 293 257 373
chair 0.0029 468 299 499 375
chair 0.0029 314 244 496 373
chair 0.0024 112 353 328 375
chair 0.0023 205 331 349 374
chair 0.0018 145 324 429 378
chair 0.0014 327 332 498 374
chair 0.0013 161 243 331 370
chair 0.0012 18 355 230 375
chair 0.0011 -2 333 134 375
chair 0.0010 195 353 399 375
person 0.9900 167 98 493 378
person 0.5317 242 110 347 246
person 0.1051 467 106 500 372
person 0.0165 94 105 344 388
person 0.0122 211 92 361 284
person 0.0053 370 103 509 382
person 0.0031 472 214 499 377
person 0.0030 448 183 499 380
person 0.0020 447 70 500 322
tvmonitor 0.9965 1 70 61 265
tvmonitor 0.9931 183 169 224 240
tvmonitor 0.8498 46 123 138 263
tvmonitor 0.0060 139 140 184 246
tvmonitor 0.0014 144 175 227 238
