bottle 0.3491 273 153 288 203
bottle 0.2526 289 168 301 201
bottle 0.1187 347 398 374 490
bottle 0.0915 221 144 241 210
bottle 0.0370 253 153 271 203
bottle 0.0042 271 158 282 198
bottle 0.0042 442 342 493 444
bottle 0.0031 283 142 297 199
bottle 0.0025 248 148 261 203
bottle 0.0017 292 157 305 202
bottle 0.0010 276 143 294 197
diningtable 0.0026 173 389 481 495
person 0.9934 68 51 212 494
person 0.0093 69 71 147 481
person 0.0072 192 68 246 177
person 0.0071 65 169 212 385
person 0.0047 -41 68 315 487
pottedplant 0.3566 285 117 356 201
pottedplant 0.0074 210 143 244 219
pottedplant 0.0020 297 151 348 201
pottedplant 0.0015 206 144 224 204
pottedplant 0.0013 190 63 249 221
