chair 0.0072 0 224 59 340
dog 0.0012 267 286 292 309
person 0.9988 362 208 431 328
person 0.9952 274 199 323 351
person 0.7472 483 213 500 326
person 0.0228 488 217 500 292
person 0.0205 490 233 500 334
person 0.0055 480 227 498 282
person 0.0016 1 1 29 35
person 0.0014 264 238 332 318
person 0.0014 492 175 499 249
person 0.0013 491 196 499 271
person 0.0013 480 157 500 291
person 0.0012 441 209 501 323
person 0.0011 0 168 19 309
person 0.0010 494 237 500 274
pottedplant 0.0287 114 177 139 208
sheep 0.8868 424 272 496 325
sheep 0.8068 297 287 362 344
sheep 0.0162 490 244 500 337
sheep 0.0030 260 282 346 345
