bottle 0.0030 445 271 499 374
chair 0.0010 363 238 506 374
person 0.9885 140 55 254 210
person 0.9395 222 19 333 194
person 0.0293 153 20 355 227
person 0.0082 49 78 91 166
person 0.0074 0 0 426 376
person 0.0038 50 62 119 178
person 0.0032 1 50 89 338
person 0.0018 62 103 107 168
person 0.0016 66 177 433 373
person 0.0015 77 114 101 155
person 0.0011 0 69 15 319
tvmonitor 0.1933 92 26 267 223
tvmonitor 0.0991 161 7 353 202
tvmonitor 0.0178 219 2 440 210
tvmonitor 0.0090 10 0 487 374
tvmonitor 0.0065 50 43 120 170
tvmonitor 0.0030 372 309 420 373
tvmonitor 0.0010 365 283 507 375
tvmonitor 0.0010 -50 -35 394 242
