bottle 0.2131 181 322 219 377
bottle 0.1829 152 321 185 377
bottle 0.1103 245 103 257 138
bottle 0.0831 210 164 235 202
bottle 0.0262 0 110 9 141
bottle 0.0153 219 103 233 149
bottle 0.0150 214 200 231 254
bottle 0.0127 211 95 225 128
bottle 0.0126 212 174 236 220
bottle 0.0115 35 93 46 113
bottle 0.0095 154 324 247 376
bottle 0.0062 237 101 250 136
bottle 0.0061 208 186 236 258
bottle 0.0057 299 129 324 163
bottle 0.0041 198 194 216 248
bottle 0.0029 228 287 245 354
bottle 0.0028 5 108 18 141
bottle 0.0027 30 96 43 114
bottle 0.0026 224 285 253 364
bottle 0.0025 14 94 27 129
bottle 0.0024 161 187 198 261
bottle 0.0021 230 107 240 128
bottle 0.0017 188 189 220 258
bottle 0.0016 123 323 206 376
bottle 0.0016 210 100 223 149
bottle 0.0015 37 89 53 108
bottle 0.0013 236 98 246 126
bottle 0.0010 8 93 24 132
bottle 0.0010 308 130 329 162
bottle 0.0010 216 95 233 128
chair 0.0315 147 153 210 202
chair 0.0198 359 78 425 131
chair 0.0169 449 93 492 149
chair 0.0028 490 93 500 157
chair 0.0024 479 82 500 161
chair 0.0023 482 93 500 237
chair 0.0019 308 288 500 375
chair 0.0019 0 135 8 232
chair 0.0012 492 119 500 220
chair 0.0010 429 95 486 129
diningtable 0.5416 10 216 349 376
diningtable 0.0239 180 115 307 159
diningtable 0.0023 175 104 320 203
diningtable 0.0022 88 204 332 291
diningtable 0.0014 71 332 427 380
diningtable 0.0014 -32 108 383 384
diningtable 0.0013 74 292 423 375
diningtable 0.0011 139 175 442 376
person 0.9977 263 102 375 251
person 0.9965 0 104 125 367
person 0.9940 71 107 151 232
person 0.9931 261 113 481 375
person 0.9480 313 119 426 293
person 0.4868 51 76 95 116
person 0.0529 364 115 503 376
person 0.0145 485 46 498 62
person 0.0102 0 103 15 371
person 0.0090 155 75 578 361
person 0.0089 484 103 500 374
person 0.0072 0 88 19 214
person 0.0069 -3 104 106 257
person 0.0054 50 76 79 107
person 0.0053 50 75 123 132
person 0.0046 273 170 468 316
person 0.0041 325 9 358 67
person 0.0025 42 90 137 217
person 0.0023 447 95 499 383
person 0.0023 11 48 23 61
person 0.0022 257 67 272 86
person 0.0022 280 108 431 221
person 0.0016 0 106 56 368
person 0.0014 225 63 266 87
person 0.0014 286 101 342 170
person 0.0014 332 14 367 83
person 0.0012 0 131 9 206
person 0.0012 268 129 371 199
person 0.0012 56 65 147 181
person 0.0012 11 15 173 244
person 0.0012 482 37 501 151
person 0.0011 204 96 240 150
person 0.0011 63 0 100 18
person 0.0010 50 82 93 157
person 0.0010 -153 98 274 381
pottedplant 0.0220 279 0 321 49
pottedplant 0.0022 278 3 317 91
