bottle 0.0313 288 0 303 16
bottle 0.0189 253 0 277 12
bottle 0.0071 276 0 293 13
bottle 0.0040 233 0 258 8
bottle 0.0039 71 13 91 62
bottle 0.0033 241 0 267 10
bottle 0.0027 229 0 280 11
bottle 0.0025 70 11 89 36
bottle 0.0019 286 36 293 57
bottle 0.0013 189 136 199 160
bottle 0.0012 305 132 319 148
bottle 0.0012 261 0 284 15
bottle 0.0010 426 367 465 375
chair 0.8401 159 140 411 356
chair 0.4321 444 209 500 379
chair 0.1113 179 148 376 279
chair 0.0053 87 105 482 385
chair 0.0047 413 265 501 375
chair 0.0046 441 298 500 374
chair 0.0027 245 169 399 320
chair 0.0026 473 210 500 379
chair 0.0022 311 138 399 362
chair 0.0020 446 60 500 360
chair 0.0016 454 178 497 328
chair 0.0012 409 163 498 373
person 0.9904 165 134 326 281
person 0.0040 277 36 287 55
person 0.0015 268 36 279 55
person 0.0011 12 87 492 343
person 0.0010 154 142 259 274
pottedplant 0.7456 0 276 31 346
pottedplant 0.3469 74 91 146 273
pottedplant 0.0137 15 65 177 310
pottedplant 0.0130 234 38 259 65
pottedplant 0.0049 94 84 185 278
pottedplant 0.0035 162 0 192 3
pottedplant 0.0035 171 0 202 3
pottedplant 0.0022 45 307 96 374
pottedplant 0.0017 1 224 27 341
pottedplant 0.0016 0 276 14 337
pottedplant 0.0016 -22 282 44 338
pottedplant 0.0012 0 294 28 378
tvmonitor 0.0032 1 0 43 20
tvmonitor 0.0025 0 0 27 10
tvmonitor 0.0017 2 2 46 64
tvmonitor 0.0010 192 0 259 7
