bottle 0.0106 493 189 500 263
bottle 0.0062 483 251 500 367
bottle 0.0054 415 291 453 359
bottle 0.0032 0 142 4 169
bottle 0.0031 487 279 500 347
bottle 0.0013 496 191 499 234
bottle 0.0010 449 276 497 373
chair 0.0096 0 172 50 334
chair 0.0045 1 153 42 263
chair 0.0031 0 176 26 328
chair 0.0011 0 196 17 365
diningtable 0.8578 -2 246 506 373
diningtable 0.0043 0 131 42 228
diningtable 0.0028 51 231 449 326
diningtable 0.0027 0 113 498 377
diningtable 0.0018 111 201 388 291
diningtable 0.0016 -1 49 200 273
diningtable 0.0014 -4 220 501 506
diningtable 0.0011 2 144 45 178
person 0.9983 199 66 374 294
person 0.9904 17 81 224 335
person 0.0033 -21 58 370 325
person 0.0031 484 132 500 285
person 0.0029 483 203 499 360
person 0.0027 0 88 23 214
person 0.0019 482 39 500 264
person 0.0015 0 121 30 238
person 0.0013 494 121 500 260
person 0.0010 494 194 499 316
