bottle 0.7944 75 84 92 112
bottle 0.0034 316 199 331 214
bottle 0.0018 266 192 286 220
bottle 0.0012 292 200 307 223
bottle 0.0010 166 105 175 118
chair 0.9457 38 176 182 368
chair 0.8252 72 115 115 189
chair 0.5496 102 104 141 170
chair 0.0879 314 226 498 375
chair 0.0649 80 222 199 360
chair 0.0493 42 178 99 302
chair 0.0325 81 104 129 177
chair 0.0182 443 222 499 372
chair 0.0104 476 221 489 275
chair 0.0094 472 221 500 372
chair 0.0052 105 103 134 136
chair 0.0023 98 121 140 203
chair 0.0014 432 331 501 374
chair 0.0014 366 329 500 376
chair 0.0012 76 129 126 225
chair 0.0012 62 134 148 315
chair 0.0012 407 208 494 361
diningtable 0.0098 132 98 206 149
diningtable 0.0047 171 164 394 379
diningtable 0.0015 126 89 208 213
person 0.9993 273 72 485 377
person 0.9977 188 146 293 362
person 0.9879 47 0 89 95
person 0.9814 95 127 199 348
person 0.7821 110 0 152 75
person 0.5638 0 52 32 192
person 0.4360 -1 29 46 100
person 0.0847 81 39 140 174
person 0.0329 162 2 189 28
person 0.0211 68 31 89 91
person 0.0208 0 24 50 169
person 0.0101 91 39 144 121
person 0.0064 0 22 10 71
person 0.0058 38 129 71 151
person 0.0056 0 28 26 66
person 0.0045 279 145 476 291
person 0.0030 128 0 151 36
person 0.0027 5 116 495 383
person 0.0025 0 39 13 112
person 0.0024 0 33 42 71
person 0.0020 0 29 6 63
person 0.0020 29 86 181 357
person 0.0018 55 170 270 363
person 0.0018 349 106 523 378
person 0.0013 141 114 220 362
person 0.0012 0 3 30 72
person 0.0012 111 6 131 59
person 0.0012 0 88 23 241
person 0.0011 114 0 146 36
person 0.0011 0 49 23 101
person 0.0010 129 5 149 71
tvmonitor 0.0027 248 162 295 222
tvmonitor 0.0024 248 169 293 198
