car 0.9880 111 -3 394 162
car 0.0541 464 85 500 156
car 0.0053 483 128 499 180
car 0.0048 315 0 436 41
car 0.0040 469 97 498 139
car 0.0039 467 49 501 141
car 0.0027 312 -1 500 79
car 0.0024 470 105 499 195
car 0.0024 25 -31 472 184
car 0.0019 314 0 403 19
car 0.0018 453 96 517 146
car 0.0015 443 81 504 140
car 0.0014 449 62 500 180
car 0.0010 89 0 201 41
dog 0.5518 41 37 361 355
person 0.0272 403 0 499 68
person 0.0146 357 0 469 42
person 0.0142 317 0 367 19
person 0.0087 382 0 435 32
person 0.0031 237 0 289 23
person 0.0016 322 0 344 18
person 0.0014 426 0 506 20
person 0.0012 349 0 428 10
person 0.0012 286 0 357 19
person 0.0011 341 0 416 19
person 0.0011 314 0 386 12
person 0.0010 336 0 489 24
person 0.0010 473 8 500 121
sheep 0.0557 16 13 331 315
sheep 0.0035 53 103 362 377
