bottle 0.8304 75 268 107 350
bottle 0.7701 115 261 142 351
bottle 0.6774 384 232 406 282
bottle 0.4338 368 234 385 280
bottle 0.2859 230 77 280 226
bottle 0.2692 353 237 369 289
bottle 0.2288 140 253 174 343
bottle 0.0470 124 263 161 350
bottle 0.0415 347 230 372 299
bottle 0.0339 342 226 355 287
bottle 0.0187 361 231 379 282
bottle 0.0089 325 230 354 302
bottle 0.0072 330 228 346 285
bottle 0.0057 86 264 116 335
bottle 0.0056 359 231 390 297
bottle 0.0036 91 267 108 329
bottle 0.0036 371 242 383 270
bottle 0.0035 380 230 401 269
bottle 0.0028 62 263 114 379
bottle 0.0025 117 264 139 320
bottle 0.0021 114 266 131 332
bottle 0.0020 14 22 161 296
bottle 0.0020 133 248 185 366
bottle 0.0018 0 322 5 377
bottle 0.0017 218 304 234 349
bottle 0.0016 356 242 367 269
bottle 0.0016 60 314 80 343
bottle 0.0013 0 327 3 372
bottle 0.0013 203 308 240 371
bottle 0.0012 381 248 409 338
bottle 0.0010 0 274 4 382
person 0.0216 478 92 500 297
person 0.0106 445 55 500 221
person 0.0075 451 93 499 294
person 0.0032 480 42 500 204
person 0.0031 469 39 501 265
person 0.0015 491 102 499 207
person 0.0014 492 155 499 269
pottedplant 0.0612 292 129 436 247
pottedplant 0.0263 203 0 249 72
pottedplant 0.0261 444 41 492 120
pottedplant 0.0209 322 144 425 298
pottedplant 0.0152 0 0 136 36
pottedplant 0.0071 283 125 450 360
pottedplant 0.0066 288 111 343 165
pottedplant 0.0064 367 87 467 188
pottedplant 0.0059 380 0 441 128
pottedplant 0.0059 439 38 500 179
pottedplant 0.0050 321 146 423 217
pottedplant 0.0047 293 141 346 305
pottedplant 0.0043 283 109 346 223
pottedplant 0.0032 476 47 500 140
pottedplant 0.0027 110 327 213 374
pottedplant 0.0023 276 52 457 274
pottedplant 0.0020 437 17 477 115
pottedplant 0.0020 342 334 483 374
pottedplant 0.0019 434 57 481 126
pottedplant 0.0015 -3 0 69 38
pottedplant 0.0014 421 3 491 128
pottedplant 0.0013 489 64 499 130
pottedplant 0.0013 476 73 499 120
pottedplant 0.0011 321 289 496 373
pottedplant 0.0010 395 30 432 125
pottedplant 0.0010 406 306 500 373
pottedplant 0.0010 191 1 258 129
