bus 0.9934 231 68 499 303
bus 0.9831 1 59 214 305
bus 0.0655 200 73 385 300
bus 0.0341 0 77 23 225
bus 0.0301 -1 81 56 245
bus 0.0300 449 78 499 279
bus 0.0251 479 79 499 281
bus 0.0098 1 84 92 273
bus 0.0061 356 70 522 301
bus 0.0048 258 148 477 279
bus 0.0046 215 115 364 254
bus 0.0041 2 94 43 208
bus 0.0035 407 95 497 288
bus 0.0034 -39 49 392 318
bus 0.0019 0 143 7 224
bus 0.0014 0 124 17 262
bus 0.0010 0 109 11 199
car 0.0243 0 181 10 227
car 0.0028 485 222 500 273
car 0.0025 483 175 500 300
car 0.0012 1 182 19 227
cat 0.0011 176 0 381 20
person 0.0275 169 124 190 154
person 0.0113 173 123 187 144
person 0.0064 33 149 57 174
person 0.0050 41 151 58 170
person 0.0021 36 148 54 164
person 0.0016 287 152 313 185
pottedplant 0.0017 9 2 185 70
