car 0.9874 170 245 257 326
car 0.9171 334 267 398 321
car 0.1019 149 260 176 311
car 0.0701 328 264 447 324
car 0.0393 3 114 175 466
car 0.0113 339 244 448 395
car 0.0025 350 270 380 319
car 0.0024 168 240 317 341
car 0.0021 488 237 494 270
car 0.0016 401 228 491 287
car 0.0014 140 255 230 328
car 0.0011 444 245 495 281
car 0.0010 399 231 481 258
person 0.9962 330 242 492 498
person 0.9953 175 246 336 499
person 0.9150 292 250 321 322
person 0.0068 348 240 455 401
person 0.0035 391 226 495 457
person 0.0020 434 237 494 505
person 0.0014 475 223 494 489
