car 0.0016 361 0 504 39
car 0.0012 403 0 501 60
motorbike 0.9612 0 -6 499 336
motorbike 0.0084 56 -4 440 38
motorbike 0.0052 25 5 475 170
motorbike 0.0033 19 0 399 67
motorbike 0.0029 305 5 502 114
motorbike 0.0019 -9 -3 279 41
motorbike 0.0018 172 0 481 70
motorbike 0.0017 69 11 431 105
motorbike 0.0015 296 1 507 226
motorbike 0.0015 154 0 501 127
motorbike 0.0014 221 -6 506 39
motorbike 0.0012 -4 -1 203 71
motorbike 0.0012 360 0 507 76
person 0.6430 0 11 182 327
person 0.0071 2 22 94 324
person 0.0019 408 267 458 331
person 0.0017 24 4 314 328
