bottle 0.0049 0 235 6 300
bottle 0.0035 39 0 92 13
bottle 0.0014 0 260 18 299
bottle 0.0011 0 94 4 119
chair 0.6829 72 103 163 251
chair 0.0046 66 120 199 306
chair 0.0033 349 59 401 273
chair 0.0030 69 137 138 284
chair 0.0018 274 53 358 234
person 0.9969 114 45 270 264
person 0.9501 270 -2 372 219
person 0.8845 15 -4 126 202
person 0.6516 104 3 176 119
person 0.6021 331 2 399 263
person 0.5792 209 0 303 210
person 0.4214 130 147 389 298
person 0.0583 186 20 335 274
person 0.0343 53 41 349 299
person 0.0277 217 11 295 137
person 0.0232 0 1 16 79
person 0.0120 274 9 360 135
person 0.0089 126 111 262 225
person 0.0086 0 9 14 138
person 0.0068 0 0 45 103
person 0.0067 0 0 20 28
person 0.0062 34 0 176 168
person 0.0058 0 0 7 62
person 0.0058 73 40 204 263
person 0.0054 377 -1 400 266
person 0.0047 387 13 400 251
person 0.0044 0 0 40 58
person 0.0040 0 0 9 28
person 0.0038 353 0 400 199
person 0.0030 0 10 72 209
person 0.0028 114 2 411 247
person 0.0028 42 -5 121 135
person 0.0026 380 10 400 160
person 0.0022 77 -2 158 109
person 0.0021 0 0 8 7
person 0.0020 306 84 401 215
person 0.0020 0 0 21 6
person 0.0019 0 0 7 17
person 0.0016 0 57 45 299
person 0.0016 0 174 13 299
person 0.0014 112 65 239 191
person 0.0013 0 38 13 204
person 0.0011 6 0 44 27
person 0.0010 255 55 394 285
pottedplant 0.0039 0 56 71 233
sofa 0.0032 144 23 439 273
