bicycle 0.8523 207 174 504 369
bicycle 0.0023 366 170 505 375
bottle 0.0016 142 171 156 187
person 0.9968 70 50 180 364
person 0.5057 353 231 404 365
person 0.3178 174 61 233 327
person 0.0503 395 237 434 297
person 0.0127 376 238 452 375
person 0.0075 0 65 14 127
person 0.0051 155 173 166 190
person 0.0047 140 172 157 189
person 0.0046 145 38 287 339
person 0.0041 45 122 176 304
person 0.0037 354 235 397 304
person 0.0033 394 247 434 367
person 0.0023 -1 59 17 155
person 0.0020 0 64 16 237
person 0.0019 -60 51 335 368
person 0.0017 90 71 188 257
person 0.0012 183 87 216 301
person 0.0011 389 221 475 343
person 0.0010 155 50 214 313
