pottedplant 0.9359 398 0 498 160
pottedplant 0.1408 189 55 382 314
pottedplant 0.1277 318 3 503 189
pottedplant 0.0581 42 21 452 352
pottedplant 0.0435 416 147 499 271
pottedplant 0.0187 206 94 376 223
pottedplant 0.0101 479 118 499 270
pottedplant 0.0064 371 6 507 310
pottedplant 0.0058 358 18 474 163
pottedplant 0.0023 178 -7 477 157
pottedplant 0.0017 340 4 450 127
pottedplant 0.0017 368 46 422 112
pottedplant 0.0015 429 -8 501 118
pottedplant 0.0014 408 268 499 378
pottedplant 0.0014 246 68 352 207
pottedplant 0.0013 439 54 500 278
pottedplant 0.0011 368 2 508 102
pottedplant 0.0011 482 46 500 228
