bottle 0.0439 465 244 500 332
diningtable 0.0014 227 153 417 335
diningtable 0.0011 237 201 358 245
person 0.9970 305 108 501 331
person 0.9936 -3 47 255 331
person 0.9883 160 92 319 330
person 0.0758 452 10 500 152
person 0.0225 217 41 293 128
person 0.0165 362 2 433 141
person 0.0126 176 88 262 281
person 0.0080 167 82 243 213
person 0.0048 444 37 500 282
person 0.0044 0 111 16 310
person 0.0038 184 93 294 219
person 0.0032 235 104 319 215
person 0.0030 483 70 500 274
person 0.0028 211 103 439 335
person 0.0028 222 60 297 182
person 0.0020 0 122 24 224
person 0.0019 232 126 324 270
person 0.0017 471 27 501 293
person 0.0015 368 23 510 309
person 0.0015 201 62 369 276
person 0.0011 273 151 478 281
person 0.0010 491 116 500 184
