cow 0.4272 350 217 383 269
person 0.9939 111 223 142 258
person 0.9887 89 201 105 238
person 0.9445 182 222 207 261
person 0.7965 204 210 216 239
person 0.4610 141 222 168 257
person 0.4128 161 222 189 257
person 0.2478 151 211 162 229
person 0.1515 60 212 68 229
person 0.0329 118 214 125 227
person 0.0218 138 216 147 225
person 0.0210 139 213 153 227
person 0.0194 147 210 164 242
person 0.0067 178 217 193 232
person 0.0058 193 215 205 228
person 0.0057 127 218 162 257
person 0.0045 175 215 186 228
person 0.0042 117 229 138 252
person 0.0039 173 217 187 233
person 0.0035 82 203 117 237
person 0.0022 187 227 204 254
person 0.0021 175 217 199 255
person 0.0021 202 207 215 255
person 0.0018 168 215 190 240
person 0.0018 188 212 225 238
person 0.0017 191 221 215 260
person 0.0016 91 218 160 258
person 0.0014 0 196 6 286
person 0.0012 143 229 160 251
person 0.0012 130 218 197 257
person 0.0011 167 229 185 251
sheep 0.2025 353 217 381 268
sheep 0.0017 331 217 387 269
