chair 0.0011 0 270 24 377
diningtable 0.0017 55 332 442 378
person 0.9829 26 105 246 379
person 0.9743 221 82 418 371
person 0.9671 4 81 131 338
person 0.6532 400 103 501 317
person 0.6378 350 160 398 260
person 0.3176 398 141 470 248
person 0.0696 0 151 26 295
person 0.0276 -1 102 429 382
person 0.0258 124 116 166 190
person 0.0213 0 155 8 226
person 0.0187 0 155 14 184
person 0.0134 -1 141 29 220
person 0.0132 0 193 23 368
person 0.0097 0 147 47 330
person 0.0073 351 156 423 290
person 0.0046 324 65 495 370
person 0.0032 398 140 470 196
person 0.0029 133 118 164 159
person 0.0023 0 153 23 199
person 0.0022 130 125 239 353
person 0.0022 0 159 6 295
person 0.0019 378 157 506 381
person 0.0019 -152 66 270 362
person 0.0018 374 136 461 283
person 0.0018 0 160 9 190
person 0.0016 0 150 42 239
person 0.0014 485 70 499 347
person 0.0013 379 164 398 203
person 0.0012 15 86 123 220
person 0.0011 0 147 22 180
person 0.0011 398 160 498 224
person 0.0010 472 32 502 386
person 0.0010 228 141 408 299
person 0.0010 327 153 396 293
