bottle 0.0012 219 81 232 123
bottle 0.0010 184 246 201 283
chair 0.9844 0 281 63 421
chair 0.7678 172 365 378 499
chair 0.0176 273 321 374 494
chair 0.0085 220 247 374 494
chair 0.0056 162 452 341 499
chair 0.0045 0 315 16 432
chair 0.0025 189 469 370 500
chair 0.0019 90 437 347 504
chair 0.0017 0 353 66 425
chair 0.0014 0 342 8 436
chair 0.0013 -2 486 39 499
diningtable 0.0040 0 412 70 500
person 0.0742 167 247 378 497
person 0.0183 0 243 67 403
person 0.0027 -5 287 88 428
person 0.0025 230 102 376 480
person 0.0017 0 237 16 399
person 0.0011 136 75 409 503
pottedplant 0.9611 25 259 98 321
pottedplant 0.6839 120 294 162 404
pottedplant 0.4903 58 293 159 407
pottedplant 0.4808 0 227 20 280
pottedplant 0.0565 0 221 34 298
pottedplant 0.0198 60 246 131 398
pottedplant 0.0158 12 241 133 337
pottedplant 0.0126 86 299 127 401
pottedplant 0.0102 48 251 138 313
pottedplant 0.0080 5 246 71 313
pottedplant 0.0065 9 255 148 399
pottedplant 0.0063 51 315 118 397
pottedplant 0.0053 101 300 145 402
pottedplant 0.0051 0 239 17 305
pottedplant 0.0044 15 222 53 301
pottedplant 0.0037 0 225 12 270
pottedplant 0.0018 91 251 134 294
pottedplant 0.0016 86 251 130 338
pottedplant 0.0014 0 250 11 315
pottedplant 0.0013 58 258 94 326
pottedplant 0.0012 0 191 67 330
pottedplant 0.0011 2 239 17 268
pottedplant 0.0011 21 261 57 302
pottedplant 0.0011 85 227 156 415
