boat 0.9825 145 260 255 294
boat 0.9702 97 164 167 191
boat 0.9692 28 166 81 183
boat 0.9171 359 164 424 189
boat 0.7237 300 151 383 201
boat 0.0527 219 332 298 374
boat 0.0467 213 330 385 373
boat 0.0258 299 179 385 200
boat 0.0215 382 142 427 155
boat 0.0176 303 153 358 185
boat 0.0043 66 328 350 379
boat 0.0042 28 174 81 186
boat 0.0040 203 328 521 378
boat 0.0033 142 335 302 374
boat 0.0025 309 157 439 195
boat 0.0022 99 171 149 190
boat 0.0018 28 297 315 377
boat 0.0016 1 135 22 146
boat 0.0015 323 170 392 198
boat 0.0013 231 331 295 354
boat 0.0012 218 157 383 204
boat 0.0012 364 144 415 164
boat 0.0012 202 345 313 378
boat 0.0012 11 152 84 183
boat 0.0011 163 356 248 375
boat 0.0010 0 170 4 183
boat 0.0010 387 148 426 155
boat 0.0010 108 353 295 375
boat 0.0010 205 355 265 374
boat 0.0010 368 151 385 162
boat 0.0010 360 140 421 158
boat 0.0010 210 364 237 374
boat 0.0010 230 353 296 374
chair 0.0012 0 351 8 376
person 0.0203 172 253 201 277
person 0.0100 17 369 47 375
person 0.0095 272 357 291 374
person 0.0083 166 256 226 281
person 0.0078 192 173 201 189
person 0.0051 0 367 67 375
person 0.0029 199 253 211 275
person 0.0025 40 163 64 176
person 0.0014 181 255 209 281
person 0.0013 170 260 190 278
person 0.0011 -1 352 49 375
pottedplant 0.0011 450 324 498 375
