bottle 0.9945 281 208 305 284
bottle 0.6154 206 157 224 207
bottle 0.0490 230 169 248 211
bottle 0.0082 103 188 115 212
bottle 0.0043 225 174 255 242
bottle 0.0037 171 149 226 207
bottle 0.0033 203 162 234 220
bottle 0.0022 290 210 308 274
bottle 0.0021 274 225 313 270
bottle 0.0018 216 159 232 208
bottle 0.0015 202 134 235 205
car 0.0010 473 69 499 175
chair 0.7914 258 312 454 373
chair 0.1911 364 164 502 375
chair 0.0485 439 211 499 379
chair 0.0466 145 148 228 206
chair 0.0268 0 282 125 373
chair 0.0163 97 108 120 131
chair 0.0082 477 175 500 206
chair 0.0078 0 244 19 376
chair 0.0072 372 161 419 230
chair 0.0059 0 295 7 375
chair 0.0046 478 215 499 376
chair 0.0040 0 245 60 374
chair 0.0040 0 177 6 276
chair 0.0029 -9 209 138 380
chair 0.0028 -2 325 101 376
chair 0.0027 325 170 414 239
chair 0.0023 111 141 167 212
chair 0.0022 83 108 119 141
chair 0.0019 487 171 499 210
chair 0.0018 0 152 8 244
chair 0.0017 0 152 16 351
chair 0.0017 223 134 244 175
chair 0.0017 480 140 500 336
chair 0.0016 0 355 105 375
chair 0.0016 389 165 425 224
chair 0.0015 469 154 502 381
chair 0.0013 96 112 119 151
chair 0.0010 0 223 5 360
diningtable 0.9760 86 179 387 375
diningtable 0.0219 80 131 124 203
diningtable 0.0064 86 113 166 213
diningtable 0.0058 68 143 145 211
diningtable 0.0018 102 111 245 212
diningtable 0.0018 96 285 400 376
diningtable 0.0015 92 197 356 303
diningtable 0.0010 45 138 216 229
person 0.9865 -1 141 163 368
person 0.9639 114 104 168 201
person 0.9534 330 120 499 332
person 0.9493 317 142 405 241
person 0.8694 178 105 219 150
person 0.0396 6 131 93 227
person 0.0116 17 135 161 235
person 0.0102 377 119 493 272
person 0.0077 0 133 13 284
person 0.0041 327 149 419 295
person 0.0034 177 103 201 139
person 0.0020 286 96 436 286
person 0.0017 0 52 23 84
person 0.0014 52 153 156 262
person 0.0014 254 148 404 271
person 0.0014 118 97 142 128
person 0.0013 141 99 181 147
person 0.0011 108 112 208 188
person 0.0011 406 120 497 213
person 0.0011 190 103 219 138
tvmonitor 0.0223 293 75 333 105
tvmonitor 0.0018 489 135 500 186
tvmonitor 0.0017 493 174 500 206
tvmonitor 0.0013 493 145 499 177
