chair 0.9538 96 189 139 234
chair 0.8039 178 189 215 235
chair 0.6188 128 190 169 236
chair 0.4619 242 184 321 227
chair 0.1983 161 194 189 234
chair 0.0690 93 187 123 229
chair 0.0680 141 190 218 235
chair 0.0444 114 189 141 229
chair 0.0070 239 180 287 223
chair 0.0057 214 200 344 288
chair 0.0055 257 185 306 217
chair 0.0054 190 199 216 236
chair 0.0035 240 182 265 218
chair 0.0025 128 194 149 233
chair 0.0020 134 184 160 192
chair 0.0019 156 185 179 193
chair 0.0018 252 184 337 266
chair 0.0018 88 195 168 239
chair 0.0012 136 191 182 226
chair 0.0011 106 200 148 236
chair 0.0011 147 165 167 186
chair 0.0011 238 181 257 210
chair 0.0010 130 164 149 187
diningtable 0.8022 95 192 200 235
diningtable 0.0068 86 187 245 245
pottedplant 0.0012 9 2 122 57
