chair 0.9782 270 226 312 294
chair 0.9778 132 225 179 290
chair 0.8416 176 225 227 293
chair 0.5579 84 226 137 278
chair 0.0364 328 226 347 282
chair 0.0236 0 243 62 270
chair 0.0174 0 223 68 268
chair 0.0172 5 224 56 251
chair 0.0119 28 226 70 259
chair 0.0109 338 196 346 276
chair 0.0103 317 223 345 290
chair 0.0090 338 229 347 298
chair 0.0012 330 156 347 291
diningtable 0.0060 47 220 248 287
diningtable 0.0039 10 220 136 262
pottedplant 0.0019 0 174 4 260
pottedplant 0.0011 0 184 2 229
sofa 0.0785 -3 271 121 318
sofa 0.0432 0 234 69 274
sofa 0.0162 3 248 121 339
sofa 0.0015 0 244 68 306
sofa 0.0013 1 285 131 444
