bottle 0.9921 313 169 349 300
bottle 0.0087 113 276 164 376
bottle 0.0039 117 279 159 315
bottle 0.0027 301 197 365 274
person 0.9945 321 78 365 128
person 0.9924 290 71 328 126
person 0.9887 297 42 499 382
person 0.9670 1 41 289 378
person 0.9073 167 41 201 94
person 0.7896 0 63 61 208
person 0.4387 45 73 101 149
person 0.1022 133 76 169 133
person 0.0196 0 72 56 343
person 0.0180 171 40 199 71
person 0.0107 0 280 23 370
person 0.0095 357 78 380 105
person 0.0058 471 51 501 366
person 0.0058 0 70 16 317
person 0.0046 29 89 56 117
person 0.0036 144 76 171 106
person 0.0036 479 35 500 210
person 0.0035 -2 59 84 268
person 0.0030 81 88 99 120
person 0.0029 366 32 505 284
person 0.0023 0 290 21 336
person 0.0022 81 43 493 387
person 0.0022 480 101 499 343
person 0.0020 163 50 201 132
person 0.0019 148 41 215 91
person 0.0018 0 201 22 361
person 0.0018 1 65 55 125
person 0.0017 447 47 499 343
person 0.0016 0 67 20 205
person 0.0014 1 281 47 372
person 0.0014 307 143 495 281
person 0.0012 0 104 8 220
person 0.0010 0 287 12 367
pottedplant 0.0319 311 9 362 83
pottedplant 0.0011 309 0 391 100
