cat 0.0030 249 0 490 95
person 0.0226 480 276 499 373
person 0.0015 308 291 497 374
pottedplant 0.9677 20 92 115 188
pottedplant 0.9567 131 105 230 196
pottedplant 0.9312 245 101 339 196
pottedplant 0.7983 359 102 454 201
pottedplant 0.5840 247 204 344 302
pottedplant 0.4686 362 192 457 291
pottedplant 0.4574 479 104 500 200
pottedplant 0.3931 132 201 228 297
pottedplant 0.2438 21 190 119 291
pottedplant 0.0380 476 187 499 288
pottedplant 0.0316 456 107 498 196
pottedplant 0.0159 453 188 500 287
pottedplant 0.0153 481 96 500 293
pottedplant 0.0141 446 93 499 270
pottedplant 0.0034 133 100 230 292
pottedplant 0.0026 440 193 500 340
pottedplant 0.0023 341 43 471 277
pottedplant 0.0021 7 67 120 305
pottedplant 0.0018 482 23 500 195
pottedplant 0.0017 70 2 274 88
pottedplant 0.0015 485 132 500 205
pottedplant 0.0014 236 70 349 305
pottedplant 0.0011 415 91 498 210
