car 0.9946 10 89 173 175
car 0.9853 106 95 312 191
car 0.9771 278 73 359 108
car 0.9667 260 93 490 215
car 0.9425 361 78 457 109
car 0.9422 0 88 65 160
car 0.6473 443 68 497 120
car 0.2124 47 63 121 99
car 0.1688 236 74 294 92
car 0.1219 484 79 499 119
car 0.0980 169 75 241 101
car 0.0657 370 79 444 98
car 0.0260 306 79 356 106
car 0.0234 0 66 13 90
car 0.0103 474 66 499 121
car 0.0082 223 75 300 104
car 0.0034 274 56 361 125
car 0.0033 441 20 500 120
car 0.0032 175 85 299 117
car 0.0031 0 69 11 107
car 0.0025 0 87 23 112
car 0.0024 52 73 157 105
car 0.0022 0 84 11 115
car 0.0021 192 74 251 93
car 0.0021 0 67 51 116
car 0.0019 361 70 456 133
car 0.0018 318 73 360 93
car 0.0018 486 69 499 108
car 0.0017 0 67 22 97
car 0.0015 0 84 8 104
car 0.0014 0 72 23 131
car 0.0014 0 84 64 123
car 0.0013 44 84 167 118
car 0.0013 0 87 49 111
car 0.0010 432 74 478 122
chair 0.9925 160 183 247 262
chair 0.0016 144 221 221 266
person 0.0013 51 74 60 92
