boat 0.8331 299 413 373 453
boat 0.7516 11 -11 305 445
boat 0.0504 36 314 100 408
boat 0.0227 317 422 379 448
boat 0.0167 369 428 375 447
boat 0.0030 368 370 375 446
boat 0.0022 0 0 145 427
boat 0.0020 354 368 375 453
boat 0.0019 309 430 375 455
boat 0.0018 292 414 350 443
boat 0.0016 251 411 341 459
boat 0.0015 355 431 375 444
boat 0.0013 370 411 375 445
boat 0.0012 311 408 359 435
boat 0.0012 43 398 107 415
boat 0.0011 335 413 376 446
boat 0.0010 278 433 318 461
boat 0.0010 337 345 376 448
person 0.0030 156 427 170 450
person 0.0017 160 428 175 451
person 0.0014 143 424 155 447
person 0.0010 132 413 149 446
