bottle 0.9802 4 89 134 355
bottle 0.9721 194 53 310 374
bottle 0.9361 118 175 197 358
bottle 0.9285 378 61 437 136
bottle 0.7397 278 58 359 304
bottle 0.2996 222 55 298 223
bottle 0.2353 426 75 441 134
bottle 0.1058 418 62 445 134
bottle 0.0442 301 42 363 230
bottle 0.0368 88 84 123 189
bottle 0.0262 298 113 362 359
bottle 0.0260 181 194 305 368
bottle 0.0224 260 41 398 336
bottle 0.0169 52 108 215 380
bottle 0.0093 319 109 496 381
bottle 0.0073 257 58 298 184
bottle 0.0051 54 52 441 374
bottle 0.0030 99 71 195 232
bottle 0.0028 491 78 500 145
bottle 0.0025 379 66 395 113
bottle 0.0025 312 302 353 374
bottle 0.0021 0 154 16 321
bottle 0.0020 236 57 288 162
bottle 0.0019 485 65 500 323
bottle 0.0016 77 85 134 215
bottle 0.0015 0 195 6 301
bottle 0.0015 481 247 500 373
bottle 0.0014 187 80 313 239
bottle 0.0013 313 55 362 160
bottle 0.0011 0 160 6 264
bottle 0.0011 294 114 334 275
bottle 0.0011 -126 81 240 399
bottle 0.0011 442 30 500 359
bottle 0.0010 377 51 443 189
diningtable 0.0011 113 286 389 375
person 0.0159 436 15 500 140
person 0.0125 -1 -3 200 206
person 0.0092 268 2 468 96
person 0.0046 280 -4 519 144
person 0.0032 481 19 500 138
person 0.0011 0 -14 54 230
person 0.0010 442 0 499 73
