bottle 0.0025 445 270 496 335
chair 0.9278 260 150 484 333
chair 0.4473 110 202 448 332
chair 0.0675 402 167 500 335
chair 0.0183 104 257 397 336
chair 0.0159 113 99 390 332
chair 0.0021 70 290 357 337
chair 0.0016 159 132 569 348
chair 0.0015 84 190 134 259
chair 0.0014 479 167 499 335
chair 0.0012 439 115 501 312
chair 0.0012 277 218 392 333
chair 0.0011 446 249 498 332
person 0.9852 287 79 437 319
person 0.9682 211 70 298 229
person 0.9583 179 91 223 171
person 0.9326 25 76 97 269
person 0.8973 83 114 140 260
person 0.8815 115 203 374 332
person 0.0881 89 107 126 217
person 0.0332 181 86 225 238
person 0.0250 141 118 159 168
person 0.0186 229 71 284 149
person 0.0128 44 100 125 269
person 0.0069 98 112 145 212
person 0.0064 177 63 395 328
person 0.0052 172 84 560 348
person 0.0052 31 80 69 215
person 0.0023 167 144 180 161
person 0.0018 182 85 255 183
person 0.0017 133 114 158 206
person 0.0017 116 218 204 331
person 0.0015 97 109 121 141
person 0.0015 0 92 6 183
person 0.0014 231 73 257 101
person 0.0011 256 120 416 264
person 0.0011 180 45 324 246
