bus 0.9723 0 159 78 195
bus 0.0506 432 148 472 195
bus 0.0024 485 186 499 316
bus 0.0023 240 167 483 322
bus 0.0018 -7 132 79 217
bus 0.0010 254 178 468 264
car 0.9948 258 306 370 334
car 0.8421 42 179 75 198
car 0.0383 411 194 448 211
car 0.0119 475 151 491 160
car 0.0113 494 140 499 162
car 0.0105 462 149 487 161
car 0.0090 281 302 422 333
car 0.0068 409 149 423 163
car 0.0055 493 133 499 156
car 0.0040 473 145 495 158
car 0.0038 492 137 499 177
car 0.0028 51 177 75 192
car 0.0028 494 151 499 176
car 0.0025 14 178 73 197
car 0.0021 60 181 77 196
car 0.0016 263 310 326 335
car 0.0016 459 163 476 192
car 0.0015 460 143 494 161
car 0.0012 462 168 474 187
car 0.0011 489 325 499 335
person 0.0065 492 271 499 327
person 0.0064 309 245 316 263
person 0.0030 493 277 499 307
person 0.0016 482 237 500 341
person 0.0013 411 169 419 186
tvmonitor 0.0019 487 215 499 292
