bottle 0.0756 150 37 164 85
chair 0.0937 237 231 372 505
chair 0.0159 301 190 374 486
chair 0.0063 0 401 37 501
chair 0.0052 0 385 136 502
chair 0.0035 352 2 374 94
chair 0.0030 0 325 44 502
chair 0.0025 360 219 375 493
chair 0.0021 329 245 376 505
chair 0.0020 303 1 374 86
chair 0.0019 227 376 376 499
chair 0.0018 -1 438 99 502
chair 0.0016 353 30 374 139
chair 0.0013 351 164 377 510
diningtable 0.9633 0 57 373 517
diningtable 0.0024 17 67 361 283
person 0.0015 232 72 373 511
person 0.0011 0 160 142 499
person 0.0010 0 130 12 426
tvmonitor 0.6158 1 -3 126 196
tvmonitor 0.0012 1 101 133 240
