bus 0.9869 29 115 481 250
bus 0.0081 320 130 494 240
bus 0.0041 409 115 495 242
bus 0.0040 481 110 500 220
bus 0.0031 487 121 499 188
bus 0.0017 4 126 42 205
car 0.1100 477 191 499 233
car 0.0127 493 170 500 195
car 0.0100 487 188 499 236
car 0.0031 494 175 500 204
car 0.0029 488 160 499 194
car 0.0023 475 157 500 236
car 0.0018 489 171 499 225
car 0.0018 490 157 499 183
car 0.0013 433 185 503 234
car 0.0010 481 168 495 186
person 0.8114 347 135 401 224
person 0.3055 16 170 31 213
person 0.0778 0 171 12 208
person 0.0050 4 169 22 210
person 0.0024 349 130 399 181
person 0.0022 25 167 38 214
person 0.0018 339 134 384 200
person 0.0017 342 133 436 249
person 0.0015 0 183 7 211
