bottle 0.0058 380 0 395 9
bottle 0.0035 371 0 384 8
bottle 0.0019 366 0 379 6
chair 0.9398 86 75 269 352
chair 0.2583 174 76 394 311
chair 0.0440 172 70 272 288
chair 0.0403 320 76 392 277
chair 0.0354 73 69 172 318
chair 0.0296 255 78 337 276
chair 0.0215 96 142 257 288
chair 0.0200 324 71 395 119
chair 0.0162 -15 51 365 375
chair 0.0096 270 82 318 115
chair 0.0068 110 110 214 335
chair 0.0041 268 88 319 183
chair 0.0033 212 77 305 281
chair 0.0025 112 175 305 309
chair 0.0024 190 122 291 322
chair 0.0022 285 139 389 308
chair 0.0021 254 55 400 271
chair 0.0013 248 83 317 223
chair 0.0011 63 80 119 306
diningtable 0.8955 90 89 404 348
diningtable 0.0071 126 153 372 283
diningtable 0.0010 222 117 423 362
tvmonitor 0.0053 76 0 210 91
