car 0.0013 234 73 279 108
chair 0.0010 283 0 301 11
horse 0.0524 165 265 252 485
horse 0.0060 192 320 253 497
person 0.9978 139 152 251 318
person 0.9949 247 341 333 497
person 0.9689 22 0 58 60
person 0.9127 0 0 17 44
person 0.8249 341 0 374 40
person 0.0276 138 0 157 7
person 0.0225 -1 0 53 56
person 0.0083 0 3 11 40
person 0.0067 134 0 149 6
person 0.0058 368 0 375 28
person 0.0058 332 323 374 501
person 0.0030 324 0 363 32
person 0.0030 41 4 61 58
person 0.0027 355 0 374 11
person 0.0026 365 0 374 44
person 0.0022 367 0 375 13
person 0.0022 337 -1 374 93
person 0.0021 0 16 10 47
person 0.0017 5 0 27 46
person 0.0013 339 0 375 15
person 0.0013 339 0 359 9
person 0.0011 348 8 365 33
person 0.0010 332 0 353 8
person 0.0010 305 0 348 25
person 0.0010 306 1 375 48
person 0.0010 0 5 16 167
pottedplant 0.4895 184 405 304 499
pottedplant 0.0380 335 433 374 500
pottedplant 0.0107 3 373 189 501
pottedplant 0.0104 183 477 228 499
pottedplant 0.0060 0 475 35 498
pottedplant 0.0055 367 473 375 501
pottedplant 0.0035 355 451 375 500
pottedplant 0.0029 365 448 375 501
pottedplant 0.0028 355 484 374 500
pottedplant 0.0023 338 472 374 499
pottedplant 0.0019 1 440 128 499
pottedplant 0.0018 4 483 44 500
pottedplant 0.0013 11 305 238 507
pottedplant 0.0011 221 428 309 501
pottedplant 0.0010 195 485 227 499
