chair 0.9772 84 203 195 328
chair 0.8833 291 168 368 256
chair 0.3140 399 270 501 333
chair 0.0627 438 185 499 313
chair 0.0425 308 267 501 332
chair 0.0322 408 223 500 327
chair 0.0246 0 195 25 328
chair 0.0098 445 255 501 324
chair 0.0062 300 296 489 333
chair 0.0057 77 167 258 330
chair 0.0043 72 210 150 333
chair 0.0034 0 236 18 338
chair 0.0023 0 243 6 339
chair 0.0022 227 191 248 222
chair 0.0021 471 249 500 329
chair 0.0019 0 200 8 267
chair 0.0013 267 312 482 333
chair 0.0012 1 207 42 316
chair 0.0011 471 187 500 311
chair 0.0010 299 204 364 265
diningtable 0.6348 138 222 373 332
diningtable 0.0795 -2 186 36 261
diningtable 0.0132 -5 180 35 319
diningtable 0.0017 0 158 32 241
person 0.0010 480 78 500 266
pottedplant 0.0405 220 144 295 230
pottedplant 0.0192 479 22 499 119
pottedplant 0.0036 477 48 499 192
pottedplant 0.0021 477 59 499 110
pottedplant 0.0019 486 46 500 113
pottedplant 0.0018 220 223 304 274
pottedplant 0.0014 248 -7 408 238
pottedplant 0.0010 378 9 504 274
