bottle 0.9235 30 271 68 333
bottle 0.8402 177 301 203 332
bottle 0.4906 161 311 188 332
bottle 0.4459 243 314 286 333
bottle 0.2165 3 270 39 334
bottle 0.1479 70 310 97 332
bottle 0.0797 91 310 132 332
bottle 0.0526 0 300 24 331
bottle 0.0404 116 302 142 332
bottle 0.0345 2 301 43 332
bottle 0.0322 107 302 133 333
bottle 0.0259 91 305 113 331
bottle 0.0201 75 302 174 331
bottle 0.0162 146 312 170 332
bottle 0.0158 0 314 9 332
bottle 0.0141 14 290 81 330
bottle 0.0103 280 326 363 332
bottle 0.0096 161 299 243 332
bottle 0.0085 32 302 74 332
bottle 0.0068 101 313 121 331
bottle 0.0065 316 326 348 332
bottle 0.0064 139 317 162 332
bottle 0.0063 0 245 5 323
bottle 0.0060 106 311 151 332
bottle 0.0059 176 309 217 333
bottle 0.0054 125 311 148 332
bottle 0.0050 32 265 55 315
bottle 0.0048 289 329 335 333
bottle 0.0041 135 324 164 332
bottle 0.0039 0 292 13 331
bottle 0.0038 49 309 75 332
bottle 0.0037 162 324 190 332
bottle 0.0035 304 325 377 333
bottle 0.0033 137 306 181 332
bottle 0.0033 0 251 3 291
bottle 0.0031 125 324 150 332
bottle 0.0031 0 309 13 334
bottle 0.0029 155 324 181 332
bottle 0.0027 2 314 22 331
bottle 0.0026 111 301 214 330
bottle 0.0025 253 315 331 333
bottle 0.0023 245 322 319 333
bottle 0.0023 -1 312 34 332
bottle 0.0021 204 316 287 332
bottle 0.0021 18 310 43 332
bottle 0.0020 66 324 98 332
bottle 0.0018 179 313 197 331
bottle 0.0018 0 324 25 332
bottle 0.0018 102 324 135 332
bottle 0.0016 166 316 352 333
bottle 0.0016 151 309 167 327
bottle 0.0014 250 323 280 332
bottle 0.0013 0 265 8 329
bottle 0.0013 -9 310 107 335
bottle 0.0012 106 315 131 331
bottle 0.0012 12 258 84 342
bottle 0.0011 158 309 179 327
bottle 0.0010 58 305 80 331
bottle 0.0010 192 300 217 332
diningtable 0.0015 44 310 205 333
diningtable 0.0010 45 298 375 336
person 0.9972 5 92 167 326
person 0.9966 304 65 500 330
person 0.0109 310 126 496 261
person 0.0014 8 73 88 325
person 0.0010 407 89 498 333
tvmonitor 0.0108 7 0 494 282
