bicycle 0.9318 374 234 415 303
bicycle 0.0080 361 227 403 303
bicycle 0.0016 389 245 410 301
bus 0.8945 -2 144 133 291
bus 0.8813 408 145 499 304
bus 0.6182 207 149 318 298
bus 0.0217 363 146 412 223
bus 0.0080 113 152 140 242
bus 0.0024 0 197 124 251
bus 0.0021 69 146 140 253
bus 0.0020 370 90 511 304
bus 0.0014 351 153 361 200
bus 0.0012 206 196 320 251
bus 0.0012 0 157 20 269
bus 0.0012 -186 92 304 344
bus 0.0010 479 151 499 298
bus 0.0010 403 187 501 239
car 0.8940 159 168 214 241
car 0.0098 0 163 104 308
car 0.0049 394 189 407 207
car 0.0023 0 176 5 255
car 0.0019 0 198 19 305
car 0.0018 0 190 3 228
car 0.0016 0 201 8 269
car 0.0013 0 226 9 296
car 0.0010 392 185 409 211
car 0.0010 0 204 3 241
person 0.9543 368 184 410 297
person 0.0077 15 186 28 197
person 0.0028 363 179 396 279
person 0.0024 356 202 424 276
person 0.0023 354 177 359 202
person 0.0018 493 234 499 300
person 0.0012 24 185 39 197
