car 0.9940 33 244 350 438
car 0.0141 0 277 5 309
car 0.0044 0 263 4 303
car 0.0022 0 276 7 327
car 0.0013 368 236 374 256
car 0.0010 50 246 322 346
car 0.0010 12 213 364 588
car 0.0010 192 289 355 431
person 0.9963 312 256 348 325
person 0.9953 279 249 309 339
person 0.9721 349 249 374 413
person 0.0814 345 243 358 286
person 0.0629 316 244 325 261
person 0.0106 336 245 349 284
person 0.0103 370 229 374 431
person 0.0087 112 263 141 287
person 0.0074 326 246 341 264
person 0.0067 339 246 348 266
person 0.0063 139 268 153 285
person 0.0062 360 245 369 266
person 0.0055 347 244 357 267
person 0.0036 272 245 318 385
person 0.0036 322 245 336 262
person 0.0031 367 243 375 265
person 0.0024 281 251 310 299
person 0.0020 312 244 326 281
person 0.0017 331 259 348 326
person 0.0012 356 243 372 283
person 0.0010 338 284 390 382
