bottle 0.0051 307 81 315 94
bottle 0.0013 129 239 284 244
bottle 0.0010 107 185 142 241
chair 0.9484 363 68 415 126
chair 0.8802 322 71 375 158
chair 0.1561 169 64 202 116
chair 0.0472 365 23 412 133
chair 0.0332 482 83 500 170
chair 0.0244 334 70 375 113
chair 0.0234 1 77 87 231
chair 0.0204 315 65 354 129
chair 0.0083 487 108 499 160
chair 0.0056 393 70 418 125
chair 0.0041 407 40 496 215
chair 0.0038 207 64 230 79
chair 0.0028 491 70 500 131
chair 0.0027 200 77 229 96
chair 0.0024 171 71 197 103
chair 0.0023 319 73 389 123
chair 0.0020 346 69 374 94
chair 0.0019 336 69 411 143
chair 0.0013 374 214 492 245
chair 0.0012 279 71 364 160
diningtable 0.0487 55 218 444 245
diningtable 0.0260 64 232 339 244
diningtable 0.0120 -15 216 286 244
diningtable 0.0078 -3 199 346 243
diningtable 0.0029 117 222 324 244
diningtable 0.0027 168 233 426 245
diningtable 0.0020 116 198 462 243
diningtable 0.0019 -25 231 238 245
diningtable 0.0011 220 217 505 245
person 0.9927 108 13 370 239
person 0.9588 313 55 343 106
person 0.8014 304 51 320 85
person 0.5699 183 40 210 83
person 0.3475 303 52 330 94
person 0.1657 186 41 206 67
person 0.0489 172 39 206 102
person 0.0201 489 52 499 93
person 0.0195 197 39 219 69
person 0.0050 491 65 499 107
person 0.0049 192 45 213 80
person 0.0047 310 54 330 83
person 0.0046 308 52 318 73
person 0.0039 483 34 499 145
person 0.0034 150 29 212 114
person 0.0022 189 45 202 63
person 0.0016 310 51 357 127
person 0.0011 306 64 321 98
person 0.0011 492 66 499 89
person 0.0010 295 51 315 84
pottedplant 0.7800 119 -2 198 107
pottedplant 0.5013 368 20 416 119
pottedplant 0.0430 111 23 188 155
pottedplant 0.0395 204 39 224 68
pottedplant 0.0059 201 41 231 78
pottedplant 0.0049 70 -4 208 139
pottedplant 0.0012 338 5 369 80
pottedplant 0.0010 165 -2 240 86
pottedplant 0.0010 168 20 203 86
tvmonitor 0.1975 1 63 88 229
