boat 0.1031 -2 125 375 441
boat 0.0123 23 305 350 421
boat 0.0047 0 129 6 186
person 0.9772 161 135 231 420
person 0.9116 262 160 278 187
person 0.6906 345 161 356 188
person 0.6772 354 161 363 188
person 0.6616 125 150 142 179
person 0.6025 233 161 245 186
person 0.4819 111 147 270 417
person 0.3649 34 152 45 180
person 0.0633 53 158 68 180
person 0.0431 0 166 4 185
person 0.0126 100 168 110 180
person 0.0078 336 160 363 189
person 0.0045 371 161 375 190
person 0.0036 228 160 254 187
person 0.0031 26 150 52 182
person 0.0030 0 156 5 237
person 0.0029 60 159 74 181
person 0.0026 269 160 280 181
person 0.0023 0 141 6 191
person 0.0021 249 210 265 225
person 0.0019 350 157 365 187
person 0.0017 164 119 224 292
person 0.0017 167 164 175 179
person 0.0014 0 140 12 302
person 0.0013 0 166 3 204
person 0.0012 368 150 375 201
person 0.0011 123 153 134 178
person 0.0011 248 210 267 237
person 0.0011 211 164 223 184
person 0.0010 0 177 16 417
person 0.0010 46 107 383 458
