bus 0.9836 36 82 391 340
bus 0.0116 21 172 64 271
bus 0.0058 26 162 104 285
bus 0.0039 10 170 54 250
bus 0.0019 1 165 60 309
bus 0.0017 53 157 307 269
bus 0.0016 11 189 85 255
bus 0.0011 62 154 148 292
bus 0.0011 12 161 170 270
bus 0.0011 43 174 86 271
bus 0.0010 -1 159 23 261
person 0.9956 0 212 54 349
person 0.7676 257 137 297 217
person 0.0207 58 234 72 279
person 0.0065 0 210 22 351
person 0.0028 0 206 5 362
person 0.0025 237 170 254 185
person 0.0020 225 168 240 184
person 0.0011 238 138 318 201
