bottle 0.0014 245 109 276 184
car 0.0010 491 250 499 304
horse 0.9862 140 191 197 255
horse 0.9665 269 183 405 279
horse 0.8536 43 207 74 256
horse 0.1670 110 198 143 252
horse 0.1131 74 213 93 248
horse 0.1070 120 193 158 256
horse 0.0823 108 202 129 252
horse 0.0605 75 203 108 249
horse 0.0203 90 210 108 251
horse 0.0033 46 189 73 236
horse 0.0026 84 208 117 255
horse 0.0014 102 209 120 253
horse 0.0014 113 207 180 254
horse 0.0011 125 195 149 232
horse 0.0010 124 217 149 257
person 0.9870 315 163 351 240
person 0.9320 124 175 147 209
person 0.6212 150 176 169 203
person 0.5647 46 180 73 211
person 0.3334 44 182 74 236
person 0.0427 143 180 190 246
person 0.0270 148 180 167 233
person 0.0247 304 162 368 257
person 0.0058 144 176 177 224
person 0.0044 125 185 148 228
person 0.0041 320 162 346 201
person 0.0029 140 178 159 208
person 0.0028 127 178 145 200
person 0.0011 143 183 155 202
