bottle 0.0026 124 120 138 166
diningtable 0.0197 37 247 237 333
diningtable 0.0019 75 253 425 332
person 0.9665 265 10 452 331
person 0.9542 158 100 286 243
person 0.6715 452 22 498 325
person 0.5257 254 63 314 207
person 0.5066 0 50 119 327
person 0.4865 71 165 137 285
person 0.1004 96 166 139 251
person 0.0341 207 92 305 253
person 0.0134 195 64 393 320
person 0.0118 8 70 118 198
person 0.0068 154 164 214 237
person 0.0057 148 109 224 235
person 0.0053 225 35 576 344
person 0.0052 259 75 331 265
person 0.0051 -1 36 61 284
person 0.0030 26 157 115 316
person 0.0021 46 132 131 269
person 0.0018 320 25 426 269
person 0.0015 73 80 291 258
person 0.0013 415 47 495 300
person 0.0013 104 162 140 215
person 0.0012 479 46 499 323
person 0.0010 254 62 309 131
tvmonitor 0.0012 161 158 187 180
