bottle 0.3255 260 255 327 366
bottle 0.0443 0 332 96 374
bottle 0.0023 474 337 500 376
chair 0.0025 337 214 415 376
chair 0.0017 380 226 494 368
person 0.9996 7 50 333 371
person 0.0114 403 240 498 375
person 0.0039 476 247 500 373
person 0.0033 471 301 499 375
person 0.0022 317 232 497 376
person 0.0017 453 277 500 373
person 0.0016 372 109 510 384
person 0.0014 406 51 498 339
person 0.0011 481 175 499 359
person 0.0011 150 164 346 266
tvmonitor 0.0045 315 95 384 236
tvmonitor 0.0012 -10 19 428 300
