bicycle 0.9838 23 59 453 313
bicycle 0.0384 428 26 476 77
bicycle 0.0151 182 26 404 290
bicycle 0.0064 410 26 491 130
bicycle 0.0063 420 41 478 113
bicycle 0.0042 279 18 448 298
bicycle 0.0030 376 27 500 168
bicycle 0.0026 448 14 497 84
bicycle 0.0022 327 7 488 251
bicycle 0.0016 336 9 482 138
bicycle 0.0013 433 13 501 173
bicycle 0.0011 408 25 463 103
bicycle 0.0011 442 30 473 68
car 0.0022 382 0 452 22
person 0.9411 387 8 502 369
person 0.8123 360 3 440 154
person 0.8086 257 12 327 199
person 0.2131 268 29 364 237
person 0.1269 302 9 370 206
person 0.0131 242 14 417 297
person 0.0070 450 0 500 73
person 0.0050 381 103 508 268
person 0.0043 349 55 444 181
person 0.0038 437 -16 500 316
person 0.0027 468 5 500 123
person 0.0025 269 14 616 361
person 0.0024 310 3 393 153
person 0.0024 346 0 377 7
person 0.0021 273 -7 363 140
person 0.0020 472 -8 503 398
person 0.0019 474 0 498 5
person 0.0016 297 0 374 103
person 0.0015 218 16 303 196
person 0.0015 486 29 500 359
person 0.0010 259 20 302 168
person 0.0010 243 91 357 261
pottedplant 0.0016 232 184 262 210
