bicycle 0.0014 118 159 538 386
bottle 0.0013 435 39 453 68
chair 0.6899 243 179 498 379
chair 0.1290 -5 174 139 380
chair 0.1047 0 177 50 357
chair 0.0289 442 162 501 373
chair 0.0226 0 175 47 247
chair 0.0200 0 214 22 375
chair 0.0093 372 194 496 373
chair 0.0063 478 180 500 382
chair 0.0048 0 178 29 327
chair 0.0044 0 231 93 380
chair 0.0033 478 146 499 302
chair 0.0025 -7 330 141 375
chair 0.0023 -9 285 146 374
chair 0.0021 452 168 499 279
chair 0.0015 407 125 501 321
chair 0.0010 0 246 9 366
diningtable 0.0043 23 219 394 376
person 0.2030 429 1 460 67
tvmonitor 0.9821 250 53 411 192
tvmonitor 0.0027 0 61 25 101
