aeroplane 0.9656 151 83 237 121
aeroplane 0.0454 213 232 501 374
aeroplane 0.0043 74 256 427 356
aeroplane 0.0023 63 182 437 371
bus 0.0016 0 339 25 374
car 0.6932 135 365 217 374
car 0.5565 0 366 27 374
car 0.4290 203 361 268 373
car 0.0768 179 367 214 373
car 0.0503 311 369 353 374
car 0.0460 250 362 278 373
car 0.0397 5 367 37 374
car 0.0344 301 367 362 374
car 0.0184 0 358 26 372
car 0.0172 135 366 164 374
car 0.0144 273 366 291 374
car 0.0134 261 363 284 374
car 0.0098 154 367 202 373
car 0.0095 287 367 317 374
car 0.0091 280 367 305 374
car 0.0088 -8 366 75 373
car 0.0064 118 365 182 374
car 0.0055 210 362 242 373
car 0.0054 236 358 288 373
car 0.0050 132 358 206 373
car 0.0042 307 368 338 374
car 0.0039 0 356 12 373
car 0.0032 183 364 252 373
car 0.0025 127 368 153 373
car 0.0024 0 356 47 373
car 0.0024 334 370 363 373
car 0.0022 204 365 230 373
car 0.0021 14 369 51 374
car 0.0020 273 365 331 374
car 0.0016 254 364 313 374
car 0.0011 490 353 500 374
person 0.0047 303 366 320 373
person 0.0040 79 368 102 374
person 0.0033 118 368 139 373
person 0.0033 86 352 99 373
person 0.0022 71 369 93 374
person 0.0019 88 368 111 374
person 0.0018 83 340 99 374
person 0.0014 104 369 136 374
pottedplant 0.0137 455 298 499 374
pottedplant 0.0033 458 357 471 370
