person 0.9834 233 132 264 236
person 0.0022 235 145 255 220
person 0.0018 247 138 261 227
person 0.0015 232 143 243 222
person 0.0010 232 138 259 184
pottedplant 0.7245 263 186 308 225
pottedplant 0.5447 253 122 290 177
pottedplant 0.4794 195 185 232 232
pottedplant 0.1892 392 139 434 191
pottedplant 0.0739 132 143 161 177
pottedplant 0.0596 257 129 292 230
pottedplant 0.0517 54 152 77 184
pottedplant 0.0126 167 179 186 217
pottedplant 0.0055 261 190 284 222
pottedplant 0.0047 228 0 279 23
pottedplant 0.0034 231 0 327 37
pottedplant 0.0024 135 145 158 163
pottedplant 0.0023 241 127 277 209
pottedplant 0.0021 165 181 203 233
pottedplant 0.0019 406 218 499 371
pottedplant 0.0016 137 159 154 177
pottedplant 0.0016 411 313 497 369
pottedplant 0.0014 290 186 309 226
pottedplant 0.0012 129 145 164 210
pottedplant 0.0010 171 185 185 209
pottedplant 0.0010 0 0 11 50
tvmonitor 0.0019 251 0 342 38
tvmonitor 0.0016 277 0 327 33
