car 0.0041 -1 67 96 199
car 0.0034 0 106 34 151
dog 0.0029 266 469 381 501
dog 0.0022 335 473 375 499
person 0.9962 37 95 207 495
person 0.8474 119 88 322 498
person 0.8216 0 145 18 213
person 0.7594 29 64 81 334
person 0.2354 8 145 25 211
person 0.0312 15 147 33 211
person 0.0088 0 151 10 218
person 0.0057 29 79 76 209
person 0.0049 32 92 121 345
person 0.0035 238 128 255 164
person 0.0031 47 196 199 377
person 0.0020 10 145 21 171
person 0.0018 1 131 32 207
person 0.0015 -18 148 35 210
person 0.0010 0 142 15 299
