chair 0.9858 192 141 283 249
chair 0.9021 294 174 501 375
chair 0.7230 118 148 175 301
chair 0.4875 285 148 505 264
chair 0.0860 116 147 203 251
chair 0.0724 284 158 361 265
chair 0.0481 80 147 172 327
chair 0.0177 55 145 109 175
chair 0.0126 130 176 166 326
chair 0.0116 255 143 302 216
chair 0.0083 272 145 319 211
chair 0.0076 130 140 170 156
chair 0.0045 155 141 254 252
chair 0.0035 223 130 303 149
chair 0.0034 -2 332 135 375
chair 0.0031 211 136 264 198
chair 0.0027 229 140 287 223
chair 0.0024 -3 292 136 374
chair 0.0024 278 148 358 210
chair 0.0021 119 149 241 294
chair 0.0020 0 303 51 376
chair 0.0020 232 139 318 250
chair 0.0012 300 195 408 369
chair 0.0011 402 140 499 251
chair 0.0011 223 129 267 141
chair 0.0010 158 144 207 247
diningtable 0.6607 64 151 281 266
diningtable 0.1010 40 143 294 339
diningtable 0.0115 7 142 178 349
diningtable 0.0062 131 154 351 260
diningtable 0.0032 6 100 495 391
diningtable 0.0028 38 175 229 305
pottedplant 0.0138 412 76 455 144
sofa 0.4510 284 143 508 249
