bottle 0.1631 224 129 238 176
chair 0.9977 270 137 370 288
chair 0.9936 129 149 205 273
chair 0.0506 158 145 206 250
chair 0.0057 0 240 23 377
chair 0.0056 469 176 501 389
chair 0.0050 255 143 295 244
chair 0.0049 92 173 195 301
chair 0.0037 10 176 124 303
chair 0.0021 0 238 52 374
chair 0.0021 480 165 500 340
chair 0.0014 252 130 391 354
chair 0.0013 270 172 368 244
chair 0.0013 0 149 23 297
chair 0.0011 0 143 59 306
diningtable 0.9755 14 183 186 297
diningtable 0.0047 0 241 184 373
diningtable 0.0043 12 175 231 365
diningtable 0.0017 0 207 25 356
sofa 0.0913 466 243 500 375
sofa 0.0024 455 181 498 384
tvmonitor 0.2714 439 182 476 232
