dog 0.0020 -3 230 136 273
person 0.9950 -2 99 264 276
person 0.9474 224 51 496 334
person 0.6453 0 85 59 285
person 0.1283 65 77 438 306
person 0.0432 0 83 66 189
person 0.0116 -11 90 134 291
person 0.0115 0 96 33 298
person 0.0086 484 216 500 335
person 0.0024 372 47 510 337
person 0.0024 0 150 21 296
person 0.0021 0 85 23 234
person 0.0021 492 201 499 328
person 0.0018 483 109 499 340
person 0.0017 1 158 89 286
person 0.0015 443 13 499 358
person 0.0015 472 35 501 362
sofa 0.0044 27 204 471 336
