bottle 0.0012 0 79 3 117
chair 0.0022 0 109 12 159
chair 0.0013 0 115 8 135
person 0.9995 171 123 266 299
person 0.1776 488 55 500 69
person 0.0597 454 39 475 68
person 0.0505 352 42 374 70
person 0.0261 441 48 455 69
person 0.0199 342 49 375 107
person 0.0113 469 54 485 68
person 0.0073 462 40 485 68
person 0.0061 408 50 425 70
person 0.0057 334 59 352 72
person 0.0051 490 55 500 111
person 0.0051 398 52 430 103
person 0.0040 321 55 362 108
person 0.0038 377 41 399 68
person 0.0023 458 39 474 57
person 0.0017 486 49 501 73
person 0.0016 491 45 499 66
person 0.0014 477 55 496 68
person 0.0013 448 50 497 109
person 0.0013 430 50 446 69
person 0.0012 197 118 271 250
person 0.0010 397 50 435 71
