car 0.2602 438 121 447 182
car 0.0670 434 100 448 196
car 0.0426 426 96 447 108
car 0.0416 425 97 446 116
car 0.0077 329 102 410 146
car 0.0060 405 98 444 150
car 0.0058 438 96 447 129
car 0.0044 443 105 448 132
car 0.0040 362 100 447 147
car 0.0039 418 97 448 126
car 0.0036 330 117 370 144
car 0.0035 409 110 430 144
car 0.0034 440 98 447 153
car 0.0034 426 91 447 157
car 0.0021 342 118 391 146
car 0.0021 440 96 448 116
car 0.0017 441 133 447 169
car 0.0015 327 79 455 155
car 0.0014 324 106 372 133
cow 0.9683 21 72 344 330
cow 0.0012 -11 62 122 325
person 0.2239 177 75 203 106
person 0.0775 438 110 447 179
person 0.0039 436 99 447 246
person 0.0032 0 128 15 297
person 0.0024 441 132 447 221
person 0.0016 0 121 50 302
person 0.0014 0 143 4 238
person 0.0012 216 88 236 109
