person 0.9994 248 200 315 330
person 0.9957 69 200 189 331
person 0.8582 417 177 493 326
person 0.2100 401 199 428 326
person 0.0586 431 231 498 336
person 0.0575 479 194 499 224
person 0.0361 341 198 403 329
person 0.0146 278 239 363 333
person 0.0133 379 193 394 224
person 0.0060 374 215 501 335
person 0.0042 392 192 410 224
person 0.0040 481 192 496 213
person 0.0038 489 192 499 214
person 0.0037 409 195 431 224
person 0.0035 240 218 406 337
person 0.0029 381 193 393 213
person 0.0026 415 200 448 324
person 0.0026 489 201 500 227
person 0.0020 489 193 500 250
person 0.0019 478 194 501 306
person 0.0017 377 217 388 237
person 0.0016 398 191 432 263
person 0.0014 248 200 309 255
person 0.0014 71 232 187 292
person 0.0014 250 216 275 252
person 0.0014 425 190 442 215
