bicycle 0.7690 325 26 500 317
bicycle 0.3009 196 97 357 334
bicycle 0.0136 330 106 498 231
bicycle 0.0043 237 10 567 324
bicycle 0.0041 178 111 321 225
bicycle 0.0034 249 124 343 323
bicycle 0.0021 340 72 447 275
bicycle 0.0017 67 258 276 332
bicycle 0.0014 106 55 468 332
bicycle 0.0013 307 256 498 332
bicycle 0.0011 125 29 305 308
bicycle 0.0010 111 295 219 333
motorbike 0.5594 173 94 336 332
motorbike 0.0208 350 92 503 335
motorbike 0.0044 57 54 439 334
motorbike 0.0019 208 89 315 256
motorbike 0.0012 168 96 278 248
person 0.0074 6 6 183 326
person 0.0017 -16 6 360 326
