chair 0.3383 286 218 389 374
chair 0.1474 26 170 399 371
chair 0.0147 167 226 406 376
chair 0.0026 254 222 469 376
chair 0.0023 327 215 415 376
chair 0.0021 39 282 384 378
chair 0.0014 243 220 357 371
chair 0.0013 448 351 500 375
chair 0.0011 449 327 498 374
person 0.9986 31 105 372 371
tvmonitor 0.6830 421 204 468 298
tvmonitor 0.2215 448 223 501 305
tvmonitor 0.0128 392 236 428 296
tvmonitor 0.0104 397 241 421 285
tvmonitor 0.0083 495 208 500 229
tvmonitor 0.0044 469 220 499 288
tvmonitor 0.0041 453 234 499 357
tvmonitor 0.0031 492 219 500 291
tvmonitor 0.0019 360 213 396 243
tvmonitor 0.0013 497 235 500 276
