bus 0.9373 58 -1 509 374
bus 0.0056 0 136 20 163
bus 0.0020 484 92 499 267
bus 0.0010 120 140 384 230
car 0.9807 -1 178 46 273
car 0.9768 0 158 58 226
car 0.1231 0 138 21 174
car 0.0435 0 160 64 193
car 0.0129 99 155 141 185
car 0.0124 0 253 4 344
car 0.0104 61 157 149 196
car 0.0103 83 161 137 190
car 0.0102 1 185 47 225
car 0.0078 82 151 168 188
car 0.0063 494 211 499 243
car 0.0055 0 196 51 361
car 0.0052 0 155 10 197
car 0.0052 492 176 499 248
car 0.0039 0 153 22 185
car 0.0039 0 281 2 331
car 0.0037 0 161 7 190
car 0.0036 0 134 25 194
car 0.0027 -4 113 64 220
car 0.0021 0 227 19 363
car 0.0020 111 172 169 191
car 0.0018 69 171 134 193
car 0.0017 56 154 107 185
car 0.0016 0 187 32 312
car 0.0014 93 172 144 191
car 0.0013 16 153 66 213
car 0.0012 101 149 158 177
car 0.0010 45 148 133 188
