boat 0.0040 172 92 343 125
chair 0.9692 198 161 252 221
chair 0.9685 270 128 320 209
chair 0.9242 438 125 497 207
chair 0.5891 0 272 192 373
chair 0.5284 401 179 431 264
chair 0.4022 370 133 391 174
chair 0.3068 0 178 21 247
chair 0.2682 450 160 500 225
chair 0.0814 353 123 371 154
chair 0.0553 187 132 258 228
chair 0.0469 286 128 338 205
chair 0.0398 303 293 497 374
chair 0.0359 287 129 332 164
chair 0.0336 316 128 360 174
chair 0.0221 464 129 501 206
chair 0.0198 359 331 504 375
chair 0.0181 274 242 461 376
chair 0.0175 0 144 9 191
chair 0.0151 159 161 247 227
chair 0.0137 27 333 222 375
chair 0.0090 451 179 500 265
chair 0.0076 285 330 463 374
chair 0.0074 21 353 228 374
chair 0.0073 0 177 8 204
chair 0.0068 0 165 10 217
chair 0.0054 -7 331 140 376
chair 0.0048 431 328 501 374
chair 0.0045 0 137 6 173
chair 0.0044 0 196 15 254
chair 0.0039 446 182 493 218
chair 0.0036 0 181 20 216
chair 0.0033 0 167 6 198
chair 0.0033 330 126 376 175
chair 0.0028 356 133 384 175
chair 0.0026 342 270 447 376
chair 0.0026 265 122 304 187
chair 0.0024 352 136 373 171
chair 0.0024 -13 352 148 375
chair 0.0023 253 352 459 375
chair 0.0022 403 180 428 230
chair 0.0020 0 189 18 313
chair 0.0019 361 132 396 192
chair 0.0019 41 367 237 375
chair 0.0019 172 177 199 206
chair 0.0018 282 366 459 374
chair 0.0016 327 124 370 155
chair 0.0016 478 275 500 374
chair 0.0015 41 310 169 373
chair 0.0015 287 128 333 141
chair 0.0014 355 135 369 159
chair 0.0013 175 170 195 186
chair 0.0013 476 188 499 315
chair 0.0013 248 331 389 375
chair 0.0013 370 126 405 179
chair 0.0013 430 353 501 375
chair 0.0013 400 189 422 248
chair 0.0013 51 291 277 372
chair 0.0012 424 364 507 375
chair 0.0012 0 201 10 280
chair 0.0012 403 269 499 373
chair 0.0011 104 355 298 375
chair 0.0011 12 353 92 375
chair 0.0010 159 248 248 372
chair 0.0010 449 149 518 210
chair 0.0010 451 137 500 173
chair 0.0010 109 148 132 190
diningtable 0.8308 165 185 343 378
diningtable 0.0428 187 217 474 374
diningtable 0.0366 120 151 284 276
diningtable 0.0345 280 127 356 175
diningtable 0.0127 124 105 295 218
diningtable 0.0114 49 222 385 374
diningtable 0.0095 150 273 361 376
diningtable 0.0046 292 130 377 198
diningtable 0.0035 -21 161 447 384
diningtable 0.0026 220 97 290 114
diningtable 0.0026 201 129 383 244
diningtable 0.0022 191 327 475 378
diningtable 0.0021 268 116 401 218
diningtable 0.0014 178 100 401 336
diningtable 0.0013 129 72 363 247
diningtable 0.0012 289 135 332 170
diningtable 0.0011 51 140 230 246
diningtable 0.0010 21 85 255 294
person 0.9979 18 174 245 372
person 0.9960 274 162 440 371
person 0.9041 137 103 183 148
person 0.9041 194 113 252 191
person 0.8806 214 53 256 99
person 0.8543 103 144 243 288
person 0.6917 295 130 375 232
person 0.6511 2 254 134 373
person 0.4499 372 216 500 372
person 0.3415 110 121 146 187
person 0.1495 200 101 252 151
person 0.0756 158 159 244 254
person 0.0523 106 120 185 185
person 0.0443 299 154 406 256
person 0.0220 137 103 166 137
person 0.0186 122 122 148 155
person 0.0174 307 129 361 203
person 0.0110 156 112 253 219
person 0.0070 297 145 342 239
person 0.0070 -12 174 146 373
person 0.0062 104 69 316 250
person 0.0059 437 210 499 378
person 0.0051 481 206 499 384
person 0.0044 -45 112 392 376
person 0.0043 122 107 174 166
person 0.0036 121 136 198 192
person 0.0032 132 129 233 237
person 0.0029 158 28 206 103
person 0.0027 91 165 202 334
person 0.0026 -1 241 69 373
person 0.0026 125 166 242 365
person 0.0026 92 119 557 379
person 0.0023 67 248 261 371
person 0.0023 158 172 210 244
person 0.0019 281 93 431 283
person 0.0018 127 193 240 250
person 0.0014 109 129 132 182
person 0.0012 100 140 194 253
person 0.0011 303 160 361 250
person 0.0010 211 183 340 354
