car 0.9987 169 89 263 146
car 0.9976 312 83 387 167
car 0.9903 265 89 342 147
car 0.2354 0 93 10 112
car 0.0833 24 94 57 113
car 0.0806 11 95 30 112
car 0.0115 25 98 42 114
car 0.0071 1 99 15 113
car 0.0025 38 99 58 114
car 0.0014 46 96 62 112
car 0.0011 169 66 261 183
car 0.0011 0 82 6 104
car 0.0011 -3 95 26 111
car 0.0011 250 82 387 181
car 0.0010 169 98 222 143
motorbike 0.8969 5 169 382 485
motorbike 0.7053 -3 150 270 346
motorbike 0.3491 12 154 244 269
motorbike 0.0375 46 223 334 347
motorbike 0.0056 103 285 398 509
motorbike 0.0031 26 255 307 385
motorbike 0.0028 45 287 345 442
motorbike 0.0025 -12 56 337 364
motorbike 0.0015 -6 176 163 308
motorbike 0.0014 -18 100 182 326
motorbike 0.0013 0 133 14 348
motorbike 0.0011 126 192 316 309
motorbike 0.0010 -9 207 224 444
person 0.9946 48 73 146 200
person 0.0079 37 22 162 244
person 0.0052 126 90 137 110
