car 0.0012 215 232 253 260
chair 0.7850 9 400 88 501
chair 0.3014 0 436 50 498
chair 0.1134 31 436 90 498
chair 0.0450 327 313 373 478
chair 0.0119 132 306 250 492
chair 0.0094 158 299 228 368
chair 0.0092 74 473 256 499
chair 0.0091 157 298 229 453
chair 0.0078 37 473 177 499
chair 0.0074 277 337 319 456
chair 0.0069 358 334 374 492
chair 0.0029 360 231 375 441
chair 0.0023 43 485 137 499
chair 0.0023 77 448 296 501
chair 0.0022 322 348 359 469
chair 0.0021 -3 490 39 500
chair 0.0017 -1 491 23 500
chair 0.0017 8 460 91 504
chair 0.0014 214 295 264 488
chair 0.0013 15 468 63 500
chair 0.0013 326 242 375 435
chair 0.0013 40 449 147 499
chair 0.0010 0 323 6 360
diningtable 0.0043 -4 415 98 512
diningtable 0.0022 -1 389 81 484
diningtable 0.0018 234 287 372 453
diningtable 0.0017 -2 335 96 500
diningtable 0.0010 158 294 331 444
person 0.0012 362 184 374 373
pottedplant 0.0014 0 282 6 362
tvmonitor 0.0190 366 207 375 283
tvmonitor 0.0126 0 127 29 166
tvmonitor 0.0016 31 270 65 299
tvmonitor 0.0015 362 175 375 305
