bicycle 0.0011 88 210 130 235
bus 0.9833 166 123 380 226
bus 0.9793 79 148 144 194
bus 0.9574 369 44 497 272
bus 0.0970 144 157 158 193
bus 0.0125 44 140 85 183
bus 0.0112 148 149 163 193
bus 0.0112 71 133 151 210
bus 0.0060 147 148 179 197
bus 0.0040 146 159 155 181
bus 0.0025 95 100 351 236
bus 0.0020 234 9 652 275
bus 0.0020 337 135 493 251
bus 0.0019 154 147 202 200
bus 0.0016 46 149 73 175
bus 0.0015 32 148 104 191
bus 0.0012 46 158 64 180
bus 0.0012 80 149 102 190
bus 0.0011 126 142 315 228
car 0.6043 450 215 499 328
car 0.0287 0 168 7 186
car 0.0149 143 173 157 193
car 0.0026 46 160 61 176
car 0.0024 1 174 21 188
car 0.0019 0 171 9 205
car 0.0018 0 158 5 182
car 0.0011 0 175 24 199
person 0.1924 53 176 63 197
person 0.0067 48 168 62 198
person 0.0052 411 162 440 192
person 0.0013 47 165 56 184
person 0.0012 476 163 499 201
person 0.0010 487 158 500 206
