car 0.0012 0 203 8 279
chair 0.9908 190 288 247 370
chair 0.9810 388 279 430 350
chair 0.9542 450 285 494 352
chair 0.6768 417 279 462 348
chair 0.6096 141 293 196 374
chair 0.4500 27 292 82 359
chair 0.3601 0 298 22 374
chair 0.0535 471 271 498 352
chair 0.0387 489 282 500 345
chair 0.0076 0 308 13 374
chair 0.0071 480 242 500 350
chair 0.0070 491 302 499 352
chair 0.0042 60 293 82 349
chair 0.0032 494 319 500 350
chair 0.0032 3 300 43 373
chair 0.0031 487 261 500 321
chair 0.0020 381 273 448 365
chair 0.0012 458 305 489 350
chair 0.0011 493 294 500 333
diningtable 0.0376 392 279 468 348
diningtable 0.0012 372 267 503 351
person 0.0086 0 196 6 215
person 0.0021 321 234 336 293
person 0.0014 0 211 6 300
person 0.0013 0 222 17 369
pottedplant 0.8413 45 342 96 376
pottedplant 0.7962 83 306 134 360
pottedplant 0.1102 94 310 122 356
pottedplant 0.0428 26 294 77 373
pottedplant 0.0427 128 219 162 290
pottedplant 0.0424 249 258 278 292
pottedplant 0.0300 118 305 143 352
pottedplant 0.0292 483 244 499 295
pottedplant 0.0090 68 231 100 301
pottedplant 0.0074 85 233 125 300
pottedplant 0.0070 482 228 500 334
pottedplant 0.0068 263 258 284 292
pottedplant 0.0045 68 226 88 269
pottedplant 0.0042 34 347 128 377
pottedplant 0.0040 25 310 46 360
pottedplant 0.0039 65 252 83 300
pottedplant 0.0031 68 290 148 381
pottedplant 0.0026 102 245 121 295
pottedplant 0.0026 248 285 258 294
pottedplant 0.0023 293 232 340 302
pottedplant 0.0021 70 319 95 351
pottedplant 0.0018 29 315 72 352
pottedplant 0.0018 78 280 135 348
pottedplant 0.0016 107 306 134 351
pottedplant 0.0015 270 278 284 293
pottedplant 0.0015 126 311 146 358
pottedplant 0.0014 45 348 67 375
pottedplant 0.0014 69 294 108 357
pottedplant 0.0014 477 259 499 309
pottedplant 0.0013 352 277 371 292
pottedplant 0.0013 110 218 147 288
pottedplant 0.0012 42 297 141 355
pottedplant 0.0012 131 235 151 289
pottedplant 0.0011 351 263 372 292
pottedplant 0.0011 46 361 96 376
pottedplant 0.0011 68 218 146 344
pottedplant 0.0010 66 236 146 297
pottedplant 0.0010 484 225 500 272
