diningtable 0.2671 0 126 500 284
diningtable 0.0128 10 213 495 281
diningtable 0.0067 53 171 448 246
diningtable 0.0024 107 151 393 221
diningtable 0.0010 237 219 494 280
person 0.9983 221 43 378 238
person 0.9957 21 53 141 191
person 0.9928 109 31 245 221
person 0.9808 430 63 485 121
person 0.9760 331 29 500 262
person 0.0091 436 63 500 162
person 0.0068 0 74 22 152
person 0.0062 447 50 499 263
person 0.0055 333 99 498 217
person 0.0039 0 65 8 124
person 0.0026 0 69 5 152
person 0.0026 -1 56 101 172
person 0.0025 1 82 44 143
person 0.0020 482 73 499 260
person 0.0015 83 37 497 243
person 0.0014 492 78 499 142
person 0.0012 0 68 12 99
person 0.0010 -30 19 378 226
person 0.0010 238 40 567 275
