chair 0.2296 36 6 314 221
chair 0.2047 0 -1 127 228
chair 0.0212 113 93 390 334
chair 0.0109 79 -10 336 144
chair 0.0055 0 -18 90 162
chair 0.0037 10 -2 179 76
chair 0.0029 6 14 170 159
chair 0.0028 316 52 400 164
chair 0.0023 137 0 228 41
chair 0.0018 64 4 146 186
chair 0.0018 137 10 431 272
chair 0.0014 62 57 287 168
chair 0.0012 -1 0 93 40
chair 0.0012 51 0 157 41
diningtable 0.0417 -19 -2 370 284
diningtable 0.0281 6 -6 337 140
diningtable 0.0017 309 146 495 336
diningtable 0.0015 15 0 328 73
dog 0.0023 319 54 397 110
person 0.9942 109 32 386 335
person 0.0301 443 0 500 165
person 0.0049 412 3 498 210
person 0.0046 475 2 499 163
person 0.0042 443 20 499 326
person 0.0042 444 0 499 60
person 0.0041 485 42 499 302
person 0.0032 474 18 500 327
person 0.0023 210 53 439 327
person 0.0012 372 17 507 317
person 0.0010 -43 31 318 349
