bottle 0.0062 389 41 403 83
chair 0.2860 23 60 212 187
chair 0.0154 0 64 53 210
chair 0.0080 -4 65 135 207
chair 0.0071 0 25 25 69
chair 0.0048 39 28 68 68
chair 0.0042 0 64 23 209
chair 0.0032 103 15 220 141
chair 0.0025 0 17 14 63
chair 0.0022 0 34 46 69
chair 0.0014 446 68 500 350
chair 0.0012 330 -1 382 75
chair 0.0012 482 88 499 329
chair 0.0011 477 250 499 370
chair 0.0010 17 34 68 69
chair 0.0010 2 39 195 333
diningtable 0.0048 0 26 66 70
person 0.0049 406 -2 497 106
person 0.0021 450 0 497 46
person 0.0012 436 -3 501 161
sofa 0.9778 192 63 490 321
sofa 0.6532 1 61 204 187
sofa 0.2051 92 12 227 92
sofa 0.0025 0 88 499 401
tvmonitor 0.0042 76 0 107 10
tvmonitor 0.0034 73 0 109 19
