bus 0.9447 134 130 345 343
bus 0.9249 77 175 128 260
bus 0.1744 0 128 21 261
bus 0.0726 0 191 21 245
bus 0.0363 57 187 79 236
bus 0.0178 10 194 45 257
bus 0.0136 24 193 63 252
bus 0.0098 13 189 84 235
bus 0.0077 74 171 167 267
bus 0.0052 48 189 82 248
bus 0.0030 0 196 11 254
bus 0.0022 8 155 88 264
bus 0.0018 93 170 143 252
bus 0.0018 49 114 453 366
bus 0.0016 -27 198 49 246
bus 0.0016 -4 82 25 280
bus 0.0015 0 161 12 247
bus 0.0014 127 145 240 304
bus 0.0013 99 159 189 283
bus 0.0012 26 193 105 245
bus 0.0012 39 191 63 232
bus 0.0010 179 170 382 316
car 0.6378 324 197 501 286
car 0.4925 478 239 500 324
car 0.0203 487 248 499 321
car 0.0098 408 209 484 328
car 0.0083 452 229 496 302
car 0.0027 341 189 522 353
car 0.0018 478 240 498 285
car 0.0014 399 234 495 296
person 0.9920 412 203 452 336
person 0.6697 12 218 31 263
person 0.5240 28 207 42 264
person 0.2109 459 74 477 109
person 0.1149 17 206 48 264
person 0.0305 488 231 500 293
person 0.0271 32 207 50 263
person 0.0099 396 228 469 307
person 0.0036 403 210 436 326
person 0.0033 461 74 476 93
person 0.0031 0 228 5 253
person 0.0025 478 230 499 282
person 0.0021 429 19 440 42
person 0.0016 430 220 468 312
person 0.0014 4 221 44 261
person 0.0013 16 224 27 257
person 0.0012 5 209 24 258
person 0.0012 452 68 487 120
person 0.0012 480 177 499 301
person 0.0011 255 184 274 211
