car 0.9993 114 230 226 284
car 0.9987 44 231 156 282
car 0.9980 1 218 110 276
car 0.9977 191 231 304 292
car 0.9471 310 228 356 258
car 0.9453 453 229 493 300
car 0.5788 262 220 319 253
car 0.0759 0 223 43 259
car 0.0572 0 229 28 266
car 0.0354 472 221 498 312
car 0.0181 28 221 139 266
car 0.0105 0 228 12 267
car 0.0070 342 228 360 256
car 0.0047 37 224 233 279
car 0.0038 0 220 6 249
car 0.0034 456 243 482 294
car 0.0026 310 234 331 257
car 0.0020 487 227 499 312
car 0.0019 308 236 321 257
car 0.0017 0 227 8 256
car 0.0017 0 227 7 297
car 0.0013 0 220 62 248
car 0.0012 350 226 362 257
car 0.0011 0 238 5 271
car 0.0011 441 240 529 294
car 0.0011 56 234 145 264
car 0.0010 0 203 7 253
car 0.0010 149 223 204 243
car 0.0010 0 244 4 280
car 0.0010 446 199 499 309
