chair 0.2361 200 93 295 197
chair 0.0120 418 66 480 199
chair 0.0100 433 296 480 358
chair 0.0030 461 95 480 222
chair 0.0017 450 308 480 362
chair 0.0015 463 56 480 181
chair 0.0011 471 296 480 360
person 0.1659 152 310 405 363
person 0.0024 154 337 381 360
person 0.0013 226 297 384 355
person 0.0012 146 320 316 359
pottedplant 0.9963 264 48 352 108
pottedplant 0.9253 348 130 404 197
pottedplant 0.7520 0 75 54 272
pottedplant 0.6264 70 39 119 197
pottedplant 0.5848 7 48 34 85
pottedplant 0.5742 -1 293 51 355
pottedplant 0.5717 10 270 177 359
pottedplant 0.5174 5 43 54 86
pottedplant 0.4249 79 174 133 252
pottedplant 0.4152 239 157 262 194
pottedplant 0.3644 409 139 456 202
pottedplant 0.3594 293 230 482 358
pottedplant 0.3378 311 144 346 198
pottedplant 0.2875 47 225 89 282
pottedplant 0.1816 0 237 29 299
pottedplant 0.1616 27 52 52 88
pottedplant 0.1523 387 189 412 219
pottedplant 0.1295 0 268 49 332
pottedplant 0.1055 270 159 295 195
pottedplant 0.0804 179 215 458 357
pottedplant 0.0794 326 317 468 359
pottedplant 0.0759 69 150 202 253
pottedplant 0.0575 22 299 145 357
pottedplant 0.0572 103 142 205 203
pottedplant 0.0557 198 98 345 198
pottedplant 0.0413 0 241 10 291
pottedplant 0.0357 423 219 479 350
pottedplant 0.0342 187 289 442 357
pottedplant 0.0336 225 154 304 199
pottedplant 0.0323 95 312 182 360
pottedplant 0.0277 263 156 298 210
pottedplant 0.0244 0 75 26 243
pottedplant 0.0201 -3 246 58 352
pottedplant 0.0200 1 141 79 283
pottedplant 0.0173 0 342 46 359
pottedplant 0.0171 0 275 31 349
pottedplant 0.0154 400 132 441 193
pottedplant 0.0150 394 190 466 230
pottedplant 0.0150 66 61 140 250
pottedplant 0.0133 87 241 183 358
pottedplant 0.0129 1 311 86 359
pottedplant 0.0100 288 147 361 197
pottedplant 0.0097 360 249 474 365
pottedplant 0.0095 420 79 480 211
pottedplant 0.0090 2 338 81 359
pottedplant 0.0088 0 253 8 305
pottedplant 0.0082 400 126 469 219
pottedplant 0.0081 304 113 379 204
pottedplant 0.0079 133 310 178 361
pottedplant 0.0075 277 296 406 354
pottedplant 0.0073 273 163 292 178
pottedplant 0.0072 351 335 478 361
pottedplant 0.0069 263 45 354 164
pottedplant 0.0067 381 298 482 358
pottedplant 0.0066 425 138 473 206
pottedplant 0.0059 121 313 229 361
pottedplant 0.0053 5 41 24 80
pottedplant 0.0050 0 77 14 135
pottedplant 0.0050 45 273 280 358
pottedplant 0.0044 0 213 8 278
pottedplant 0.0044 455 215 479 352
pottedplant 0.0044 0 256 5 289
pottedplant 0.0044 415 174 437 203
pottedplant 0.0043 377 133 460 192
pottedplant 0.0042 -1 282 82 347
pottedplant 0.0040 22 227 224 358
pottedplant 0.0040 113 300 161 358
pottedplant 0.0040 272 113 430 197
pottedplant 0.0038 0 227 41 285
pottedplant 0.0037 407 194 432 227
pottedplant 0.0035 395 189 421 222
pottedplant 0.0034 0 203 25 286
pottedplant 0.0034 268 213 380 354
pottedplant 0.0031 0 68 17 166
pottedplant 0.0030 351 153 379 198
pottedplant 0.0030 5 281 54 317
pottedplant 0.0030 314 165 342 197
pottedplant 0.0030 228 112 476 362
pottedplant 0.0029 44 205 71 228
pottedplant 0.0028 368 137 412 201
pottedplant 0.0027 0 34 7 85
pottedplant 0.0026 0 59 5 86
pottedplant 0.0024 416 150 442 198
pottedplant 0.0024 20 42 44 79
pottedplant 0.0023 391 183 438 225
pottedplant 0.0023 15 39 77 255
pottedplant 0.0022 32 57 48 74
pottedplant 0.0022 0 267 7 334
pottedplant 0.0022 97 298 144 358
pottedplant 0.0021 54 75 66 93
pottedplant 0.0020 314 132 466 217
pottedplant 0.0020 52 226 82 265
pottedplant 0.0020 75 107 167 242
pottedplant 0.0019 11 55 30 76
pottedplant 0.0019 1 263 24 308
pottedplant 0.0019 326 255 434 364
pottedplant 0.0019 66 195 86 225
pottedplant 0.0018 0 269 4 303
pottedplant 0.0018 26 56 41 74
pottedplant 0.0017 262 157 287 197
pottedplant 0.0017 276 78 343 108
pottedplant 0.0016 105 339 247 361
pottedplant 0.0016 228 163 277 198
pottedplant 0.0016 27 92 65 227
pottedplant 0.0016 -14 25 121 283
pottedplant 0.0016 0 242 6 277
pottedplant 0.0016 457 131 480 240
pottedplant 0.0015 84 175 397 358
pottedplant 0.0015 204 114 300 231
pottedplant 0.0014 242 164 259 187
pottedplant 0.0014 372 299 420 355
pottedplant 0.0014 13 336 151 361
pottedplant 0.0013 243 157 325 208
pottedplant 0.0013 219 38 394 211
pottedplant 0.0013 433 268 479 357
pottedplant 0.0013 50 226 156 348
pottedplant 0.0013 332 75 355 109
pottedplant 0.0013 -6 13 66 110
pottedplant 0.0012 36 52 59 89
pottedplant 0.0012 46 230 75 274
pottedplant 0.0012 2 180 52 277
pottedplant 0.0012 0 43 5 75
pottedplant 0.0012 189 300 230 355
pottedplant 0.0012 375 257 420 339
pottedplant 0.0012 315 287 444 340
pottedplant 0.0012 0 296 8 347
pottedplant 0.0011 37 298 90 357
pottedplant 0.0011 -3 192 60 318
pottedplant 0.0011 109 158 160 243
pottedplant 0.0011 0 229 20 278
pottedplant 0.0011 269 110 347 205
pottedplant 0.0011 34 205 96 306
pottedplant 0.0011 392 183 480 332
pottedplant 0.0010 385 192 400 214
pottedplant 0.0010 226 153 265 189
pottedplant 0.0010 338 280 381 345
pottedplant 0.0010 234 197 341 344
