bird 0.9939 27 154 115 292
bird 0.9898 181 207 285 336
bird 0.9867 125 177 199 285
bird 0.1455 140 160 176 212
bird 0.1411 451 155 500 325
bird 0.0117 242 206 265 239
bird 0.0094 236 223 255 239
bird 0.0084 234 216 258 244
bird 0.0068 97 193 144 261
bird 0.0022 132 181 149 210
bird 0.0019 158 175 203 281
bird 0.0016 57 166 148 287
bird 0.0013 224 203 265 253
bird 0.0012 445 224 499 361
bird 0.0011 128 160 171 232
bird 0.0010 226 223 245 239
chair 0.0449 448 118 499 311
chair 0.0011 480 75 500 268
