bottle 0.7987 201 18 274 222
bottle 0.0161 83 57 206 221
bottle 0.0101 141 69 201 217
bottle 0.0067 316 42 354 475
bottle 0.0027 113 54 171 204
bottle 0.0019 338 83 353 435
bottle 0.0012 82 22 265 253
diningtable 0.0377 46 448 312 501
diningtable 0.0079 79 470 287 502
diningtable 0.0076 171 450 359 495
diningtable 0.0041 145 472 358 501
diningtable 0.0020 12 471 218 501
diningtable 0.0011 13 33 340 466
diningtable 0.0011 -1 444 195 506
person 0.2433 288 73 342 207
person 0.0094 31 330 93 452
person 0.0033 93 51 165 206
person 0.0020 284 71 335 143
person 0.0020 124 385 187 478
person 0.0012 35 327 88 392
