bottle 0.0015 381 139 390 155
chair 0.0040 126 245 238 282
person 0.9974 365 89 425 175
person 0.9564 379 164 424 281
person 0.8520 445 110 469 182
person 0.7833 419 130 454 249
person 0.2738 444 119 471 237
person 0.0183 360 88 401 161
person 0.0091 401 158 458 281
person 0.0086 416 133 443 172
person 0.0072 376 88 401 113
person 0.0055 385 148 438 256
person 0.0049 423 133 447 163
person 0.0019 390 98 425 188
person 0.0014 437 162 464 256
person 0.0013 443 111 469 143
person 0.0011 481 142 501 279
person 0.0010 396 161 471 217
pottedplant 0.0075 0 227 25 278
pottedplant 0.0023 0 226 16 266
pottedplant 0.0021 1 242 47 281
tvmonitor 0.8520 195 80 214 101
tvmonitor 0.8470 216 78 242 99
tvmonitor 0.1376 137 88 161 109
tvmonitor 0.1359 26 119 57 173
tvmonitor 0.0623 104 157 147 195
tvmonitor 0.0596 257 155 302 196
tvmonitor 0.0459 133 100 156 117
tvmonitor 0.0325 1 129 26 155
tvmonitor 0.0110 47 107 83 164
tvmonitor 0.0087 0 115 10 160
tvmonitor 0.0079 139 77 162 90
tvmonitor 0.0071 0 116 27 175
tvmonitor 0.0035 0 137 30 198
tvmonitor 0.0035 141 76 169 102
tvmonitor 0.0034 107 108 181 144
tvmonitor 0.0033 245 86 268 105
tvmonitor 0.0027 0 176 27 205
tvmonitor 0.0021 45 99 123 174
tvmonitor 0.0019 9 124 47 184
tvmonitor 0.0017 130 72 165 111
tvmonitor 0.0014 163 86 173 103
tvmonitor 0.0014 172 78 199 101
tvmonitor 0.0014 105 156 130 187
tvmonitor 0.0012 158 82 176 106
tvmonitor 0.0011 0 160 29 215
tvmonitor 0.0010 0 272 13 281
