bottle 0.0010 346 1 372 49
cat 0.9541 184 180 392 373
cat 0.0253 43 150 536 397
cat 0.0018 191 216 322 370
chair 0.0013 158 50 209 107
person 0.7794 14 42 481 388
person 0.0531 314 123 498 371
person 0.0146 31 173 393 373
person 0.0144 220 14 509 365
person 0.0070 364 25 508 353
person 0.0039 472 0 500 23
person 0.0027 454 -1 497 45
person 0.0019 472 0 500 9
person 0.0013 491 -1 500 23
person 0.0010 409 -1 452 46
person 0.0010 424 0 467 25
person 0.0010 402 118 499 360
person 0.0010 140 29 365 225
person 0.0010 12 119 254 373
pottedplant 0.0012 341 0 379 49
tvmonitor 0.0108 465 8 501 121
