chair 0.1026 212 145 330 265
chair 0.0394 240 218 336 502
chair 0.0166 0 162 40 273
chair 0.0129 209 160 244 209
chair 0.0030 202 116 336 467
chair 0.0024 207 153 264 248
chair 0.0024 249 179 327 261
chair 0.0022 -2 144 86 282
chair 0.0021 -1 376 90 503
chair 0.0019 143 145 295 266
chair 0.0011 319 366 333 500
chair 0.0010 240 375 336 500
diningtable 0.9822 7 235 316 489
diningtable 0.0159 0 47 332 453
diningtable 0.0035 32 264 296 408
diningtable 0.0021 2 -19 330 285
diningtable 0.0018 50 239 279 350
diningtable 0.0015 51 146 282 266
person 0.0015 0 228 127 509
