chair 0.0061 0 303 31 374
chair 0.0036 0 339 29 375
chair 0.0030 0 111 15 335
chair 0.0017 0 121 20 240
chair 0.0016 0 130 8 207
chair 0.0014 0 216 26 376
chair 0.0013 18 115 244 370
chair 0.0012 0 240 52 378
person 0.9937 0 65 174 370
person 0.9762 365 101 498 333
person 0.0329 367 108 505 225
person 0.0102 0 135 169 292
person 0.0070 442 94 499 408
person 0.0033 -65 55 266 379
person 0.0016 483 131 500 374
person 0.0016 478 109 499 278
person 0.0014 470 75 502 401
sofa 0.9510 80 134 504 369
sofa 0.0056 319 157 496 381
sofa 0.0010 0 328 98 375
