bottle 0.0057 39 80 48 96
bottle 0.0024 491 156 500 225
bottle 0.0014 112 89 174 266
bottle 0.0013 340 164 376 257
bottle 0.0012 478 161 499 219
bottle 0.0012 111 31 130 64
person 0.9949 18 89 106 381
person 0.9524 220 91 305 234
person 0.0765 241 87 346 245
person 0.0066 248 90 305 159
person 0.0055 480 118 499 243
person 0.0024 15 149 147 336
person 0.0021 184 89 337 280
person 0.0021 491 143 500 225
person 0.0019 482 122 500 354
person 0.0016 444 100 500 377
person 0.0013 220 102 262 226
person 0.0013 471 91 502 386
pottedplant 0.0229 372 283 500 374
pottedplant 0.0062 450 305 499 375
pottedplant 0.0059 482 270 500 379
pottedplant 0.0053 400 330 502 374
pottedplant 0.0043 431 351 501 374
pottedplant 0.0032 366 352 501 376
pottedplant 0.0019 436 251 500 370
pottedplant 0.0012 483 203 499 361
tvmonitor 0.0036 2 181 26 229
tvmonitor 0.0014 0 184 6 241
