aeroplane 0.0013 2 -56 414 78
bottle 0.0018 116 93 124 106
bottle 0.0010 114 103 123 117
chair 0.4469 358 192 388 234
chair 0.1480 432 244 498 280
chair 0.0836 398 236 438 276
chair 0.0187 383 243 486 281
chair 0.0107 337 245 448 281
chair 0.0053 427 262 486 281
chair 0.0052 458 276 494 281
chair 0.0043 432 274 496 281
chair 0.0036 337 191 384 233
chair 0.0035 261 224 468 279
chair 0.0033 370 261 496 283
chair 0.0032 471 228 501 281
chair 0.0029 367 192 417 251
chair 0.0027 450 265 498 281
chair 0.0025 486 274 500 280
chair 0.0025 188 141 206 165
chair 0.0021 472 254 500 281
chair 0.0020 405 241 457 282
chair 0.0018 227 266 406 281
chair 0.0017 490 265 500 282
chair 0.0017 329 204 353 225
chair 0.0016 364 219 508 281
chair 0.0015 311 264 476 281
chair 0.0014 435 204 501 282
chair 0.0012 385 192 431 252
chair 0.0011 384 227 412 251
chair 0.0011 402 264 473 280
chair 0.0011 280 276 440 281
chair 0.0011 223 275 381 281
chair 0.0010 490 242 499 282
chair 0.0010 461 274 503 281
diningtable 0.0999 36 221 472 280
pottedplant 0.0025 44 146 58 160
pottedplant 0.0015 41 144 61 165
tvmonitor 0.9742 86 141 169 189
tvmonitor 0.5084 196 136 210 148
tvmonitor 0.4090 81 154 273 243
tvmonitor 0.1466 222 136 236 147
tvmonitor 0.0911 70 159 88 180
tvmonitor 0.0557 43 133 62 145
tvmonitor 0.0293 232 147 329 224
tvmonitor 0.0166 240 132 255 144
tvmonitor 0.0153 220 128 238 148
tvmonitor 0.0097 191 141 205 154
tvmonitor 0.0063 245 129 257 145
tvmonitor 0.0061 -1 139 131 240
tvmonitor 0.0061 74 148 88 160
tvmonitor 0.0052 32 133 57 150
tvmonitor 0.0045 73 153 87 163
tvmonitor 0.0039 69 133 82 145
tvmonitor 0.0035 144 135 158 150
tvmonitor 0.0032 62 170 436 283
tvmonitor 0.0027 236 128 258 146
tvmonitor 0.0026 403 36 426 65
tvmonitor 0.0022 41 222 398 280
tvmonitor 0.0020 195 140 211 153
tvmonitor 0.0019 101 144 216 187
tvmonitor 0.0013 190 134 211 151
tvmonitor 0.0013 92 134 106 141
tvmonitor 0.0013 220 127 237 139
tvmonitor 0.0012 193 135 207 144
tvmonitor 0.0012 190 148 295 227
tvmonitor 0.0011 253 153 307 220
tvmonitor 0.0011 87 136 191 217
tvmonitor 0.0011 190 164 217 185
