bicycle 0.9915 170 230 323 362
bicycle 0.9848 74 233 161 307
bicycle 0.2819 0 250 18 344
bicycle 0.0576 233 213 335 357
bicycle 0.0560 0 238 15 309
bicycle 0.0157 0 251 9 316
bicycle 0.0105 195 230 229 257
bicycle 0.0054 99 221 140 302
bicycle 0.0016 2 238 26 321
bicycle 0.0011 -18 262 31 331
bicycle 0.0010 179 209 247 263
bicycle 0.0010 0 262 6 304
person 0.9855 221 159 327 346
person 0.8404 96 190 151 294
person 0.8373 201 199 247 256
person 0.7671 0 212 19 298
person 0.0287 3 217 22 268
person 0.0176 0 218 8 290
person 0.0154 206 201 245 234
person 0.0149 315 159 329 323
person 0.0018 299 173 330 307
person 0.0013 324 159 329 310
person 0.0012 -15 218 28 273
