bus 0.0027 -9 -3 355 378
car 0.0041 372 0 457 67
car 0.0015 371 0 508 87
person 0.9931 -1 -2 173 380
person 0.8492 308 57 390 326
person 0.2204 379 2 499 370
person 0.0827 231 68 256 112
person 0.0651 227 69 258 142
person 0.0418 234 68 321 292
person 0.0266 446 -15 499 402
person 0.0233 113 48 172 341
person 0.0167 471 -3 500 392
person 0.0116 139 48 229 344
person 0.0074 0 30 55 359
person 0.0073 369 0 391 32
person 0.0069 347 1 374 33
person 0.0063 299 0 375 44
person 0.0060 219 21 371 348
person 0.0046 0 55 13 333
person 0.0045 225 94 259 177
person 0.0043 230 118 256 146
person 0.0038 337 0 364 7
person 0.0036 269 103 396 263
person 0.0033 355 8 388 89
person 0.0033 377 0 403 7
person 0.0032 98 5 251 371
person 0.0032 483 7 500 353
person 0.0030 308 0 333 7
person 0.0027 226 68 251 98
person 0.0026 303 0 361 9
person 0.0025 332 0 379 72
person 0.0025 360 0 381 10
person 0.0023 359 0 381 32
person 0.0023 0 116 168 253
person 0.0022 310 140 371 334
person 0.0021 367 0 392 9
person 0.0021 361 0 400 24
person 0.0021 144 15 512 355
person 0.0020 224 119 258 210
person 0.0020 298 -2 379 104
person 0.0020 350 0 369 8
person 0.0018 268 5 616 368
person 0.0017 0 26 24 362
person 0.0014 157 0 246 41
person 0.0013 360 28 383 78
person 0.0012 313 0 348 7
person 0.0012 284 68 353 292
person 0.0011 325 0 359 6
person 0.0011 363 0 379 19
