chair 0.3604 293 273 454 373
chair 0.0098 305 179 494 372
chair 0.0039 0 268 95 374
chair 0.0019 0 244 56 370
chair 0.0016 351 280 510 373
chair 0.0014 306 330 441 375
chair 0.0012 444 80 500 367
chair 0.0010 484 95 500 322
person 0.9961 74 79 249 370
person 0.9948 289 35 500 381
person 0.0537 490 96 500 130
person 0.0117 0 162 17 371
person 0.0037 0 156 53 377
person 0.0028 299 147 494 276
person 0.0025 39 61 387 374
person 0.0023 0 184 6 312
person 0.0023 490 92 499 157
person 0.0016 64 139 235 296
person 0.0013 0 326 97 375
person 0.0010 0 269 17 376
pottedplant 0.0163 299 164 337 227
pottedplant 0.0038 296 157 338 283
pottedplant 0.0022 300 162 322 217
tvmonitor 0.0031 491 126 499 154
tvmonitor 0.0016 494 138 499 171
tvmonitor 0.0013 491 125 499 184
