person 0.9975 5 242 176 398
person 0.9958 377 18 492 191
person 0.9951 317 239 488 397
person 0.9748 156 38 240 194
person 0.9724 292 39 394 182
person 0.9702 104 51 173 195
person 0.9662 294 303 354 394
person 0.9577 160 267 220 335
person 0.9260 13 90 109 195
person 0.9229 143 272 303 401
person 0.7361 274 266 325 364
person 0.6934 226 258 283 345
person 0.6411 207 39 363 201
person 0.1544 274 263 366 346
person 0.0378 52 47 165 198
person 0.0162 250 255 411 369
person 0.0134 158 265 276 337
person 0.0081 236 265 322 398
person 0.0065 194 259 291 375
person 0.0034 91 49 251 185
person 0.0023 273 19 445 221
person 0.0017 -12 45 144 241
person 0.0017 121 265 446 415
person 0.0016 258 291 345 402
person 0.0014 195 39 382 310
person 0.0013 212 288 236 325
person 0.0012 11 14 486 282
person 0.0011 354 223 475 353
person 0.0011 440 336 495 399
pottedplant 0.0213 326 213 490 352
pottedplant 0.0132 352 216 476 285
pottedplant 0.0056 439 220 495 385
tvmonitor 0.0017 6 56 491 369
