bus 0.9739 57 85 460 330
bus 0.1411 36 141 68 250
bus 0.0271 35 138 95 274
bus 0.0098 47 125 127 265
bus 0.0060 1 115 21 246
bus 0.0055 24 181 40 228
bus 0.0052 0 185 22 224
bus 0.0035 0 170 11 226
bus 0.0020 14 147 43 241
bus 0.0016 31 174 100 240
bus 0.0015 0 190 6 221
bus 0.0015 63 147 105 243
bus 0.0011 17 164 84 228
bus 0.0011 80 158 349 269
car 0.0145 23 207 40 235
car 0.0105 0 213 10 227
car 0.0075 0 216 11 233
car 0.0028 6 216 19 236
car 0.0022 0 197 7 225
car 0.0016 13 210 35 241
car 0.0011 0 201 22 236
car 0.0011 4 212 19 228
person 0.6712 486 193 499 227
person 0.0164 478 196 485 218
person 0.0074 477 195 491 226
person 0.0040 475 197 483 224
person 0.0016 474 197 516 224
person 0.0014 491 207 499 229
