bus 0.9337 154 204 235 245
bus 0.0049 210 417 231 462
bus 0.0042 206 415 238 492
bus 0.0031 158 220 222 247
bus 0.0015 197 455 231 500
car 0.4356 77 294 112 318
car 0.1640 67 254 79 277
car 0.1150 167 243 196 264
car 0.0288 236 236 271 259
car 0.0070 109 236 125 246
car 0.0055 217 225 234 241
car 0.0025 199 456 234 499
car 0.0025 201 441 274 499
car 0.0018 157 220 210 246
car 0.0016 0 39 19 86
car 0.0013 62 252 89 279
car 0.0010 235 243 261 258
person 0.0082 187 234 194 251
person 0.0027 87 189 94 209
person 0.0024 91 420 100 439
tvmonitor 0.0013 0 34 50 254
