aeroplane 0.0011 277 0 328 21
car 0.9349 11 100 497 379
car 0.4325 274 91 388 126
car 0.1560 178 82 272 113
car 0.0692 0 62 45 117
car 0.0230 435 101 498 135
car 0.0055 470 103 499 138
car 0.0052 133 89 229 129
car 0.0046 5 65 83 114
car 0.0030 224 94 380 143
car 0.0023 0 77 31 116
car 0.0022 22 104 231 375
car 0.0017 23 69 80 97
car 0.0015 174 85 272 151
car 0.0011 0 59 48 92
car 0.0011 133 58 443 326
chair 0.3007 468 110 499 143
chair 0.0117 488 108 499 144
chair 0.0021 436 107 498 141
chair 0.0020 493 115 500 148
person 0.9984 12 35 200 380
person 0.0086 12 135 195 284
