bottle 0.9808 168 45 190 101
bottle 0.2103 190 54 210 100
bottle 0.0168 36 46 62 96
bottle 0.0050 164 50 194 121
bottle 0.0022 150 44 189 103
bottle 0.0021 192 64 207 93
bottle 0.0017 118 44 160 101
bottle 0.0016 195 74 209 100
bottle 0.0015 171 54 186 88
bottle 0.0010 147 45 164 97
chair 0.5942 322 211 498 435
chair 0.2048 136 115 234 209
chair 0.1626 0 145 64 274
chair 0.0705 397 183 499 409
chair 0.0550 312 338 499 433
chair 0.0375 301 94 344 154
chair 0.0138 0 281 52 438
chair 0.0106 0 259 28 431
chair 0.0106 228 93 323 167
chair 0.0105 441 135 499 390
chair 0.0102 -3 325 186 438
chair 0.0057 1 311 91 438
chair 0.0056 480 197 500 423
chair 0.0046 398 355 499 437
chair 0.0031 242 375 499 440
chair 0.0031 482 124 500 363
chair 0.0025 435 255 501 432
chair 0.0023 -4 152 129 277
chair 0.0020 468 177 502 445
chair 0.0018 -2 142 91 340
chair 0.0016 107 43 148 103
chair 0.0013 0 202 190 439
chair 0.0012 0 136 23 282
chair 0.0011 1 382 127 438
chair 0.0011 1 245 43 376
chair 0.0010 0 345 29 438
chair 0.0010 492 186 500 308
diningtable 0.9510 1 137 498 435
diningtable 0.0020 63 224 438 357
diningtable 0.0014 24 93 242 211
diningtable 0.0012 84 176 417 261
person 0.0132 451 80 496 143
person 0.0091 369 78 505 433
person 0.0044 481 96 499 290
person 0.0039 491 78 499 148
person 0.0016 407 99 498 356
person 0.0010 478 67 499 152
pottedplant 0.0028 37 12 132 132
pottedplant 0.0011 57 28 114 118
