bicycle 0.0310 446 302 468 314
bus 0.8358 142 267 187 299
bus 0.0039 142 274 154 294
car 0.9597 341 288 381 317
car 0.9539 308 290 357 325
car 0.9514 34 283 71 303
car 0.8488 188 285 212 301
car 0.5818 75 283 100 302
car 0.0583 144 281 179 302
car 0.0153 147 285 171 300
car 0.0053 494 310 500 334
car 0.0032 492 298 499 335
car 0.0026 1 280 28 304
car 0.0025 0 281 8 304
car 0.0019 341 280 383 304
car 0.0018 491 324 500 333
car 0.0016 342 274 359 281
car 0.0015 349 293 373 313
car 0.0013 169 285 181 300
car 0.0011 476 303 499 331
person 0.0871 256 279 266 303
person 0.0160 418 291 437 315
person 0.0061 102 283 113 301
person 0.0040 445 297 464 313
person 0.0036 0 285 8 307
person 0.0018 276 278 284 290
person 0.0013 271 277 280 291
person 0.0010 494 268 499 341
