boat 0.0171 0 260 338 331
boat 0.0028 -8 260 142 333
boat 0.0026 0 293 176 332
boat 0.0023 62 293 430 335
boat 0.0010 47 211 207 333
bottle 0.0016 204 231 226 247
car 0.0012 479 138 499 284
person 0.9972 167 138 260 335
person 0.9958 59 146 185 333
person 0.9911 287 166 348 330
person 0.9880 403 149 499 330
person 0.9801 231 144 291 334
person 0.9773 331 167 383 332
person 0.9746 364 165 421 329
person 0.0374 307 156 334 192
person 0.0267 303 153 339 240
person 0.0116 480 139 499 335
person 0.0100 277 157 456 329
person 0.0066 204 126 278 328
person 0.0053 201 153 381 331
person 0.0037 337 157 412 299
person 0.0031 301 150 365 304
person 0.0024 370 151 579 334
person 0.0014 268 142 335 311
person 0.0011 170 151 310 287
