cat 0.0528 177 146 220 190
cat 0.0312 170 110 272 244
cat 0.0295 175 139 233 229
cat 0.0051 176 145 205 168
cat 0.0012 173 141 245 340
chair 0.3851 -2 263 110 463
chair 0.3541 124 214 321 441
chair 0.0326 357 367 374 500
chair 0.0073 336 256 375 374
chair 0.0062 127 247 247 412
chair 0.0042 353 425 375 505
chair 0.0030 340 406 374 500
chair 0.0029 16 332 110 413
chair 0.0018 218 257 325 402
chair 0.0017 330 251 375 462
chair 0.0015 364 415 375 498
chair 0.0012 39 318 113 469
chair 0.0012 360 255 375 496
person 0.9871 150 111 293 444
person 0.0628 178 123 272 358
person 0.0063 72 96 368 468
person 0.0012 0 196 14 361
