bottle 0.9411 406 162 428 236
bottle 0.8627 333 152 363 237
bottle 0.2877 359 172 388 239
bottle 0.1282 341 165 361 227
bottle 0.0964 326 145 356 223
bottle 0.0179 326 159 342 222
bottle 0.0123 326 144 343 196
bottle 0.0044 382 159 414 235
bottle 0.0014 327 137 376 250
chair 0.0026 306 242 494 374
chair 0.0012 -19 132 364 366
diningtable 0.0049 232 228 497 374
diningtable 0.0026 44 290 458 377
diningtable 0.0021 -12 134 429 363
person 0.9978 8 -2 405 378
person 0.1237 353 48 421 191
person 0.0083 483 39 500 233
person 0.0062 369 45 395 80
person 0.0038 480 10 499 147
person 0.0024 304 94 357 184
person 0.0024 475 10 501 350
person 0.0017 485 80 500 337
person 0.0016 298 34 368 185
person 0.0013 443 26 499 363
person 0.0012 488 61 500 146
