bicycle 0.9776 0 1 170 127
bicycle 0.0021 -1 -1 96 107
bicycle 0.0018 122 329 376 376
bicycle 0.0011 122 297 452 373
bottle 0.0021 34 31 66 60
chair 0.0078 156 327 179 374
chair 0.0076 142 328 228 375
chair 0.0026 97 329 188 375
chair 0.0013 66 166 359 382
motorbike 0.0028 145 330 331 376
person 0.9958 81 62 360 362
person 0.0018 99 155 336 270
pottedplant 0.0404 178 65 218 118
pottedplant 0.0277 3 167 179 377
pottedplant 0.0245 0 188 63 376
pottedplant 0.0200 -1 277 47 374
pottedplant 0.0081 175 61 266 121
pottedplant 0.0077 0 324 49 374
pottedplant 0.0018 -5 60 128 376
pottedplant 0.0017 0 245 28 376
pottedplant 0.0017 1 120 85 358
