bus 0.0177 199 89 320 233
car 0.9229 416 189 500 238
car 0.8504 393 183 444 238
car 0.4963 392 229 498 330
car 0.4062 429 202 498 300
car 0.0387 477 214 499 315
car 0.0212 432 200 497 231
car 0.0121 493 189 500 242
car 0.0110 424 189 487 219
car 0.0082 492 200 500 268
car 0.0069 496 203 500 239
car 0.0068 451 229 498 320
car 0.0051 496 191 500 226
car 0.0038 378 180 510 260
car 0.0032 394 193 480 248
car 0.0031 496 182 500 209
car 0.0025 474 192 499 225
car 0.0021 491 222 499 311
car 0.0017 439 180 496 227
car 0.0012 492 173 499 220
car 0.0012 427 155 502 247
car 0.0011 495 215 500 253
car 0.0011 397 193 423 238
car 0.0011 424 193 449 238
car 0.0010 496 162 500 192
motorbike 0.0015 377 295 492 335
person 0.9861 387 237 489 333
person 0.1808 257 129 283 164
person 0.0098 244 119 280 177
person 0.0066 256 121 293 175
person 0.0013 370 218 509 363
person 0.0012 170 166 184 213
train 0.5819 181 75 332 251
train 0.0013 202 127 317 168
train 0.0012 13 48 485 283
