car 0.0042 401 173 436 193
car 0.0028 495 177 500 204
motorbike 0.9908 55 191 231 310
motorbike 0.9821 296 216 479 315
motorbike 0.0059 305 199 405 307
motorbike 0.0039 110 190 302 308
person 0.9986 246 179 295 332
person 0.9982 199 182 245 322
person 0.9274 71 161 92 219
person 0.9084 157 161 175 194
person 0.8330 55 162 73 218
person 0.7105 192 160 207 197
person 0.1436 87 163 108 201
person 0.0070 78 163 101 216
person 0.0065 90 164 105 187
person 0.0059 83 162 115 223
person 0.0055 186 211 256 293
person 0.0027 88 162 100 180
person 0.0023 313 174 322 188
person 0.0010 70 171 100 239
