bottle 0.9926 230 171 272 320
bottle 0.0017 2 -13 90 405
bottle 0.0012 223 209 279 290
chair 0.4328 315 177 495 372
chair 0.0147 88 223 199 372
chair 0.0135 -2 0 128 379
chair 0.0105 73 236 361 372
chair 0.0059 319 189 395 373
chair 0.0058 273 213 328 287
chair 0.0039 331 187 423 232
chair 0.0035 20 219 243 375
chair 0.0035 176 224 486 372
chair 0.0024 -25 -9 374 385
chair 0.0022 299 281 501 374
chair 0.0014 125 110 365 388
chair 0.0013 155 230 212 302
chair 0.0011 0 -8 94 225
diningtable 0.0385 88 281 396 378
person 0.0021 2 9 89 407
person 0.0013 363 14 510 361
person 0.0010 0 61 12 356
