cow 0.9932 197 58 251 85
cow 0.9685 112 163 284 293
cow 0.9621 51 80 105 108
cow 0.9097 28 140 130 214
cow 0.8849 172 109 241 175
cow 0.0193 233 59 255 84
cow 0.0074 202 61 232 84
cow 0.0063 10 87 167 273
cow 0.0021 45 86 87 110
cow 0.0020 195 61 221 84
cow 0.0020 171 130 198 169
cow 0.0014 167 115 207 175
person 0.9925 344 53 458 316
person 0.0104 482 49 500 189
person 0.0034 493 56 500 187
person 0.0028 484 76 499 274
person 0.0018 491 53 499 122
person 0.0013 496 81 500 121
person 0.0010 197 40 614 324
