cat 0.9831 182 104 424 321
cat 0.0146 223 126 416 260
cat 0.0082 131 74 517 351
cat 0.0075 190 185 407 302
cat 0.0012 202 110 386 211
cat 0.0011 175 172 463 376
chair 0.0808 209 20 447 299
chair 0.0058 19 -12 478 328
chair 0.0046 165 285 484 376
chair 0.0032 228 103 425 215
chair 0.0025 433 90 502 323
chair 0.0021 367 -3 513 318
diningtable 0.0045 169 231 477 378
diningtable 0.0025 62 289 445 375
pottedplant 0.0298 433 88 500 246
pottedplant 0.0024 477 96 499 209
pottedplant 0.0018 446 121 499 210
pottedplant 0.0013 481 105 500 281
