car 0.9948 38 72 402 251
car 0.0016 62 93 369 199
car 0.0013 53 140 373 237
person 0.9810 451 19 499 224
person 0.9684 75 29 122 114
person 0.9585 165 45 215 101
person 0.4233 353 59 390 112
person 0.3726 387 53 431 209
person 0.2508 390 59 427 133
person 0.0821 385 59 411 131
person 0.0430 425 48 455 117
person 0.0272 382 57 401 81
person 0.0198 473 2 499 214
person 0.0151 402 51 458 212
person 0.0118 428 48 450 73
person 0.0097 432 32 474 211
person 0.0072 381 58 400 101
person 0.0062 432 45 461 172
person 0.0056 355 61 382 90
person 0.0032 171 45 216 76
person 0.0028 133 74 160 108
person 0.0019 366 62 392 100
person 0.0018 356 69 399 173
person 0.0017 433 48 457 97
person 0.0017 481 53 500 240
person 0.0014 494 74 500 187
person 0.0014 27 57 64 110
person 0.0013 446 52 465 95
person 0.0012 451 29 492 136
person 0.0010 121 64 164 107
