boat 0.9686 159 -2 472 306
boat 0.4055 1 44 86 318
boat 0.0746 57 259 80 280
boat 0.0710 15 245 69 277
boat 0.0590 6 274 163 377
boat 0.0098 0 -38 52 315
boat 0.0097 0 234 29 296
boat 0.0077 23 101 101 288
boat 0.0070 494 259 500 282
boat 0.0069 1 239 59 291
boat 0.0065 40 246 81 280
boat 0.0051 62 254 78 274
boat 0.0047 492 227 500 283
boat 0.0043 0 173 22 304
boat 0.0034 36 245 65 271
boat 0.0031 5 165 172 381
boat 0.0030 1 273 29 295
boat 0.0027 0 363 13 375
boat 0.0024 52 269 79 281
boat 0.0023 1 255 66 280
boat 0.0019 382 223 482 280
boat 0.0017 128 13 303 299
boat 0.0017 -1 305 58 373
boat 0.0014 -4 30 32 327
boat 0.0014 -4 188 69 311
boat 0.0013 54 254 71 271
boat 0.0012 53 225 81 281
boat 0.0011 170 11 269 264
boat 0.0010 0 208 11 274
boat 0.0010 62 226 78 271
boat 0.0010 -2 253 36 287
boat 0.0010 0 241 61 375
boat 0.0010 46 149 83 267
person 0.8197 129 253 159 319
person 0.0115 133 254 158 288
person 0.0105 275 262 284 280
