bottle 0.0010 40 163 49 177
chair 0.0834 481 221 500 330
chair 0.0247 9 178 123 321
chair 0.0125 331 174 457 325
chair 0.0043 492 224 499 332
chair 0.0031 0 187 16 336
chair 0.0020 402 149 499 345
chair 0.0019 474 154 502 343
chair 0.0010 185 180 290 294
person 0.9988 48 149 153 305
person 0.9983 229 66 350 299
person 0.9970 142 77 209 194
person 0.9878 328 105 467 328
person 0.9775 107 150 207 297
person 0.0220 32 157 234 290
person 0.0210 39 164 86 231
person 0.0135 481 144 500 330
person 0.0078 29 163 109 288
person 0.0066 125 106 210 236
person 0.0049 56 149 112 219
person 0.0024 35 171 71 249
person 0.0014 0 159 15 315
person 0.0012 125 145 209 202
sofa 0.8580 0 171 284 314
sofa 0.6474 322 137 488 330
sofa 0.3285 19 172 162 313
sofa 0.0063 122 182 285 298
sofa 0.0046 402 137 499 333
sofa 0.0029 450 137 498 331
sofa 0.0019 -89 145 365 341
