bottle 0.0020 206 7 223 48
bottle 0.0010 208 11 219 32
motorbike 0.9874 65 59 437 314
motorbike 0.0216 438 94 500 270
person 0.9602 371 38 439 92
person 0.5082 27 49 98 216
person 0.4127 441 83 499 259
person 0.3493 70 63 111 127
person 0.2800 0 48 28 272
person 0.2594 469 57 500 108
person 0.2493 185 1 266 82
person 0.1551 6 41 94 298
person 0.1131 453 76 499 163
person 0.1032 112 70 132 92
person 0.0782 0 60 29 157
person 0.0270 1 55 44 215
person 0.0190 0 91 46 302
person 0.0138 73 66 94 90
person 0.0120 427 56 443 73
person 0.0103 0 64 24 106
person 0.0072 0 61 12 122
person 0.0070 98 67 119 93
person 0.0068 473 73 499 218
person 0.0068 341 77 358 108
person 0.0066 60 53 115 162
person 0.0061 0 98 8 199
person 0.0056 0 141 23 303
person 0.0044 0 63 15 96
person 0.0041 62 73 76 88
person 0.0040 392 37 438 74
person 0.0036 307 79 320 93
person 0.0031 414 63 497 205
person 0.0026 492 64 499 157
person 0.0022 488 54 500 92
person 0.0021 178 0 228 67
person 0.0019 416 43 443 75
person 0.0017 407 -1 498 39
person 0.0017 42 51 122 265
person 0.0016 363 63 370 74
person 0.0014 450 0 500 29
person 0.0014 425 137 444 161
person 0.0013 0 67 9 167
person 0.0013 73 66 106 105
person 0.0012 41 56 92 161
person 0.0011 59 67 80 91
person 0.0010 141 5 278 111
person 0.0010 394 118 437 173
