chair 0.0370 369 325 495 376
chair 0.0352 450 324 499 374
chair 0.0245 310 303 497 374
chair 0.0045 -1 238 58 379
chair 0.0044 442 267 500 376
chair 0.0031 415 224 496 366
chair 0.0019 479 237 499 381
chair 0.0018 206 294 451 373
chair 0.0015 290 334 459 375
chair 0.0014 -23 355 196 375
chair 0.0012 0 235 19 383
person 0.0143 483 154 500 350
person 0.0025 436 94 476 149
person 0.0025 485 174 500 250
sofa 0.9777 61 234 412 374
sofa 0.0044 144 280 429 374
tvmonitor 0.0061 484 193 499 370
tvmonitor 0.0019 491 228 500 341
tvmonitor 0.0011 417 218 494 348
