bottle 0.9952 334 224 375 343
bottle 0.9949 96 237 141 328
bottle 0.0545 82 322 171 374
bottle 0.0145 328 218 409 348
bottle 0.0055 322 253 389 330
chair 0.2877 427 125 500 199
chair 0.0442 440 245 499 372
chair 0.0150 410 246 448 369
chair 0.0141 431 127 481 168
chair 0.0056 344 95 437 151
chair 0.0052 389 96 436 150
chair 0.0051 361 102 508 215
chair 0.0040 434 83 501 335
chair 0.0035 433 323 499 375
chair 0.0034 408 199 499 368
chair 0.0025 478 217 500 373
chair 0.0015 492 107 500 201
chair 0.0014 484 147 500 358
chair 0.0013 414 123 499 268
chair 0.0012 477 109 500 195
diningtable 0.9040 -10 275 443 371
diningtable 0.0021 -36 238 458 418
person 0.9979 127 150 279 285
person 0.9961 135 27 278 223
person 0.9931 1 112 140 335
person 0.9901 266 131 453 354
person 0.6764 359 108 500 371
person 0.1673 302 167 406 336
person 0.1202 257 74 480 239
person 0.0733 272 62 351 237
person 0.0169 311 136 497 297
person 0.0130 0 137 16 367
person 0.0090 152 65 433 250
person 0.0032 0 179 95 353
person 0.0026 215 69 584 368
person 0.0024 440 80 500 367
person 0.0020 0 202 6 352
person 0.0017 5 122 256 310
person 0.0015 0 114 55 362
person 0.0013 270 148 363 300
person 0.0013 336 95 456 236
person 0.0012 484 123 500 354
person 0.0011 0 172 4 310
pottedplant 0.0159 476 58 497 82
pottedplant 0.0025 491 65 499 85
pottedplant 0.0016 492 73 499 89
pottedplant 0.0010 486 57 500 90
tvmonitor 0.0018 0 35 21 208
