bottle 0.0184 310 104 338 130
bottle 0.0026 320 106 337 126
car 0.8728 452 137 499 200
car 0.2063 217 137 274 167
car 0.0080 176 142 204 167
car 0.0070 259 139 284 172
car 0.0057 471 141 498 185
car 0.0034 179 136 269 174
car 0.0033 407 117 492 222
car 0.0030 386 128 468 191
car 0.0026 222 137 249 166
car 0.0025 458 138 498 163
car 0.0023 493 313 500 333
car 0.0021 492 140 500 196
car 0.0020 201 136 251 167
car 0.0019 402 142 500 198
car 0.0010 175 135 237 166
person 0.9948 152 115 179 197
person 0.9935 393 99 459 236
person 0.9826 321 114 400 260
person 0.9817 284 99 335 266
person 0.9739 88 126 138 210
person 0.6426 0 142 13 199
person 0.4018 35 139 73 183
person 0.0260 22 143 48 185
person 0.0111 300 97 372 255
person 0.0103 282 103 321 217
person 0.0096 0 129 14 238
person 0.0047 0 121 12 178
person 0.0034 13 149 37 188
person 0.0027 483 171 500 329
person 0.0023 334 126 378 245
person 0.0022 304 103 336 165
person 0.0017 30 139 56 178
person 0.0016 346 114 432 254
person 0.0015 0 152 9 221
person 0.0015 0 125 5 149
person 0.0011 0 124 6 139
person 0.0010 139 107 190 207
