car 0.0215 0 30 60 169
chair 0.7512 346 236 452 288
chair 0.7376 192 224 294 273
chair 0.3145 256 20 343 119
chair 0.2600 363 308 499 345
chair 0.2231 -3 266 193 346
chair 0.1342 25 254 408 346
chair 0.1187 278 310 433 344
chair 0.0982 94 215 169 255
chair 0.0579 -1 253 46 347
chair 0.0515 302 273 501 344
chair 0.0126 1 305 208 345
chair 0.0122 0 253 94 347
chair 0.0096 311 234 491 326
chair 0.0074 207 323 427 344
chair 0.0068 -4 218 272 344
chair 0.0056 75 325 289 345
chair 0.0053 294 31 343 112
chair 0.0051 0 241 28 333
chair 0.0045 398 283 499 345
chair 0.0041 178 300 483 345
chair 0.0038 195 227 290 316
chair 0.0030 144 225 504 342
chair 0.0022 292 326 410 344
chair 0.0020 109 310 293 345
chair 0.0020 328 314 412 344
chair 0.0017 192 309 365 345
chair 0.0015 280 236 434 282
chair 0.0013 -16 290 151 351
chair 0.0012 257 17 304 104
chair 0.0011 174 338 335 345
diningtable 0.8762 -12 244 514 349
diningtable 0.0178 -1 146 501 358
diningtable 0.0039 73 223 427 292
diningtable 0.0022 19 300 483 346
diningtable 0.0018 -5 204 502 463
pottedplant 0.0011 0 32 48 113
tvmonitor 0.0316 0 38 61 182
