sheep 0.9976 294 135 330 185
sheep 0.9948 392 131 433 194
sheep 0.9898 359 133 393 192
sheep 0.9817 103 136 152 187
sheep 0.9699 135 137 204 191
sheep 0.9552 338 134 366 178
sheep 0.9358 80 165 119 198
sheep 0.3314 215 109 237 132
sheep 0.2076 341 130 376 189
sheep 0.1029 131 132 182 159
sheep 0.0712 337 135 413 189
sheep 0.0687 236 110 258 132
sheep 0.0255 379 130 403 165
sheep 0.0109 323 131 390 177
sheep 0.0040 125 119 211 208
sheep 0.0037 375 128 414 183
sheep 0.0025 337 134 353 177
sheep 0.0021 85 172 113 192
sheep 0.0016 356 131 433 180
sheep 0.0016 380 115 442 210
sheep 0.0015 92 115 159 212
sheep 0.0013 384 133 469 192
sheep 0.0012 157 148 209 189
sheep 0.0011 127 131 154 151
sheep 0.0011 116 128 163 181
sheep 0.0010 95 161 122 192
sheep 0.0010 153 1 575 319
sheep 0.0010 280 119 452 198
