bottle 0.0018 24 92 41 143
car 0.0049 28 0 99 51
motorbike 0.9448 107 10 412 375
motorbike 0.2131 36 5 74 65
motorbike 0.0146 250 21 299 75
motorbike 0.0050 47 27 75 61
motorbike 0.0021 0 72 17 287
motorbike 0.0021 11 1 85 51
motorbike 0.0014 0 47 55 370
motorbike 0.0010 -2 44 23 374
motorbike 0.0010 189 15 286 80
motorbike 0.0010 241 6 313 70
person 0.9974 91 1 168 192
person 0.9967 67 -3 105 103
person 0.9805 390 2 499 377
person 0.9547 0 2 44 215
person 0.9343 156 2 204 79
person 0.8365 385 0 434 73
person 0.2211 208 0 258 65
person 0.0969 0 -10 24 198
person 0.0789 259 0 291 38
person 0.0771 182 0 204 32
person 0.0686 295 0 326 78
person 0.0352 7 0 47 98
person 0.0259 169 0 187 7
person 0.0139 11 0 35 23
person 0.0126 150 0 170 9
person 0.0118 149 0 213 215
person 0.0117 382 105 505 268
person 0.0116 155 0 179 7
person 0.0111 -1 30 30 271
person 0.0104 0 0 23 101
person 0.0100 421 42 469 80
person 0.0094 137 0 160 10
person 0.0093 253 3 299 71
person 0.0079 207 0 228 7
person 0.0077 178 0 197 8
person 0.0077 421 11 481 83
person 0.0074 195 0 219 33
person 0.0072 445 -1 499 73
person 0.0066 193 6 254 86
person 0.0059 79 0 121 98
person 0.0058 181 0 198 22
person 0.0057 88 0 113 21
person 0.0049 10 0 47 49
person 0.0046 13 0 34 11
person 0.0044 46 10 124 90
person 0.0043 115 0 144 8
person 0.0043 293 0 317 23
person 0.0042 87 -1 164 104
person 0.0041 147 0 171 21
person 0.0040 154 0 198 23
person 0.0038 106 0 134 8
person 0.0037 297 2 322 45
person 0.0035 267 9 619 367
person 0.0034 35 44 52 92
person 0.0034 185 0 205 9
person 0.0033 127 0 169 18
person 0.0032 153 0 182 33
person 0.0032 154 2 248 71
person 0.0031 231 1 258 50
person 0.0030 125 0 154 9
person 0.0028 413 3 494 123
person 0.0027 100 0 122 9
person 0.0027 467 29 480 47
person 0.0025 199 0 253 37
person 0.0023 256 0 273 8
person 0.0023 0 44 5 191
person 0.0021 89 0 113 10
person 0.0021 105 0 153 10
person 0.0020 244 0 264 8
person 0.0019 247 1 260 19
person 0.0019 8 -5 74 221
person 0.0018 0 0 13 10
person 0.0017 244 2 262 34
person 0.0017 252 0 278 37
person 0.0017 71 -2 95 50
person 0.0017 3 0 25 10
person 0.0016 94 0 145 19
person 0.0015 57 1 215 201
person 0.0015 195 0 218 8
person 0.0015 0 13 7 151
person 0.0015 187 0 227 24
person 0.0015 309 0 357 73
person 0.0015 168 0 187 18
person 0.0014 468 -1 500 48
person 0.0013 381 0 478 74
person 0.0012 286 17 319 105
person 0.0011 153 0 200 10
person 0.0011 263 0 285 9
person 0.0011 284 0 318 50
person 0.0011 0 1 27 34
person 0.0010 18 0 41 35
