bus 0.9662 287 268 500 356
bus 0.3830 220 286 285 310
bus 0.2375 0 263 24 305
bus 0.0159 0 267 12 314
bus 0.0061 0 176 21 327
bus 0.0058 1 279 23 314
bus 0.0019 211 296 259 316
bus 0.0015 4 264 39 321
bus 0.0013 11 201 88 332
bus 0.0013 2 267 22 286
bus 0.0011 209 303 258 324
bus 0.0010 0 273 7 309
bus 0.0010 -5 152 28 348
car 0.9987 122 295 203 331
car 0.9960 224 305 285 335
car 0.0871 206 295 287 331
car 0.0142 239 306 270 335
car 0.0035 0 282 8 314
car 0.0026 200 303 255 335
car 0.0014 114 259 210 362
car 0.0011 144 295 174 330
person 0.8793 80 294 97 330
person 0.5218 101 293 117 330
person 0.0029 91 294 114 330
person 0.0017 72 295 109 330
