aeroplane 0.9817 0 -21 325 453
aeroplane 0.0868 -3 0 47 12
aeroplane 0.0176 42 0 100 11
aeroplane 0.0116 -1 0 18 10
aeroplane 0.0111 7 0 73 13
aeroplane 0.0051 0 183 16 337
aeroplane 0.0032 -2 -4 122 274
aeroplane 0.0024 42 -10 285 58
aeroplane 0.0023 0 114 17 251
aeroplane 0.0022 -3 -11 329 208
aeroplane 0.0018 74 0 95 6
aeroplane 0.0016 0 254 30 343
aeroplane 0.0016 21 0 47 10
aeroplane 0.0015 0 102 32 140
aeroplane 0.0014 -4 46 88 375
aeroplane 0.0014 0 93 30 196
aeroplane 0.0014 -4 95 88 253
aeroplane 0.0013 8 0 35 10
aeroplane 0.0013 90 0 140 15
aeroplane 0.0013 71 0 123 12
aeroplane 0.0013 0 267 16 320
aeroplane 0.0012 1 149 35 366
aeroplane 0.0011 185 7 197 17
aeroplane 0.0011 155 1 203 21
car 0.0053 0 322 8 336
car 0.0028 0 317 7 331
car 0.0013 0 322 16 337
person 0.3855 299 466 325 498
person 0.0758 243 455 275 496
person 0.0062 229 451 287 498
person 0.0057 307 78 318 103
person 0.0028 294 485 329 500
person 0.0023 304 470 320 495
person 0.0020 321 77 326 108
person 0.0015 229 466 336 502
person 0.0012 320 467 327 500
person 0.0012 258 451 332 498
person 0.0012 301 490 322 500
