aeroplane 0.9616 423 139 445 159
aeroplane 0.9176 443 177 466 196
aeroplane 0.8805 438 218 461 237
aeroplane 0.8797 424 235 448 253
aeroplane 0.8647 476 197 494 215
aeroplane 0.8632 432 157 454 176
aeroplane 0.7490 457 198 476 216
aeroplane 0.7248 433 198 455 215
aeroplane 0.6241 412 254 434 274
aeroplane 0.3522 466 194 502 218
aeroplane 0.2376 447 196 486 219
aeroplane 0.0098 430 198 464 221
aeroplane 0.0044 464 199 488 214
aeroplane 0.0034 490 194 499 216
aeroplane 0.0026 492 200 500 223
aeroplane 0.0022 186 369 303 375
aeroplane 0.0020 449 199 467 213
aeroplane 0.0010 -7 355 179 377
aeroplane 0.0010 13 331 328 381
aeroplane 0.0010 485 192 499 219
person 0.0013 236 272 282 343
