boat 0.1084 204 2 352 37
boat 0.0086 224 0 305 25
boat 0.0053 165 -5 413 41
boat 0.0018 213 0 379 25
boat 0.0013 200 15 357 44
bottle 0.0017 182 362 210 375
chair 0.0151 5 198 123 366
chair 0.0063 404 116 497 217
diningtable 0.0015 441 192 501 341
person 0.9887 290 95 456 375
person 0.9161 15 102 240 377
person 0.5659 191 67 283 325
person 0.0983 161 64 347 319
person 0.0207 482 118 500 242
person 0.0094 156 94 575 383
person 0.0061 480 157 499 317
person 0.0048 309 160 470 325
person 0.0025 488 159 499 249
person 0.0024 8 161 193 330
person 0.0016 487 124 499 213
person 0.0016 477 66 499 209
person 0.0015 0 70 14 318
pottedplant 0.0012 0 1 19 185
sofa 0.8439 177 74 475 357
sofa 0.8040 14 101 246 352
sofa 0.0554 -3 100 432 386
sofa 0.0300 3 163 129 379
sofa 0.0053 300 85 493 298
sofa 0.0038 403 120 500 266
sofa 0.0021 100 67 326 316
sofa 0.0010 366 105 502 218
tvmonitor 0.0293 -7 0 95 11
