bus 0.0083 311 293 350 334
car 0.9988 65 301 147 357
car 0.9949 -1 292 59 376
car 0.9822 275 311 325 349
car 0.9810 165 296 262 375
car 0.4815 138 306 179 338
car 0.2559 58 292 101 336
car 0.2347 35 301 64 335
car 0.1229 315 317 349 335
car 0.0245 256 316 275 334
car 0.0079 312 289 353 333
car 0.0042 300 309 348 335
car 0.0039 136 308 160 323
car 0.0035 35 297 106 343
car 0.0030 137 311 163 340
car 0.0026 2 280 53 347
car 0.0023 246 314 279 336
car 0.0018 20 293 64 357
car 0.0014 235 309 275 335
car 0.0014 142 306 173 324
car 0.0013 -30 150 451 507
car 0.0013 419 320 436 336
car 0.0012 136 233 286 427
car 0.0011 4 295 60 333
person 0.0017 0 291 6 379
