boat 0.3021 118 113 160 171
boat 0.0347 118 146 163 168
car 0.9897 132 418 264 497
car 0.9179 39 455 87 478
car 0.3123 28 454 60 476
car 0.0177 259 444 265 469
car 0.0130 10 453 86 482
car 0.0121 86 471 188 500
car 0.0120 252 443 266 490
car 0.0050 22 452 84 469
car 0.0041 65 459 90 477
car 0.0035 27 454 124 486
car 0.0035 23 441 90 476
car 0.0034 248 443 266 470
car 0.0030 257 437 265 477
car 0.0029 252 427 265 468
car 0.0028 261 447 266 483
car 0.0025 259 448 265 500
car 0.0025 89 487 170 500
car 0.0022 63 433 246 509
car 0.0020 42 472 152 502
car 0.0017 239 455 265 496
car 0.0016 72 424 122 472
car 0.0013 262 429 266 467
car 0.0012 54 461 91 482
car 0.0011 262 467 266 501
