car 0.9961 -5 113 365 359
car 0.8406 390 109 464 147
car 0.0277 370 116 395 141
car 0.0130 386 112 434 143
car 0.0116 430 105 511 163
car 0.0113 396 128 458 147
car 0.0070 431 126 505 179
car 0.0057 388 114 410 141
car 0.0024 -8 101 140 210
car 0.0020 127 130 151 164
car 0.0018 125 130 171 165
car 0.0016 422 114 449 148
car 0.0014 487 189 500 249
car 0.0013 416 113 471 140
car 0.0011 395 117 420 144
chair 0.0091 414 137 456 193
chair 0.0014 431 136 475 195
motorbike 0.0021 486 182 500 242
motorbike 0.0018 484 156 500 259
person 0.9986 300 104 347 188
person 0.9986 252 106 296 176
person 0.9929 339 92 373 238
person 0.9915 240 71 277 172
person 0.9894 446 142 492 225
person 0.9657 0 133 56 197
person 0.9489 455 86 489 156
person 0.8979 168 148 206 172
person 0.8706 276 74 303 110
person 0.7965 297 71 348 143
person 0.6224 145 153 170 184
person 0.6069 478 82 500 162
person 0.3505 148 153 164 172
person 0.1240 229 164 246 174
person 0.1237 305 95 363 230
person 0.0796 477 136 499 228
person 0.0702 482 96 501 204
person 0.0536 142 150 163 176
person 0.0487 269 73 303 144
person 0.0483 241 72 277 120
person 0.0368 177 151 198 170
person 0.0363 0 130 52 261
person 0.0328 489 108 500 186
person 0.0316 0 139 32 215
person 0.0298 449 114 495 189
person 0.0243 489 150 500 230
person 0.0147 491 135 499 202
person 0.0140 487 77 500 132
person 0.0096 144 147 190 174
person 0.0088 444 141 488 181
person 0.0061 225 85 298 160
person 0.0058 495 150 500 187
person 0.0054 2 96 55 181
person 0.0046 0 134 28 280
person 0.0045 3 125 81 184
person 0.0039 435 141 501 195
person 0.0039 8 135 58 172
person 0.0038 144 139 169 173
person 0.0035 495 76 500 104
person 0.0029 476 81 499 115
person 0.0028 0 111 32 362
person 0.0023 423 151 451 186
person 0.0020 494 136 500 173
person 0.0019 475 139 500 183
person 0.0019 140 157 177 191
person 0.0018 439 89 499 209
person 0.0017 464 155 488 212
person 0.0015 491 65 500 114
person 0.0015 280 78 300 102
person 0.0014 242 100 264 166
person 0.0014 478 121 499 173
person 0.0012 494 121 500 159
person 0.0012 495 60 500 92
person 0.0012 495 161 499 205
person 0.0012 3 158 44 311
person 0.0011 172 146 201 186
person 0.0011 239 108 257 173
person 0.0010 318 124 390 207
person 0.0010 13 98 116 202
pottedplant 0.0101 467 254 500 367
