bicycle 0.0018 -5 295 271 376
car 0.2651 6 1 493 256
car 0.0351 29 5 480 142
cow 0.0023 0 0 54 269
dog 0.0065 0 0 52 70
horse 0.0106 0 -1 51 101
motorbike 0.3361 -6 239 505 370
motorbike 0.2670 9 48 488 368
motorbike 0.0060 13 288 408 376
motorbike 0.0010 28 328 467 377
person 0.9673 18 -7 416 381
person 0.0333 0 0 58 129
person 0.0042 1 22 90 366
person 0.0040 -1 0 50 34
person 0.0028 0 -5 55 247
person 0.0016 -1 -1 27 362
person 0.0016 0 7 24 177
person 0.0013 181 144 386 230
train 0.0014 -2 -1 435 261
