cow 0.9828 243 168 376 328
cow 0.9820 26 148 159 327
cow 0.7340 139 110 280 217
cow 0.5640 1 143 98 267
cow 0.2759 188 158 221 232
cow 0.1177 120 131 187 230
cow 0.0828 343 118 374 206
cow 0.0545 0 157 18 324
cow 0.0488 141 143 218 230
cow 0.0207 352 104 374 296
cow 0.0193 0 224 34 332
cow 0.0073 61 140 188 295
cow 0.0068 360 121 375 358
cow 0.0065 121 118 182 173
cow 0.0057 170 150 242 225
cow 0.0055 0 221 20 372
cow 0.0053 0 158 6 235
cow 0.0052 76 111 105 129
cow 0.0047 334 115 374 327
cow 0.0030 17 157 110 237
cow 0.0029 126 80 295 265
cow 0.0028 161 153 201 235
cow 0.0026 104 131 217 272
cow 0.0025 -1 158 40 326
cow 0.0022 52 111 68 129
cow 0.0019 368 189 374 282
cow 0.0018 0 227 38 446
cow 0.0017 0 268 35 316
cow 0.0017 125 118 265 175
cow 0.0014 305 100 375 268
cow 0.0014 0 205 7 324
cow 0.0014 -12 141 112 349
cow 0.0013 339 51 375 156
cow 0.0011 272 -12 386 357
cow 0.0011 121 114 158 142
cow 0.0011 0 148 4 302
