sheep 0.9875 162 112 411 389
sheep 0.9726 0 62 42 127
sheep 0.9174 405 66 467 94
sheep 0.7943 1 81 28 169
sheep 0.6531 121 49 191 98
sheep 0.3068 0 44 34 66
sheep 0.1624 137 93 351 285
sheep 0.1372 359 50 384 69
sheep 0.1249 469 51 497 69
sheep 0.1208 428 51 447 69
sheep 0.1109 469 84 498 109
sheep 0.0769 118 57 140 83
sheep 0.0750 406 53 432 69
sheep 0.0317 0 42 9 64
sheep 0.0299 0 97 16 167
sheep 0.0277 306 48 336 68
sheep 0.0171 106 50 121 72
sheep 0.0147 186 198 400 349
sheep 0.0119 89 54 112 79
sheep 0.0109 409 51 446 70
sheep 0.0093 276 50 297 68
sheep 0.0091 0 79 26 129
sheep 0.0085 91 65 113 80
sheep 0.0085 113 57 541 378
sheep 0.0078 108 52 127 81
sheep 0.0072 120 52 153 84
sheep 0.0052 202 64 227 84
sheep 0.0051 30 47 55 70
sheep 0.0049 493 49 500 71
sheep 0.0039 78 52 99 68
sheep 0.0039 0 39 7 57
sheep 0.0033 -22 74 51 136
sheep 0.0031 7 46 56 71
sheep 0.0030 53 51 70 69
sheep 0.0029 78 54 102 79
sheep 0.0019 -9 62 33 182
sheep 0.0018 373 51 426 69
sheep 0.0017 -27 94 48 154
sheep 0.0016 0 48 7 69
sheep 0.0015 187 61 203 74
sheep 0.0015 117 22 195 111
sheep 0.0015 489 77 500 115
sheep 0.0015 91 51 110 69
sheep 0.0014 1 36 46 92
sheep 0.0013 227 167 499 380
sheep 0.0013 248 71 301 91
sheep 0.0013 243 52 282 72
sheep 0.0013 126 52 153 66
sheep 0.0011 0 89 19 239
sheep 0.0011 202 160 313 371
sheep 0.0010 118 45 236 88
sheep 0.0010 471 64 501 124
