car 0.9918 4 52 489 367
car 0.0070 372 35 459 89
car 0.0045 475 49 500 223
car 0.0042 390 37 449 68
car 0.0033 0 158 8 237
car 0.0017 445 55 500 244
car 0.0012 0 95 18 265
car 0.0011 355 30 434 67
car 0.0010 86 0 116 4
person 0.9777 445 38 475 122
person 0.9759 57 20 103 81
person 0.9557 106 28 142 80
person 0.9504 471 19 500 143
person 0.9203 0 15 21 85
person 0.9137 23 34 64 82
person 0.8196 129 28 167 78
person 0.5868 369 27 402 62
person 0.2690 197 39 222 58
person 0.1297 359 35 372 56
person 0.1191 322 40 338 54
person 0.1171 415 61 444 101
person 0.0973 417 46 449 114
person 0.0855 161 33 190 64
person 0.0377 424 37 446 69
person 0.0340 345 34 360 55
person 0.0306 0 26 17 188
person 0.0301 11 29 83 81
person 0.0287 27 32 56 65
person 0.0155 420 40 441 79
person 0.0091 99 32 125 77
person 0.0060 0 41 16 90
person 0.0047 0 15 16 50
person 0.0047 473 26 498 79
person 0.0036 0 35 8 144
person 0.0033 156 29 198 73
person 0.0026 443 40 472 84
person 0.0023 113 27 141 55
person 0.0022 401 38 451 69
person 0.0021 287 24 314 54
person 0.0020 22 13 112 70
person 0.0015 393 61 440 125
person 0.0015 332 33 369 56
person 0.0014 47 30 91 86
person 0.0013 67 27 93 78
person 0.0012 428 37 444 59
person 0.0011 137 35 180 84
person 0.0010 277 33 327 56
person 0.0010 0 14 13 36
person 0.0010 171 32 200 63
person 0.0010 0 29 12 119
person 0.0010 406 67 452 109
tvmonitor 0.0093 -1 274 137 379
tvmonitor 0.0010 7 285 262 378
