bottle 0.1387 403 61 464 194
bottle 0.0656 336 1 357 53
bottle 0.0025 474 35 499 125
bottle 0.0016 353 14 372 51
bottle 0.0015 14 0 122 41
bottle 0.0014 0 2 52 97
cat 0.9767 12 3 312 244
cat 0.0204 -18 6 361 381
cat 0.0018 19 37 270 177
cat 0.0012 132 -2 360 214
chair 0.0086 -1 245 132 384
chair 0.0014 -9 117 134 390
diningtable 0.0734 5 20 495 367
diningtable 0.0016 115 152 388 236
diningtable 0.0011 70 132 432 370
person 0.0139 408 -1 499 104
person 0.0015 446 0 498 75
pottedplant 0.0054 73 1 177 39
pottedplant 0.0035 31 0 142 39
pottedplant 0.0015 90 0 149 18
pottedplant 0.0010 53 0 109 37
