chair 0.9544 95 114 333 376
chair 0.0244 203 87 363 393
chair 0.0059 115 175 308 316
chair 0.0045 106 127 219 346
chair 0.0015 362 329 465 375
chair 0.0011 403 329 497 375
chair 0.0010 -2 57 130 378
person 0.9957 192 55 357 329
person 0.0213 314 104 325 120
person 0.0199 85 47 407 384
person 0.0020 311 102 329 136
person 0.0013 189 76 296 285
person 0.0012 309 102 321 118
person 0.0011 170 144 341 283
person 0.0010 273 78 361 370
tvmonitor 0.0059 248 66 349 175
tvmonitor 0.0051 296 72 347 167
tvmonitor 0.0051 5 44 176 159
