bottle 0.9341 1 207 13 249
bottle 0.8625 76 201 92 250
bottle 0.7664 101 197 119 245
bottle 0.0140 71 199 104 247
bottle 0.0062 91 197 113 246
bottle 0.0021 104 205 117 235
bottle 0.0015 108 196 126 245
bottle 0.0015 0 205 10 273
bottle 0.0013 79 196 96 233
diningtable 0.2831 -5 238 180 268
diningtable 0.2617 -9 246 504 369
diningtable 0.0021 10 208 177 275
diningtable 0.0014 50 246 173 267
person 0.9988 303 90 397 182
person 0.9972 155 44 391 276
person 0.9751 95 166 168 252
person 0.9621 14 169 94 248
person 0.9602 416 89 501 176
person 0.0280 0 165 132 260
person 0.0235 8 171 55 248
person 0.0118 17 185 46 225
person 0.0044 91 171 130 252
person 0.0030 143 163 371 271
person 0.0022 41 65 459 295
person 0.0020 53 168 203 259
person 0.0020 247 40 418 224
person 0.0014 321 85 489 180
person 0.0013 0 163 7 231
