bottle 0.0021 445 182 464 229
chair 0.0072 355 329 471 374
chair 0.0027 366 286 500 373
chair 0.0014 317 240 499 375
person 0.9842 108 110 377 367
person 0.8975 3 118 129 367
person 0.0339 10 121 253 366
person 0.0075 92 168 200 338
person 0.0039 224 110 420 378
person 0.0035 0 123 16 352
person 0.0022 471 17 503 373
person 0.0018 209 237 360 374
person 0.0017 0 113 55 363
person 0.0016 483 50 500 340
person 0.0013 442 21 501 368
person 0.0011 133 144 355 291
person 0.0011 -1 103 25 401
sofa 0.0156 443 239 500 377
sofa 0.0147 13 141 413 398
