bicycle 0.0077 374 64 501 324
bicycle 0.0016 439 55 499 339
chair 0.0112 70 155 197 231
chair 0.0028 84 54 170 164
motorbike 0.0087 10 145 489 333
motorbike 0.0010 86 218 411 322
person 0.9647 184 113 389 311
person 0.0476 185 112 301 279
person 0.0113 17 106 485 326
person 0.0030 0 86 14 283
person 0.0022 220 78 501 312
person 0.0016 0 109 4 241
person 0.0014 483 57 500 288
person 0.0013 0 292 93 332
person 0.0012 202 135 431 249
person 0.0012 77 96 349 293
person 0.0012 172 123 333 216
person 0.0010 470 28 502 342
