chair 0.0059 1 106 50 400
chair 0.0043 -2 138 30 394
chair 0.0036 372 155 451 202
chair 0.0033 16 121 79 385
diningtable 0.0011 365 167 511 378
person 0.9966 194 123 407 375
person 0.9945 25 101 311 382
person 0.9719 291 126 445 253
person 0.1492 0 45 31 315
person 0.0204 306 119 484 316
person 0.0155 92 110 488 385
person 0.0072 258 161 463 377
person 0.0064 264 127 286 154
person 0.0061 0 96 19 349
person 0.0023 34 130 133 374
person 0.0023 0 10 17 205
person 0.0021 12 79 188 364
person 0.0020 294 129 414 348
person 0.0016 0 8 48 267
person 0.0014 283 131 305 162
person 0.0011 53 151 275 284
sofa 0.6209 13 168 409 371
sofa 0.0013 148 211 434 379
