car 0.9944 80 19 177 49
car 0.9890 0 67 501 368
car 0.9255 1 21 106 132
car 0.8568 368 28 491 91
car 0.4189 446 32 499 92
car 0.1865 64 16 115 38
car 0.0863 471 36 499 72
car 0.0481 160 24 197 42
car 0.0273 43 17 81 37
car 0.0271 46 17 130 48
car 0.0264 346 26 390 51
car 0.0188 486 40 499 93
car 0.0165 48 18 96 44
car 0.0134 -9 -22 125 170
car 0.0085 299 29 339 48
car 0.0069 0 13 99 59
car 0.0066 8 23 111 75
car 0.0061 0 9 4 41
car 0.0039 475 32 498 117
car 0.0039 169 21 220 43
car 0.0037 76 17 107 44
car 0.0027 478 59 499 91
car 0.0027 298 31 321 45
car 0.0026 495 28 500 52
car 0.0023 224 25 266 50
car 0.0022 0 46 97 227
car 0.0021 401 28 461 92
car 0.0019 158 26 182 39
car 0.0018 366 27 390 64
car 0.0018 489 62 499 89
car 0.0016 357 25 441 79
car 0.0015 53 25 109 49
car 0.0013 467 32 500 51
car 0.0013 0 2 17 127
car 0.0013 0 3 6 61
car 0.0013 0 33 18 182
car 0.0012 -7 31 136 282
car 0.0012 489 32 499 77
car 0.0012 1 -26 96 102
car 0.0012 429 31 480 92
car 0.0011 53 10 164 44
car 0.0011 359 24 396 45
car 0.0011 318 26 391 71
car 0.0011 401 97 500 234
car 0.0010 452 33 522 76
car 0.0010 22 5 114 43
person 0.0022 0 -1 6 94
