car 0.9811 234 -1 402 44
car 0.2907 433 0 500 42
car 0.0228 435 0 480 32
car 0.0124 408 0 504 69
car 0.0084 398 0 464 41
car 0.0021 319 0 428 47
car 0.0011 466 -3 501 74
car 0.0011 422 0 471 23
car 0.0011 299 -9 501 54
car 0.0011 238 0 280 43
car 0.0011 461 0 501 34
motorbike 0.9919 48 62 455 264
motorbike 0.8432 443 -1 498 134
motorbike 0.6326 196 22 375 123
motorbike 0.1582 340 0 418 99
motorbike 0.0773 328 3 485 88
motorbike 0.0692 195 21 457 178
motorbike 0.0607 124 40 382 144
motorbike 0.0233 273 11 465 125
motorbike 0.0160 308 5 491 192
motorbike 0.0158 363 11 502 123
motorbike 0.0097 91 74 405 180
motorbike 0.0052 116 122 444 245
motorbike 0.0036 203 31 315 100
motorbike 0.0035 266 68 460 187
motorbike 0.0034 75 98 362 217
motorbike 0.0023 376 0 419 11
motorbike 0.0018 63 77 278 173
motorbike 0.0018 42 35 303 225
motorbike 0.0017 360 2 460 67
motorbike 0.0015 387 1 411 15
motorbike 0.0015 53 -8 375 157
motorbike 0.0014 469 11 500 144
motorbike 0.0013 385 0 429 18
motorbike 0.0013 213 97 445 216
motorbike 0.0012 203 2 382 83
motorbike 0.0012 385 15 482 82
person 0.7400 0 0 13 52
person 0.3318 405 -1 445 43
person 0.0383 -1 -4 22 55
person 0.0235 410 0 440 25
person 0.0175 209 0 225 8
person 0.0147 387 0 411 10
person 0.0072 238 0 254 10
person 0.0052 215 0 234 7
person 0.0052 210 0 225 18
person 0.0035 404 0 430 10
person 0.0033 397 0 419 10
person 0.0029 0 24 12 67
person 0.0026 394 -3 439 70
person 0.0025 0 0 8 10
person 0.0018 407 0 429 18
person 0.0017 225 0 247 7
person 0.0017 0 33 9 58
person 0.0012 401 0 452 12
person 0.0011 193 0 222 6
person 0.0010 413 0 441 9
