bottle 0.0109 6 111 86 274
bottle 0.0035 0 209 4 347
bottle 0.0028 0 128 13 387
bottle 0.0019 0 176 6 315
chair 0.5667 0 6 141 145
chair 0.0262 404 0 499 151
chair 0.0077 407 -1 498 80
chair 0.0030 -6 1 183 225
chair 0.0020 -3 0 133 49
diningtable 0.9639 2 63 499 431
diningtable 0.0019 25 50 479 253
diningtable 0.0013 113 21 387 136
person 0.9107 235 0 394 80
person 0.0433 399 -4 500 218
person 0.0320 309 0 392 75
person 0.0176 441 -18 500 332
person 0.0161 375 0 452 50
person 0.0101 76 1 267 96
person 0.0076 115 4 392 88
person 0.0042 139 0 228 80
person 0.0040 385 -1 438 79
person 0.0028 373 -2 503 105
person 0.0024 313 0 502 296
person 0.0022 330 0 419 56
person 0.0022 391 0 422 45
person 0.0012 230 0 330 57
person 0.0011 472 -28 501 377
person 0.0010 484 22 500 327
person 0.0010 233 11 411 135
