car 0.0039 76 159 122 171
cow 0.9878 48 169 100 238
cow 0.9069 119 163 197 237
cow 0.8252 194 166 238 233
cow 0.7327 302 170 337 232
cow 0.2947 222 170 251 231
cow 0.0328 166 162 204 229
cow 0.0046 112 167 145 236
cow 0.0020 284 176 349 228
horse 0.9697 341 128 419 258
horse 0.0050 366 153 416 252
horse 0.0020 342 133 371 200
horse 0.0018 347 169 426 237
horse 0.0016 341 131 374 251
horse 0.0010 341 137 415 195
person 0.8913 351 98 410 204
person 0.0020 365 97 409 164
person 0.0018 241 244 281 311
