car 0.9908 2 105 70 180
car 0.9790 57 123 335 298
car 0.9684 302 109 427 192
car 0.8884 181 106 273 141
car 0.0134 0 81 6 101
car 0.0045 0 72 25 101
car 0.0040 0 72 10 101
car 0.0022 181 118 252 144
car 0.0020 291 69 439 212
car 0.0014 0 86 5 109
car 0.0012 178 114 270 170
car 0.0011 -46 100 86 182
person 0.3320 20 36 47 102
person 0.0681 292 65 310 92
person 0.0340 269 65 290 92
person 0.0139 22 38 45 70
person 0.0032 320 67 341 104
person 0.0018 313 79 330 105
person 0.0016 314 60 348 108
person 0.0013 314 79 324 95
person 0.0010 263 66 295 125
