bus 0.0404 -1 230 205 376
bus 0.0051 330 262 388 294
bus 0.0020 0 244 27 345
bus 0.0011 2 243 44 319
car 0.9688 311 275 374 317
car 0.8881 247 280 311 322
car 0.8646 215 285 248 333
car 0.5226 442 264 500 334
car 0.0642 315 264 388 309
car 0.0406 385 280 397 300
car 0.0351 399 277 419 295
car 0.0211 308 281 331 313
car 0.0167 388 278 406 296
car 0.0084 326 278 357 317
car 0.0045 490 299 499 370
car 0.0040 446 262 502 292
car 0.0031 322 265 383 290
car 0.0030 492 267 499 344
car 0.0029 282 282 309 319
car 0.0028 350 262 391 305
car 0.0025 477 262 498 355
car 0.0020 -1 276 202 376
car 0.0016 408 277 424 294
car 0.0016 306 286 322 309
car 0.0016 335 276 365 311
car 0.0015 419 277 434 292
car 0.0014 434 284 501 359
car 0.0013 239 248 317 345
car 0.0012 366 272 389 310
car 0.0010 0 252 25 365
