bottle 0.0183 104 156 115 176
bottle 0.0083 377 121 387 140
bottle 0.0068 390 117 404 142
bottle 0.0061 382 119 392 139
bottle 0.0058 392 117 403 132
bottle 0.0041 374 127 385 141
bottle 0.0036 155 123 164 139
bottle 0.0011 363 122 375 138
bottle 0.0010 402 121 412 140
chair 0.9975 65 191 158 303
chair 0.9964 398 137 478 233
chair 0.9959 191 159 274 293
chair 0.9929 345 139 400 230
chair 0.9807 281 136 345 218
chair 0.9280 2 188 84 302
chair 0.0501 -1 140 72 280
chair 0.0400 263 125 292 199
chair 0.0108 263 126 285 168
chair 0.0036 80 164 209 281
chair 0.0032 274 129 317 202
chair 0.0031 264 144 286 189
chair 0.0029 449 125 486 200
chair 0.0020 0 170 21 301
chair 0.0016 0 169 5 260
chair 0.0016 182 193 272 253
chair 0.0013 477 229 500 315
chair 0.0010 271 150 290 196
diningtable 0.8314 50 150 211 262
diningtable 0.1171 322 131 403 225
diningtable 0.0705 321 124 425 175
diningtable 0.0450 139 127 220 170
diningtable 0.0257 294 119 438 200
diningtable 0.0065 34 172 177 294
diningtable 0.0031 48 147 284 305
diningtable 0.0015 346 122 402 180
diningtable 0.0012 341 131 470 227
diningtable 0.0011 80 138 251 232
diningtable 0.0010 275 108 452 252
person 0.9958 2 127 88 248
person 0.9957 109 117 149 164
person 0.9942 55 128 101 180
person 0.9928 392 99 462 204
person 0.9787 297 105 349 194
person 0.9761 165 105 191 129
person 0.9746 180 122 257 253
person 0.9072 358 97 398 132
person 0.9019 327 96 355 135
person 0.8669 202 105 226 127
person 0.8552 401 96 431 131
person 0.7703 231 105 274 173
person 0.7428 125 106 148 141
person 0.5871 455 103 482 141
person 0.4110 140 104 163 134
person 0.1284 273 100 307 147
person 0.1261 433 100 458 127
person 0.1039 281 100 307 123
person 0.0440 449 89 489 146
person 0.0308 396 97 439 151
person 0.0204 452 99 487 176
person 0.0189 456 98 478 127
person 0.0181 296 106 341 151
person 0.0141 204 108 277 193
person 0.0134 192 120 250 179
person 0.0134 126 105 139 120
person 0.0128 123 116 151 155
person 0.0087 144 108 159 127
person 0.0085 48 119 70 152
person 0.0082 126 102 146 125
person 0.0081 48 120 116 165
person 0.0072 391 103 445 173
person 0.0067 238 107 265 151
person 0.0065 201 108 218 125
person 0.0061 406 96 449 137
person 0.0060 413 97 436 128
person 0.0052 8 120 16 136
person 0.0052 -3 86 122 282
person 0.0044 92 124 159 169
person 0.0041 157 119 275 296
person 0.0038 439 53 501 174
person 0.0038 101 118 144 143
person 0.0031 353 97 374 126
person 0.0030 430 100 467 153
person 0.0030 0 119 66 214
person 0.0029 287 100 311 134
person 0.0028 337 113 443 212
person 0.0022 310 102 334 134
person 0.0021 48 127 95 219
person 0.0020 183 123 227 176
person 0.0019 0 113 4 207
person 0.0019 237 120 283 201
person 0.0016 437 103 455 122
person 0.0014 125 113 139 133
person 0.0013 129 111 144 135
person 0.0013 262 106 302 172
person 0.0013 234 106 258 131
person 0.0012 203 104 243 123
person 0.0012 55 125 146 174
person 0.0012 149 113 280 201
person 0.0012 494 95 499 189
person 0.0011 1 169 91 225
person 0.0011 148 105 162 122
person 0.0011 407 102 426 121
person 0.0010 357 97 370 114
person 0.0010 304 97 366 135
person 0.0010 329 99 368 148
person 0.0010 169 105 223 129
person 0.0010 196 109 237 134
person 0.0010 0 123 20 227
person 0.0010 138 107 176 144
person 0.0010 174 108 192 126
pottedplant 0.8423 440 39 496 140
pottedplant 0.0135 128 82 152 116
pottedplant 0.0039 126 69 161 118
pottedplant 0.0010 131 97 144 114
