bottle 0.0015 420 151 429 176
car 0.0032 487 117 499 133
car 0.0021 0 118 9 130
car 0.0018 477 119 499 132
car 0.0011 0 111 10 127
chair 0.9911 23 174 76 232
chair 0.7576 77 197 119 251
chair 0.1101 452 207 498 296
chair 0.0213 183 188 218 263
chair 0.0108 487 219 500 291
chair 0.0103 478 198 499 305
chair 0.0073 13 162 85 251
chair 0.0059 259 194 299 257
chair 0.0030 399 212 435 294
chair 0.0022 94 198 120 244
chair 0.0018 28 180 57 228
chair 0.0015 490 187 500 281
chair 0.0015 217 187 254 258
person 0.9977 259 44 422 371
person 0.9940 103 78 198 336
person 0.0075 259 132 420 291
person 0.0044 201 44 526 377
person 0.0015 -38 60 389 362
person 0.0012 482 123 500 298
tvmonitor 0.0027 451 74 499 174
